F2F type13 el=(0,1) i=4 j=2
  vol0: (60,1100,3.04217) (-60,1100,3.04217) (-60,1100,123.042) (60,1100,123.042) (60,1100,3.04217) 
  vol1: (60,900,3.04217) (-60,900,3.04217) (-60,900,123.042) (60,900,123.042) (60,900,3.04217) 
  rect_local: (0,1100,123.042) (0,900,123.042) (0,900,3.04217) (0,1100,3.04217) 
  offset_vec: (60,0,0)
F2F type13 el=(2,3) i=4 j=2
  vol0: (60,700,2.58379) (-60,700,2.58379) (-60,700,123.042) (60,700,123.042) (60,700,2.58379) 
  vol1: (60,500,2.58379) (-60,500,2.58379) (-60,500,123.042) (60,500,123.042) (60,500,2.58379) 
  rect_local: (-2.33492e-21,700,123.042) (-2.33492e-21,500,123.042) (5.68434e-13,500,2.58379) (5.68434e-13,700,2.58379) 
  offset_vec: (60,-0,2.83136e-13)
F2F type13 el=(4,5) i=4 j=2
  vol0: (60,300,1.19097) (-60,300,1.19097) (-60,300,123.042) (60,300,123.042) (60,300,1.19097) 
  vol1: (60,100,1.19097) (-60,100,1.19097) (-60,100,123.042) (60,100,123.042) (60,100,1.19097) 
  rect_local: (1.13687e-13,300,123.042) (1.13687e-13,100,123.042) (2.27374e-13,100,1.19097) (2.27374e-13,300,1.19097) 
  offset_vec: (60,-0,5.59798e-14)
F2F type13 el=(6,7) i=4 j=2
  vol0: (60,-100,-1.19097) (-60,-100,-1.19097) (-60,-100,123.042) (60,-100,123.042) (60,-100,-1.19097) 
  vol1: (60,-300,-1.19097) (-60,-300,-1.19097) (-60,-300,123.042) (60,-300,123.042) (60,-300,-1.19097) 
  rect_local: (0,-100,123.042) (0,-300,123.042) (0,-300,-1.19097) (0,-100,-1.19097) 
  offset_vec: (60,0,0)
F2F type13 el=(8,9) i=4 j=2
  vol0: (60,-500,-4.65917) (-60,-500,-4.65917) (-60,-500,123.042) (60,-500,123.042) (60,-500,-4.65917) 
  vol1: (60,-700,-4.65917) (-60,-700,-4.65917) (-60,-700,123.042) (60,-700,123.042) (60,-700,-4.65917) 
  rect_local: (0,-500,123.042) (0,-700,123.042) (0,-700,-4.65917) (0,-500,-4.65917) 
  offset_vec: (60,0,0)
F2F type13 el=(10,11) i=4 j=2
  vol0: (60,-900,-9.36318) (-60,-900,-9.36318) (-60,-900,123.042) (60,-900,123.042) (60,-900,-9.36318) 
  vol1: (60,-1100,-9.36318) (-60,-1100,-9.36318) (-60,-1100,123.042) (60,-1100,123.042) (60,-1100,-9.36318) 
  rect_local: (4.73102e-22,-900,123.042) (4.73102e-22,-1100,123.042) (2.27374e-13,-1100,-9.36318) (2.27374e-13,-900,-9.36318) 
  offset_vec: (60,-0,1.03035e-13)
F2F type13 el=(0,1) i=4 j=2
  vol0: (851.491,-942.979,288.007) (634.154,-1064.89,267.958) (628.419,-1095.46,516.016) (845.755,-973.548,536.064) (851.491,-942.979,288.007) 
  vol1: (1130.38,-1431.32,234.275) (913.043,-1553.23,214.227) (907.308,-1583.8,462.284) (1124.64,-1461.89,482.333) (1130.38,-1431.32,234.275) 
  rect_local: (737.087,-1034.5,526.04) (1015.98,-1522.84,472.309) (1021.71,-1492.27,224.251) (742.822,-1003.94,277.982) 
  offset_vec: (108.668,60.9571,10.0244)
F2F type13 el=(0,2) i=3 j=7
  vol0: (-1002.4,-1228.64,209.94) (-951.889,-1471.79,181.144) (-957.625,-1502.36,429.202) (-1008.13,-1259.21,457.998) (-1002.4,-1228.64,209.94) 
  vol1: (725.908,-879.456,292.931) (776.416,-1122.6,264.135) (770.681,-1153.17,512.193) (720.173,-910.025,540.989) (725.908,-879.456,292.931) 
  rect_local: (-982.878,-1380.78,443.6) (745.427,-1031.6,526.591) (751.162,-1001.03,278.533) (-977.143,-1350.21,195.542) 
  offset_vec: (-25.2538,121.573,14.3979)
F2F type13 el=(1,2) i=3 j=6
  vol0: (638.355,-938.476,292.236) (824.035,-1103.38,263.414) (853.377,-1113.69,511.472) (667.696,-948.794,540.293) (638.355,-938.476,292.236) 
  vol1: (1805.54,390.255,209.444) (1991.22,225.354,180.622) (2020.56,215.036,428.68) (1834.88,379.937,457.502) (1805.54,390.255,209.444) 
  rect_local: (760.536,-1031.24,525.883) (1927.72,297.487,443.091) (1898.38,307.804,195.033) (731.195,-1020.93,277.825) 
  offset_vec: (-92.84,82.4503,14.4108)
F2F type13 el=(2,4) i=4 j=5
  vol0: (-391.281,1018.06,222.228) (-341.06,773.157,222.228) (-341.06,773.157,472.228) (-391.281,1018.06,472.228) (-391.281,1018.06,222.228) 
  vol1: (1337.95,1372.66,222.228) (1388.17,1127.76,222.228) (1388.17,1127.76,472.228) (1337.95,1372.66,472.228) (1337.95,1372.66,222.228) 
  rect_local: (-366.171,895.609,472.228) (1363.06,1250.21,472.228) (1363.06,1250.21,222.228) (-366.171,895.609,222.228) 
  offset_vec: (-25.1104,122.452,-1.33638e-07)
F2F type13 el=(2,3) i=3 j=5
  vol0: (-1624.84,-338.639,222.228) (-1437.56,-504.252,222.228) (-1437.56,-504.252,472.228) (-1624.84,-338.639,472.228) (-1624.84,-338.639,222.228) 
  vol1: (-451.959,987.657,222.228) (-264.683,822.044,222.228) (-264.683,822.044,472.228) (-451.959,987.657,472.228) (-451.959,987.657,222.228) 
  rect_local: (-1531.2,-421.446,472.228) (-358.321,904.85,472.228) (-358.321,904.85,222.228) (-1531.2,-421.446,222.228) 
  offset_vec: (-93.638,82.8066,-1.46815e-07)
F2F type13 el=(3,4) i=4 j=2
  vol0: (-529.607,1452.12,235.111) (-745.035,1326.9,214.838) (-774.282,1337.18,462.097) (-558.854,1462.4,482.37) (-529.607,1452.12,235.111) 
  vol1: (-250.708,963.667,288.416) (-466.136,838.448,268.143) (-495.382,848.732,515.402) (-279.954,973.951,535.675) (-250.708,963.667,288.416) 
  rect_local: (-666.568,1399.79,472.233) (-387.668,911.341,525.539) (-358.422,901.057,278.28) (-637.321,1389.51,224.974) 
  offset_vec: (107.714,62.6095,10.1366)
