2 21 21
2 29 29
2 29 29
2 29 29
2 29 29
2 29 29
2 29 29
2 29 29
2 29 29
2 21 21
2 29 29
2 37 37
2 37 37
2 37 37
2 37 37
2 37 37
2 37 37
2 37 37
2 37 37
2 29 29
2 29 29
2 37 37
2 37 37
2 37 37
2 37 37
2 37 37
2 37 37
2 37 37
2 37 37
2 29 29
2 29 29
2 37 37
2 37 37
2 37 37
2 37 37
2 37 37
2 37 37
2 37 37
2 37 37
2 29 29
2 29 29
2 37 37
2 37 37
2 37 37
2 37 37
2 37 37
2 37 37
2 37 37
2 37 37
2 29 29
2 29 29
2 37 37
2 37 37
2 37 37
2 37 37
2 37 37
2 37 37
2 37 37
2 37 37
2 29 29
2 29 29
2 37 37
2 37 37
2 37 37
2 37 37
2 37 37
2 37 37
2 37 37
2 37 37
2 29 29
2 29 29
2 37 37
2 37 37
2 37 37
2 37 37
2 37 37
2 37 37
2 37 37
2 37 37
2 29 29
2 29 29
2 37 37
2 37 37
2 37 37
2 37 37
2 37 37
2 37 37
2 37 37
2 37 37
2 29 29
2 29 29
2 37 37
2 37 37
2 37 37
2 37 37
2 37 37
2 37 37
2 37 37
2 37 37
2 29 29
2 21 21
2 29 29
2 29 29
2 29 29
2 29 29
2 29 29
2 29 29
2 29 29
2 29 29
2 21 21
