element 0
  poly 0: -151.424 414.503 103.266 -151.424 414.503 123.266 -107.238 414.503 123.266 -107.238 414.503 103.266 -151.424 414.503 103.266
  poly 1: -151.424 434.503 103.266 -151.424 434.503 123.266 -107.238 434.503 123.266 -107.238 434.503 103.266 -151.424 434.503 103.266
  poly 2: 107.238 414.503 103.266 107.238 414.503 123.266 151.424 414.503 123.266 151.424 414.503 103.266 107.238 414.503 103.266
  poly 3: 107.238 434.503 103.266 107.238 434.503 123.266 151.424 434.503 123.266 151.424 434.503 103.266 107.238 434.503 103.266
  poly 4: 123.266 414.503 -22.0929 103.266 414.503 -22.0929 103.266 414.503 22.0929 123.266 414.503 22.0929 123.266 414.503 -22.0929
  poly 5: 123.266 434.503 -22.0929 103.266 434.503 -22.0929 103.266 434.503 22.0929 123.266 434.503 22.0929 123.266 434.503 -22.0929
  poly 6: -103.266 414.503 -22.0929 -123.266 414.503 -22.0929 -123.266 414.503 22.0929 -103.266 414.503 22.0929 -103.266 414.503 -22.0929
  poly 7: -103.266 434.503 -22.0929 -123.266 434.503 -22.0929 -123.266 434.503 22.0929 -103.266 434.503 22.0929 -103.266 434.503 -22.0929
  poly 8: 151.424 414.503 -103.266 151.424 414.503 -123.266 107.238 414.503 -123.266 107.238 414.503 -103.266 151.424 414.503 -103.266
  poly 9: 151.424 434.503 -103.266 151.424 434.503 -123.266 107.238 434.503 -123.266 107.238 434.503 -103.266 151.424 434.503 -103.266
  poly 10: -107.238 414.503 -103.266 -107.238 414.503 -123.266 -151.424 414.503 -123.266 -151.424 414.503 -103.266 -107.238 414.503 -103.266
  poly 11: -107.238 434.503 -103.266 -107.238 434.503 -123.266 -151.424 434.503 -123.266 -151.424 434.503 -103.266 -107.238 434.503 -103.266
  poly 12: -258.662 414.503 -196.046 258.662 414.503 -196.046 258.662 414.503 196.046 -258.662 414.503 196.046 -258.662 414.503 -196.046
  poly 13: -258.662 434.503 -196.046 258.662 434.503 -196.046 258.662 434.503 196.046 -258.662 434.503 196.046 -258.662 434.503 -196.046
element 1
  poly 0: 123.266 298.428 103.266 103.266 298.428 103.266 103.266 254.243 103.266 123.266 254.243 103.266 123.266 298.428 103.266
  poly 1: 123.266 298.428 123.266 103.266 298.428 123.266 103.266 254.243 123.266 123.266 254.243 123.266 123.266 298.428 123.266
  poly 2: 123.266 22.0929 103.266 103.266 22.0929 103.266 103.266 -22.0929 103.266 123.266 -22.0929 103.266 123.266 22.0929 103.266
  poly 3: 123.266 22.0929 123.266 103.266 22.0929 123.266 103.266 -22.0929 123.266 123.266 -22.0929 123.266 123.266 22.0929 123.266
  poly 4: 123.266 -254.243 103.266 103.266 -254.243 103.266 103.266 -298.428 103.266 123.266 -298.428 103.266 123.266 -254.243 103.266
  poly 5: 123.266 -254.243 123.266 103.266 -254.243 123.266 103.266 -298.428 123.266 123.266 -298.428 123.266 123.266 -254.243 123.266
  poly 6: -103.266 298.428 103.266 -123.266 298.428 103.266 -123.266 254.243 103.266 -103.266 254.243 103.266 -103.266 298.428 103.266
  poly 7: -103.266 298.428 123.266 -123.266 298.428 123.266 -123.266 254.243 123.266 -103.266 254.243 123.266 -103.266 298.428 123.266
  poly 8: -103.266 22.0929 103.266 -123.266 22.0929 103.266 -123.266 -22.0929 103.266 -103.266 -22.0929 103.266 -103.266 22.0929 103.266
  poly 9: -103.266 22.0929 123.266 -123.266 22.0929 123.266 -123.266 -22.0929 123.266 -103.266 -22.0929 123.266 -103.266 22.0929 123.266
  poly 10: -103.266 -254.243 103.266 -123.266 -254.243 103.266 -123.266 -298.428 103.266 -103.266 -298.428 103.266 -103.266 -254.243 103.266
  poly 11: -103.266 -254.243 123.266 -123.266 -254.243 123.266 -123.266 -298.428 123.266 -103.266 -298.428 123.266 -103.266 -254.243 123.266
  poly 12: -258.662 414.503 103.266 -161.889 414.503 103.266 -161.889 356.364 103.266 -151.424 356.364 103.266 -151.424 424.038 103.266 -146.191 424.038 103.266 -146.191 434.503 103.266 -153.168 434.503 103.266 -153.168 436.581 103.266 -150.261 444.719 103.266 -134.563 444.719 103.266 -134.563 356.364 103.266 -124.098 356.364 103.266 -124.098 444.719 103.266 -108.401 444.719 103.266 -105.494 436.581 103.266 -105.494 434.503 103.266 -112.471 434.503 103.266 -112.471 424.038 103.266 -107.238 424.038 103.266 -107.238 356.364 103.266 -96.773 356.364 103.266 -96.773 414.503 103.266 96.773 414.503 103.266 96.773 356.364 103.266 107.238 356.364 103.266 107.238 424.038 103.266 112.471 424.038 103.266 112.471 434.503 103.266 105.494 434.503 103.266 105.494 436.581 103.266 108.401 444.719 103.266 124.098 444.719 103.266 124.098 356.364 103.266 134.563 356.364 103.266 134.563 444.719 103.266 150.261 444.719 103.266 153.168 436.581 103.266 153.168 434.503 103.266 146.191 434.503 103.266 146.191 424.038 103.266 151.424 424.038 103.266 151.424 356.364 103.266 161.889 356.364 103.266 161.889 414.503 103.266 258.662 414.503 103.266 258.662 -414.503 103.266 161.889 -414.503 103.266 161.889 -356.364 103.266 151.424 -356.364 103.266 151.424 -424.038 103.266 146.191 -424.038 103.266 146.191 -434.503 103.266 153.168 -434.503 103.266 153.168 -436.581 103.266 150.261 -444.719 103.266 134.563 -444.719 103.266 134.563 -356.364 103.266 124.098 -356.364 103.266 124.098 -444.719 103.266 108.401 -444.719 103.266 105.494 -436.581 103.266 105.494 -434.503 103.266 112.471 -434.503 103.266 112.471 -424.038 103.266 107.238 -424.038 103.266 107.238 -356.364 103.266 96.773 -356.364 103.266 96.773 -414.503 103.266 -96.773 -414.503 103.266 -96.773 -356.364 103.266 -107.238 -356.364 103.266 -107.238 -424.038 103.266 -112.471 -424.038 103.266 -112.471 -434.503 103.266 -105.494 -434.503 103.266 -105.494 -436.581 103.266 -108.401 -444.719 103.266 -124.098 -444.719 103.266 -124.098 -356.364 103.266 -134.563 -356.364 103.266 -134.563 -444.719 103.266 -150.261 -444.719 103.266 -153.168 -436.581 103.266 -153.168 -434.503 103.266 -146.191 -434.503 103.266 -146.191 -424.038 103.266 -151.424 -424.038 103.266 -151.424 -356.364 103.266 -161.889 -356.364 103.266 -161.889 -414.503 103.266 -258.662 -414.503 103.266 -258.662 414.503 103.266
  poly 13: -258.662 414.503 123.266 -161.889 414.503 123.266 -161.889 356.364 123.266 -151.424 356.364 123.266 -151.424 424.038 123.266 -146.191 424.038 123.266 -146.191 434.503 123.266 -153.168 434.503 123.266 -153.168 436.581 123.266 -150.261 444.719 123.266 -134.563 444.719 123.266 -134.563 356.364 123.266 -124.098 356.364 123.266 -124.098 444.719 123.266 -108.401 444.719 123.266 -105.494 436.581 123.266 -105.494 434.503 123.266 -112.471 434.503 123.266 -112.471 424.038 123.266 -107.238 424.038 123.266 -107.238 356.364 123.266 -96.773 356.364 123.266 -96.773 414.503 123.266 96.773 414.503 123.266 96.773 356.364 123.266 107.238 356.364 123.266 107.238 424.038 123.266 112.471 424.038 123.266 112.471 434.503 123.266 105.494 434.503 123.266 105.494 436.581 123.266 108.401 444.719 123.266 124.098 444.719 123.266 124.098 356.364 123.266 134.563 356.364 123.266 134.563 444.719 123.266 150.261 444.719 123.266 153.168 436.581 123.266 153.168 434.503 123.266 146.191 434.503 123.266 146.191 424.038 123.266 151.424 424.038 123.266 151.424 356.364 123.266 161.889 356.364 123.266 161.889 414.503 123.266 258.662 414.503 123.266 258.662 -414.503 123.266 161.889 -414.503 123.266 161.889 -356.364 123.266 151.424 -356.364 123.266 151.424 -424.038 123.266 146.191 -424.038 123.266 146.191 -434.503 123.266 153.168 -434.503 123.266 153.168 -436.581 123.266 150.261 -444.719 123.266 134.563 -444.719 123.266 134.563 -356.364 123.266 124.098 -356.364 123.266 124.098 -444.719 123.266 108.401 -444.719 123.266 105.494 -436.581 123.266 105.494 -434.503 123.266 112.471 -434.503 123.266 112.471 -424.038 123.266 107.238 -424.038 123.266 107.238 -356.364 123.266 96.773 -356.364 123.266 96.773 -414.503 123.266 -96.773 -414.503 123.266 -96.773 -356.364 123.266 -107.238 -356.364 123.266 -107.238 -424.038 123.266 -112.471 -424.038 123.266 -112.471 -434.503 123.266 -105.494 -434.503 123.266 -105.494 -436.581 123.266 -108.401 -444.719 123.266 -124.098 -444.719 123.266 -124.098 -356.364 123.266 -134.563 -356.364 123.266 -134.563 -444.719 123.266 -150.261 -444.719 123.266 -153.168 -436.581 123.266 -153.168 -434.503 123.266 -146.191 -434.503 123.266 -146.191 -424.038 123.266 -151.424 -424.038 123.266 -151.424 -356.364 123.266 -161.889 -356.364 123.266 -161.889 -414.503 123.266 -258.662 -414.503 123.266 -258.662 414.503 123.266
element 2
  poly 0: -151.424 -434.503 103.266 -151.424 -434.503 123.266 -107.238 -434.503 123.266 -107.238 -434.503 103.266 -151.424 -434.503 103.266
  poly 1: -151.424 -414.503 103.266 -151.424 -414.503 123.266 -107.238 -414.503 123.266 -107.238 -414.503 103.266 -151.424 -414.503 103.266
  poly 2: 107.238 -434.503 103.266 107.238 -434.503 123.266 151.424 -434.503 123.266 151.424 -434.503 103.266 107.238 -434.503 103.266
  poly 3: 107.238 -414.503 103.266 107.238 -414.503 123.266 151.424 -414.503 123.266 151.424 -414.503 103.266 107.238 -414.503 103.266
  poly 4: 123.266 -434.503 22.0929 123.266 -434.503 -22.0929 103.266 -434.503 -22.0929 103.266 -434.503 22.0929 123.266 -434.503 22.0929
  poly 5: 123.266 -414.503 22.0929 123.266 -414.503 -22.0929 103.266 -414.503 -22.0929 103.266 -414.503 22.0929 123.266 -414.503 22.0929
  poly 6: -103.266 -434.503 22.0929 -103.266 -434.503 -22.0929 -123.266 -434.503 -22.0929 -123.266 -434.503 22.0929 -103.266 -434.503 22.0929
  poly 7: -103.266 -414.503 22.0929 -103.266 -414.503 -22.0929 -123.266 -414.503 -22.0929 -123.266 -414.503 22.0929 -103.266 -414.503 22.0929
  poly 8: -151.424 -434.503 -103.266 -107.238 -434.503 -103.266 -107.238 -434.503 -123.266 -151.424 -434.503 -123.266 -151.424 -434.503 -103.266
  poly 9: -151.424 -414.503 -103.266 -107.238 -414.503 -103.266 -107.238 -414.503 -123.266 -151.424 -414.503 -123.266 -151.424 -414.503 -103.266
  poly 10: 107.238 -434.503 -103.266 151.424 -434.503 -103.266 151.424 -434.503 -123.266 107.238 -434.503 -123.266 107.238 -434.503 -103.266
  poly 11: 107.238 -414.503 -103.266 151.424 -414.503 -103.266 151.424 -414.503 -123.266 107.238 -414.503 -123.266 107.238 -414.503 -103.266
  poly 12: -258.662 -434.503 -196.046 258.662 -434.503 -196.046 258.662 -434.503 196.046 -258.662 -434.503 196.046 -258.662 -434.503 -196.046
  poly 13: -258.662 -414.503 -196.046 258.662 -414.503 -196.046 258.662 -414.503 196.046 -258.662 -414.503 196.046 -258.662 -414.503 -196.046
element 3
  poly 0: 123.266 -298.428 -103.266 103.266 -298.428 -103.266 103.266 -254.243 -103.266 123.266 -254.243 -103.266 123.266 -298.428 -103.266
  poly 1: 123.266 -298.428 -123.266 103.266 -298.428 -123.266 103.266 -254.243 -123.266 123.266 -254.243 -123.266 123.266 -298.428 -123.266
  poly 2: 123.266 -22.0929 -103.266 103.266 -22.0929 -103.266 103.266 22.0929 -103.266 123.266 22.0929 -103.266 123.266 -22.0929 -103.266
  poly 3: 123.266 -22.0929 -123.266 103.266 -22.0929 -123.266 103.266 22.0929 -123.266 123.266 22.0929 -123.266 123.266 -22.0929 -123.266
  poly 4: 123.266 254.243 -103.266 103.266 254.243 -103.266 103.266 298.428 -103.266 123.266 298.428 -103.266 123.266 254.243 -103.266
  poly 5: 123.266 254.243 -123.266 103.266 254.243 -123.266 103.266 298.428 -123.266 123.266 298.428 -123.266 123.266 254.243 -123.266
  poly 6: -103.266 -298.428 -103.266 -123.266 -298.428 -103.266 -123.266 -254.243 -103.266 -103.266 -254.243 -103.266 -103.266 -298.428 -103.266
  poly 7: -103.266 -298.428 -123.266 -123.266 -298.428 -123.266 -123.266 -254.243 -123.266 -103.266 -254.243 -123.266 -103.266 -298.428 -123.266
  poly 8: -103.266 -22.0929 -103.266 -123.266 -22.0929 -103.266 -123.266 22.0929 -103.266 -103.266 22.0929 -103.266 -103.266 -22.0929 -103.266
  poly 9: -103.266 -22.0929 -123.266 -123.266 -22.0929 -123.266 -123.266 22.0929 -123.266 -103.266 22.0929 -123.266 -103.266 -22.0929 -123.266
  poly 10: -103.266 254.243 -103.266 -123.266 254.243 -103.266 -123.266 298.428 -103.266 -103.266 298.428 -103.266 -103.266 254.243 -103.266
  poly 11: -103.266 254.243 -123.266 -123.266 254.243 -123.266 -123.266 298.428 -123.266 -103.266 298.428 -123.266 -103.266 254.243 -123.266
  poly 12: -258.662 414.503 -103.266 -258.662 -414.503 -103.266 -161.889 -414.503 -103.266 -161.889 -356.364 -103.266 -151.424 -356.364 -103.266 -151.424 -424.038 -103.266 -146.191 -424.038 -103.266 -146.191 -434.503 -103.266 -153.168 -434.503 -103.266 -153.168 -436.581 -103.266 -150.261 -444.719 -103.266 -134.563 -444.719 -103.266 -134.563 -356.364 -103.266 -124.098 -356.364 -103.266 -124.098 -444.719 -103.266 -108.401 -444.719 -103.266 -105.494 -436.581 -103.266 -105.494 -434.503 -103.266 -112.471 -434.503 -103.266 -112.471 -424.038 -103.266 -107.238 -424.038 -103.266 -107.238 -356.364 -103.266 -96.773 -356.364 -103.266 -96.773 -414.503 -103.266 96.773 -414.503 -103.266 96.773 -356.364 -103.266 107.238 -356.364 -103.266 107.238 -424.038 -103.266 112.471 -424.038 -103.266 112.471 -434.503 -103.266 105.494 -434.503 -103.266 105.494 -436.581 -103.266 108.401 -444.719 -103.266 124.098 -444.719 -103.266 124.098 -356.364 -103.266 134.563 -356.364 -103.266 134.563 -444.719 -103.266 150.261 -444.719 -103.266 153.168 -436.581 -103.266 153.168 -434.503 -103.266 146.191 -434.503 -103.266 146.191 -424.038 -103.266 151.424 -424.038 -103.266 151.424 -356.364 -103.266 161.889 -356.364 -103.266 161.889 -414.503 -103.266 258.662 -414.503 -103.266 258.662 414.503 -103.266 161.889 414.503 -103.266 161.889 356.364 -103.266 151.424 356.364 -103.266 151.424 424.038 -103.266 146.191 424.038 -103.266 146.191 434.503 -103.266 153.168 434.503 -103.266 153.168 436.581 -103.266 150.261 444.719 -103.266 134.563 444.719 -103.266 134.563 356.364 -103.266 124.098 356.364 -103.266 124.098 444.719 -103.266 108.401 444.719 -103.266 105.494 436.581 -103.266 105.494 434.503 -103.266 112.471 434.503 -103.266 112.471 424.038 -103.266 107.238 424.038 -103.266 107.238 356.364 -103.266 96.773 356.364 -103.266 96.773 414.503 -103.266 -96.773 414.503 -103.266 -96.773 356.364 -103.266 -107.238 356.364 -103.266 -107.238 424.038 -103.266 -112.471 424.038 -103.266 -112.471 434.503 -103.266 -105.494 434.503 -103.266 -105.494 436.581 -103.266 -108.401 444.719 -103.266 -124.098 444.719 -103.266 -124.098 356.364 -103.266 -134.563 356.364 -103.266 -134.563 444.719 -103.266 -150.261 444.719 -103.266 -153.168 436.581 -103.266 -153.168 434.503 -103.266 -146.191 434.503 -103.266 -146.191 424.038 -103.266 -151.424 424.038 -103.266 -151.424 356.364 -103.266 -161.889 356.364 -103.266 -161.889 414.503 -103.266 -258.662 414.503 -103.266
  poly 13: -258.662 414.503 -123.266 -258.662 -414.503 -123.266 -161.889 -414.503 -123.266 -161.889 -356.364 -123.266 -151.424 -356.364 -123.266 -151.424 -424.038 -123.266 -146.191 -424.038 -123.266 -146.191 -434.503 -123.266 -153.168 -434.503 -123.266 -153.168 -436.581 -123.266 -150.261 -444.719 -123.266 -134.563 -444.719 -123.266 -134.563 -356.364 -123.266 -124.098 -356.364 -123.266 -124.098 -444.719 -123.266 -108.401 -444.719 -123.266 -105.494 -436.581 -123.266 -105.494 -434.503 -123.266 -112.471 -434.503 -123.266 -112.471 -424.038 -123.266 -107.238 -424.038 -123.266 -107.238 -356.364 -123.266 -96.773 -356.364 -123.266 -96.773 -414.503 -123.266 96.773 -414.503 -123.266 96.773 -356.364 -123.266 107.238 -356.364 -123.266 107.238 -424.038 -123.266 112.471 -424.038 -123.266 112.471 -434.503 -123.266 105.494 -434.503 -123.266 105.494 -436.581 -123.266 108.401 -444.719 -123.266 124.098 -444.719 -123.266 124.098 -356.364 -123.266 134.563 -356.364 -123.266 134.563 -444.719 -123.266 150.261 -444.719 -123.266 153.168 -436.581 -123.266 153.168 -434.503 -123.266 146.191 -434.503 -123.266 146.191 -424.038 -123.266 151.424 -424.038 -123.266 151.424 -356.364 -123.266 161.889 -356.364 -123.266 161.889 -414.503 -123.266 258.662 -414.503 -123.266 258.662 414.503 -123.266 161.889 414.503 -123.266 161.889 356.364 -123.266 151.424 356.364 -123.266 151.424 424.038 -123.266 146.191 424.038 -123.266 146.191 434.503 -123.266 153.168 434.503 -123.266 153.168 436.581 -123.266 150.261 444.719 -123.266 134.563 444.719 -123.266 134.563 356.364 -123.266 124.098 356.364 -123.266 124.098 444.719 -123.266 108.401 444.719 -123.266 105.494 436.581 -123.266 105.494 434.503 -123.266 112.471 434.503 -123.266 112.471 424.038 -123.266 107.238 424.038 -123.266 107.238 356.364 -123.266 96.773 356.364 -123.266 96.773 414.503 -123.266 -96.773 414.503 -123.266 -96.773 356.364 -123.266 -107.238 356.364 -123.266 -107.238 424.038 -123.266 -112.471 424.038 -123.266 -112.471 434.503 -123.266 -105.494 434.503 -123.266 -105.494 436.581 -123.266 -108.401 444.719 -123.266 -124.098 444.719 -123.266 -124.098 356.364 -123.266 -134.563 356.364 -123.266 -134.563 444.719 -123.266 -150.261 444.719 -123.266 -153.168 436.581 -123.266 -153.168 434.503 -123.266 -146.191 434.503 -123.266 -146.191 424.038 -123.266 -151.424 424.038 -123.266 -151.424 356.364 -123.266 -161.889 356.364 -123.266 -161.889 414.503 -123.266 -258.662 414.503 -123.266
element 4
  poly 0: 123.266 414.503 -103.266 123.266 414.503 -32.5579 123.266 356.364 -32.5579 123.266 356.364 -22.0929 123.266 424.038 -22.0929 123.266 424.038 -16.8603 123.266 434.503 -16.8603 123.266 434.503 -23.837 123.266 436.581 -23.837 123.266 444.719 -20.9301 123.266 444.719 -5.23252 123.266 356.364 -5.23252 123.266 356.364 5.23252 123.266 444.719 5.23252 123.266 444.719 20.9301 123.266 436.581 23.837 123.266 434.503 23.837 123.266 434.503 16.8603 123.266 424.038 16.8603 123.266 424.038 22.0929 123.266 356.364 22.0929 123.266 356.364 32.5579 123.266 414.503 32.5579 123.266 414.503 103.266 123.266 308.893 103.266 123.266 308.893 45.1271 123.266 298.428 45.1271 123.266 298.428 112.801 123.266 293.196 112.801 123.266 293.196 123.266 123.266 300.173 123.266 123.266 300.173 125.344 123.266 297.266 133.482 123.266 281.568 133.482 123.266 281.568 45.1271 123.266 271.103 45.1271 123.266 271.103 133.482 123.266 255.405 133.482 123.266 252.499 125.344 123.266 252.499 123.266 123.266 259.475 123.266 123.266 259.475 112.801 123.266 254.243 112.801 123.266 254.243 45.1271 123.266 243.778 45.1271 123.266 243.778 103.266 123.266 32.5579 103.266 123.266 32.5579 45.1271 123.266 22.0929 45.1271 123.266 22.0929 112.801 123.266 16.8603 112.801 123.266 16.8603 123.266 123.266 23.837 123.266 123.266 23.837 125.344 123.266 20.9301 133.482 123.266 5.23251 133.482 123.266 5.23251 45.1271 123.266 -5.23253 45.1271 123.266 -5.23253 133.482 123.266 -20.9301 133.482 123.266 -23.837 125.344 123.266 -23.837 123.266 123.266 -16.8603 123.266 123.266 -16.8603 112.801 123.266 -22.0929 112.801 123.266 -22.0929 45.1271 123.266 -32.5579 45.1271 123.266 -32.5579 103.266 123.266 -243.778 103.266 123.266 -243.778 45.1271 123.266 -254.243 45.1271 123.266 -254.243 112.801 123.266 -259.475 112.801 123.266 -259.475 123.266 123.266 -252.499 123.266 123.266 -252.499 125.344 123.266 -255.405 133.482 123.266 -271.103 133.482 123.266 -271.103 45.1271 123.266 -281.568 45.1271 123.266 -281.568 133.482 123.266 -297.266 133.482 123.266 -300.173 125.344 123.266 -300.173 123.266 123.266 -293.196 123.266 123.266 -293.196 112.801 123.266 -298.428 112.801 123.266 -298.428 45.1271 123.266 -308.893 45.1271 123.266 -308.893 103.266 123.266 -414.503 103.266 123.266 -414.503 32.5579 123.266 -356.364 32.5579 123.266 -356.364 22.0929 123.266 -424.038 22.0929 123.266 -424.038 16.8603 123.266 -434.503 16.8603 123.266 -434.503 23.837 123.266 -436.581 23.837 123.266 -444.719 20.9301 123.266 -444.719 5.23252 123.266 -356.364 5.23252 123.266 -356.364 -5.23252 123.266 -444.719 -5.23252 123.266 -444.719 -20.9301 123.266 -436.581 -23.837 123.266 -434.503 -23.837 123.266 -434.503 -16.8603 123.266 -424.038 -16.8603 123.266 -424.038 -22.0929 123.266 -356.364 -22.0929 123.266 -356.364 -32.5579 123.266 -414.503 -32.5579 123.266 -414.503 -103.266 123.266 -308.893 -103.266 123.266 -308.893 -45.1271 123.266 -298.428 -45.1271 123.266 -298.428 -112.801 123.266 -293.196 -112.801 123.266 -293.196 -123.266 123.266 -300.173 -123.266 123.266 -300.173 -125.344 123.266 -297.266 -133.482 123.266 -281.568 -133.482 123.266 -281.568 -45.1271 123.266 -271.103 -45.1271 123.266 -271.103 -133.482 123.266 -255.405 -133.482 123.266 -252.499 -125.344 123.266 -252.499 -123.266 123.266 -259.475 -123.266 123.266 -259.475 -112.801 123.266 -254.243 -112.801 123.266 -254.243 -45.1271 123.266 -243.778 -45.1271 123.266 -243.778 -103.266 123.266 -32.5579 -103.266 123.266 -32.5579 -45.1271 123.266 -22.0929 -45.1271 123.266 -22.0929 -112.801 123.266 -16.8603 -112.801 123.266 -16.8603 -123.266 123.266 -23.837 -123.266 123.266 -23.837 -125.344 123.266 -20.9301 -133.482 123.266 -5.23253 -133.482 123.266 -5.23253 -45.1271 123.266 5.23251 -45.1271 123.266 5.23251 -133.482 123.266 20.9301 -133.482 123.266 23.837 -125.344 123.266 23.837 -123.266 123.266 16.8603 -123.266 123.266 16.8603 -112.801 123.266 22.0929 -112.801 123.266 22.0929 -45.1271 123.266 32.5579 -45.1271 123.266 32.5579 -103.266 123.266 243.778 -103.266 123.266 243.778 -45.1271 123.266 254.243 -45.1271 123.266 254.243 -112.801 123.266 259.475 -112.801 123.266 259.475 -123.266 123.266 252.499 -123.266 123.266 252.499 -125.344 123.266 255.405 -133.482 123.266 271.103 -133.482 123.266 271.103 -45.1271 123.266 281.568 -45.1271 123.266 281.568 -133.482 123.266 297.266 -133.482 123.266 300.173 -125.344 123.266 300.173 -123.266 123.266 293.196 -123.266 123.266 293.196 -112.801 123.266 298.428 -112.801 123.266 298.428 -45.1271 123.266 308.893 -45.1271 123.266 308.893 -103.266 123.266 414.503 -103.266
  poly 1: 103.266 414.503 -103.266 103.266 414.503 -32.5579 103.266 356.364 -32.5579 103.266 356.364 -22.0929 103.266 424.038 -22.0929 103.266 424.038 -16.8603 103.266 434.503 -16.8603 103.266 434.503 -23.837 103.266 436.581 -23.837 103.266 444.719 -20.9301 103.266 444.719 -5.23252 103.266 356.364 -5.23252 103.266 356.364 5.23252 103.266 444.719 5.23252 103.266 444.719 20.9301 103.266 436.581 23.837 103.266 434.503 23.837 103.266 434.503 16.8603 103.266 424.038 16.8603 103.266 424.038 22.0929 103.266 356.364 22.0929 103.266 356.364 32.5579 103.266 414.503 32.5579 103.266 414.503 103.266 103.266 308.893 103.266 103.266 308.893 45.1271 103.266 298.428 45.1271 103.266 298.428 112.801 103.266 293.196 112.801 103.266 293.196 123.266 103.266 300.173 123.266 103.266 300.173 125.344 103.266 297.266 133.482 103.266 281.568 133.482 103.266 281.568 45.1271 103.266 271.103 45.1271 103.266 271.103 133.482 103.266 255.405 133.482 103.266 252.499 125.344 103.266 252.499 123.266 103.266 259.475 123.266 103.266 259.475 112.801 103.266 254.243 112.801 103.266 254.243 45.1271 103.266 243.778 45.1271 103.266 243.778 103.266 103.266 32.5579 103.266 103.266 32.5579 45.1271 103.266 22.0929 45.1271 103.266 22.0929 112.801 103.266 16.8603 112.801 103.266 16.8603 123.266 103.266 23.837 123.266 103.266 23.837 125.344 103.266 20.9301 133.482 103.266 5.23251 133.482 103.266 5.23251 45.1271 103.266 -5.23253 45.1271 103.266 -5.23253 133.482 103.266 -20.9301 133.482 103.266 -23.837 125.344 103.266 -23.837 123.266 103.266 -16.8603 123.266 103.266 -16.8603 112.801 103.266 -22.0929 112.801 103.266 -22.0929 45.1271 103.266 -32.5579 45.1271 103.266 -32.5579 103.266 103.266 -243.778 103.266 103.266 -243.778 45.1271 103.266 -254.243 45.1271 103.266 -254.243 112.801 103.266 -259.475 112.801 103.266 -259.475 123.266 103.266 -252.499 123.266 103.266 -252.499 125.344 103.266 -255.405 133.482 103.266 -271.103 133.482 103.266 -271.103 45.1271 103.266 -281.568 45.1271 103.266 -281.568 133.482 103.266 -297.266 133.482 103.266 -300.173 125.344 103.266 -300.173 123.266 103.266 -293.196 123.266 103.266 -293.196 112.801 103.266 -298.428 112.801 103.266 -298.428 45.1271 103.266 -308.893 45.1271 103.266 -308.893 103.266 103.266 -414.503 103.266 103.266 -414.503 32.5579 103.266 -356.364 32.5579 103.266 -356.364 22.0929 103.266 -424.038 22.0929 103.266 -424.038 16.8603 103.266 -434.503 16.8603 103.266 -434.503 23.837 103.266 -436.581 23.837 103.266 -444.719 20.9301 103.266 -444.719 5.23252 103.266 -356.364 5.23252 103.266 -356.364 -5.23252 103.266 -444.719 -5.23252 103.266 -444.719 -20.9301 103.266 -436.581 -23.837 103.266 -434.503 -23.837 103.266 -434.503 -16.8603 103.266 -424.038 -16.8603 103.266 -424.038 -22.0929 103.266 -356.364 -22.0929 103.266 -356.364 -32.5579 103.266 -414.503 -32.5579 103.266 -414.503 -103.266 103.266 -308.893 -103.266 103.266 -308.893 -45.1271 103.266 -298.428 -45.1271 103.266 -298.428 -112.801 103.266 -293.196 -112.801 103.266 -293.196 -123.266 103.266 -300.173 -123.266 103.266 -300.173 -125.344 103.266 -297.266 -133.482 103.266 -281.568 -133.482 103.266 -281.568 -45.1271 103.266 -271.103 -45.1271 103.266 -271.103 -133.482 103.266 -255.405 -133.482 103.266 -252.499 -125.344 103.266 -252.499 -123.266 103.266 -259.475 -123.266 103.266 -259.475 -112.801 103.266 -254.243 -112.801 103.266 -254.243 -45.1271 103.266 -243.778 -45.1271 103.266 -243.778 -103.266 103.266 -32.5579 -103.266 103.266 -32.5579 -45.1271 103.266 -22.0929 -45.1271 103.266 -22.0929 -112.801 103.266 -16.8603 -112.801 103.266 -16.8603 -123.266 103.266 -23.837 -123.266 103.266 -23.837 -125.344 103.266 -20.9301 -133.482 103.266 -5.23253 -133.482 103.266 -5.23253 -45.1271 103.266 5.23251 -45.1271 103.266 5.23251 -133.482 103.266 20.9301 -133.482 103.266 23.837 -125.344 103.266 23.837 -123.266 103.266 16.8603 -123.266 103.266 16.8603 -112.801 103.266 22.0929 -112.801 103.266 22.0929 -45.1271 103.266 32.5579 -45.1271 103.266 32.5579 -103.266 103.266 243.778 -103.266 103.266 243.778 -45.1271 103.266 254.243 -45.1271 103.266 254.243 -112.801 103.266 259.475 -112.801 103.266 259.475 -123.266 103.266 252.499 -123.266 103.266 252.499 -125.344 103.266 255.405 -133.482 103.266 271.103 -133.482 103.266 271.103 -45.1271 103.266 281.568 -45.1271 103.266 281.568 -133.482 103.266 297.266 -133.482 103.266 300.173 -125.344 103.266 300.173 -123.266 103.266 293.196 -123.266 103.266 293.196 -112.801 103.266 298.428 -112.801 103.266 298.428 -45.1271 103.266 308.893 -45.1271 103.266 308.893 -103.266 103.266 414.503 -103.266
element 5
  poly 0: -103.266 414.503 -103.266 -103.266 414.503 -32.5579 -103.266 356.364 -32.5579 -103.266 356.364 -22.0929 -103.266 424.038 -22.0929 -103.266 424.038 -16.8603 -103.266 434.503 -16.8603 -103.266 434.503 -23.837 -103.266 436.581 -23.837 -103.266 444.719 -20.9301 -103.266 444.719 -5.23252 -103.266 356.364 -5.23252 -103.266 356.364 5.23252 -103.266 444.719 5.23252 -103.266 444.719 20.9301 -103.266 436.581 23.837 -103.266 434.503 23.837 -103.266 434.503 16.8603 -103.266 424.038 16.8603 -103.266 424.038 22.0929 -103.266 356.364 22.0929 -103.266 356.364 32.5579 -103.266 414.503 32.5579 -103.266 414.503 103.266 -103.266 308.893 103.266 -103.266 308.893 45.1271 -103.266 298.428 45.1271 -103.266 298.428 112.801 -103.266 293.196 112.801 -103.266 293.196 123.266 -103.266 300.173 123.266 -103.266 300.173 125.344 -103.266 297.266 133.482 -103.266 281.568 133.482 -103.266 281.568 45.1271 -103.266 271.103 45.1271 -103.266 271.103 133.482 -103.266 255.405 133.482 -103.266 252.499 125.344 -103.266 252.499 123.266 -103.266 259.475 123.266 -103.266 259.475 112.801 -103.266 254.243 112.801 -103.266 254.243 45.1271 -103.266 243.778 45.1271 -103.266 243.778 103.266 -103.266 32.5579 103.266 -103.266 32.5579 45.1271 -103.266 22.0929 45.1271 -103.266 22.0929 112.801 -103.266 16.8603 112.801 -103.266 16.8603 123.266 -103.266 23.837 123.266 -103.266 23.837 125.344 -103.266 20.9301 133.482 -103.266 5.23251 133.482 -103.266 5.23251 45.1271 -103.266 -5.23253 45.1271 -103.266 -5.23253 133.482 -103.266 -20.9301 133.482 -103.266 -23.837 125.344 -103.266 -23.837 123.266 -103.266 -16.8603 123.266 -103.266 -16.8603 112.801 -103.266 -22.0929 112.801 -103.266 -22.0929 45.1271 -103.266 -32.5579 45.1271 -103.266 -32.5579 103.266 -103.266 -243.778 103.266 -103.266 -243.778 45.1271 -103.266 -254.243 45.1271 -103.266 -254.243 112.801 -103.266 -259.475 112.801 -103.266 -259.475 123.266 -103.266 -252.499 123.266 -103.266 -252.499 125.344 -103.266 -255.405 133.482 -103.266 -271.103 133.482 -103.266 -271.103 45.1271 -103.266 -281.568 45.1271 -103.266 -281.568 133.482 -103.266 -297.266 133.482 -103.266 -300.173 125.344 -103.266 -300.173 123.266 -103.266 -293.196 123.266 -103.266 -293.196 112.801 -103.266 -298.428 112.801 -103.266 -298.428 45.1271 -103.266 -308.893 45.1271 -103.266 -308.893 103.266 -103.266 -414.503 103.266 -103.266 -414.503 32.5579 -103.266 -356.364 32.5579 -103.266 -356.364 22.0929 -103.266 -424.038 22.0929 -103.266 -424.038 16.8603 -103.266 -434.503 16.8603 -103.266 -434.503 23.837 -103.266 -436.581 23.837 -103.266 -444.719 20.9301 -103.266 -444.719 5.23252 -103.266 -356.364 5.23252 -103.266 -356.364 -5.23252 -103.266 -444.719 -5.23252 -103.266 -444.719 -20.9301 -103.266 -436.581 -23.837 -103.266 -434.503 -23.837 -103.266 -434.503 -16.8603 -103.266 -424.038 -16.8603 -103.266 -424.038 -22.0929 -103.266 -356.364 -22.0929 -103.266 -356.364 -32.5579 -103.266 -414.503 -32.5579 -103.266 -414.503 -103.266 -103.266 -308.893 -103.266 -103.266 -308.893 -45.1271 -103.266 -298.428 -45.1271 -103.266 -298.428 -112.801 -103.266 -293.196 -112.801 -103.266 -293.196 -123.266 -103.266 -300.173 -123.266 -103.266 -300.173 -125.344 -103.266 -297.266 -133.482 -103.266 -281.568 -133.482 -103.266 -281.568 -45.1271 -103.266 -271.103 -45.1271 -103.266 -271.103 -133.482 -103.266 -255.405 -133.482 -103.266 -252.499 -125.344 -103.266 -252.499 -123.266 -103.266 -259.475 -123.266 -103.266 -259.475 -112.801 -103.266 -254.243 -112.801 -103.266 -254.243 -45.1271 -103.266 -243.778 -45.1271 -103.266 -243.778 -103.266 -103.266 -32.5579 -103.266 -103.266 -32.5579 -45.1271 -103.266 -22.0929 -45.1271 -103.266 -22.0929 -112.801 -103.266 -16.8603 -112.801 -103.266 -16.8603 -123.266 -103.266 -23.837 -123.266 -103.266 -23.837 -125.344 -103.266 -20.9301 -133.482 -103.266 -5.23253 -133.482 -103.266 -5.23253 -45.1271 -103.266 5.23251 -45.1271 -103.266 5.23251 -133.482 -103.266 20.9301 -133.482 -103.266 23.837 -125.344 -103.266 23.837 -123.266 -103.266 16.8603 -123.266 -103.266 16.8603 -112.801 -103.266 22.0929 -112.801 -103.266 22.0929 -45.1271 -103.266 32.5579 -45.1271 -103.266 32.5579 -103.266 -103.266 243.778 -103.266 -103.266 243.778 -45.1271 -103.266 254.243 -45.1271 -103.266 254.243 -112.801 -103.266 259.475 -112.801 -103.266 259.475 -123.266 -103.266 252.499 -123.266 -103.266 252.499 -125.344 -103.266 255.405 -133.482 -103.266 271.103 -133.482 -103.266 271.103 -45.1271 -103.266 281.568 -45.1271 -103.266 281.568 -133.482 -103.266 297.266 -133.482 -103.266 300.173 -125.344 -103.266 300.173 -123.266 -103.266 293.196 -123.266 -103.266 293.196 -112.801 -103.266 298.428 -112.801 -103.266 298.428 -45.1271 -103.266 308.893 -45.1271 -103.266 308.893 -103.266 -103.266 414.503 -103.266
  poly 1: -123.266 414.503 -103.266 -123.266 414.503 -32.5579 -123.266 356.364 -32.5579 -123.266 356.364 -22.0929 -123.266 424.038 -22.0929 -123.266 424.038 -16.8603 -123.266 434.503 -16.8603 -123.266 434.503 -23.837 -123.266 436.581 -23.837 -123.266 444.719 -20.9301 -123.266 444.719 -5.23252 -123.266 356.364 -5.23252 -123.266 356.364 5.23252 -123.266 444.719 5.23252 -123.266 444.719 20.9301 -123.266 436.581 23.837 -123.266 434.503 23.837 -123.266 434.503 16.8603 -123.266 424.038 16.8603 -123.266 424.038 22.0929 -123.266 356.364 22.0929 -123.266 356.364 32.5579 -123.266 414.503 32.5579 -123.266 414.503 103.266 -123.266 308.893 103.266 -123.266 308.893 45.1271 -123.266 298.428 45.1271 -123.266 298.428 112.801 -123.266 293.196 112.801 -123.266 293.196 123.266 -123.266 300.173 123.266 -123.266 300.173 125.344 -123.266 297.266 133.482 -123.266 281.568 133.482 -123.266 281.568 45.1271 -123.266 271.103 45.1271 -123.266 271.103 133.482 -123.266 255.405 133.482 -123.266 252.499 125.344 -123.266 252.499 123.266 -123.266 259.475 123.266 -123.266 259.475 112.801 -123.266 254.243 112.801 -123.266 254.243 45.1271 -123.266 243.778 45.1271 -123.266 243.778 103.266 -123.266 32.5579 103.266 -123.266 32.5579 45.1271 -123.266 22.0929 45.1271 -123.266 22.0929 112.801 -123.266 16.8603 112.801 -123.266 16.8603 123.266 -123.266 23.837 123.266 -123.266 23.837 125.344 -123.266 20.9301 133.482 -123.266 5.23251 133.482 -123.266 5.23251 45.1271 -123.266 -5.23253 45.1271 -123.266 -5.23253 133.482 -123.266 -20.9301 133.482 -123.266 -23.837 125.344 -123.266 -23.837 123.266 -123.266 -16.8603 123.266 -123.266 -16.8603 112.801 -123.266 -22.0929 112.801 -123.266 -22.0929 45.1271 -123.266 -32.5579 45.1271 -123.266 -32.5579 103.266 -123.266 -243.778 103.266 -123.266 -243.778 45.1271 -123.266 -254.243 45.1271 -123.266 -254.243 112.801 -123.266 -259.475 112.801 -123.266 -259.475 123.266 -123.266 -252.499 123.266 -123.266 -252.499 125.344 -123.266 -255.405 133.482 -123.266 -271.103 133.482 -123.266 -271.103 45.1271 -123.266 -281.568 45.1271 -123.266 -281.568 133.482 -123.266 -297.266 133.482 -123.266 -300.173 125.344 -123.266 -300.173 123.266 -123.266 -293.196 123.266 -123.266 -293.196 112.801 -123.266 -298.428 112.801 -123.266 -298.428 45.1271 -123.266 -308.893 45.1271 -123.266 -308.893 103.266 -123.266 -414.503 103.266 -123.266 -414.503 32.5579 -123.266 -356.364 32.5579 -123.266 -356.364 22.0929 -123.266 -424.038 22.0929 -123.266 -424.038 16.8603 -123.266 -434.503 16.8603 -123.266 -434.503 23.837 -123.266 -436.581 23.837 -123.266 -444.719 20.9301 -123.266 -444.719 5.23252 -123.266 -356.364 5.23252 -123.266 -356.364 -5.23252 -123.266 -444.719 -5.23252 -123.266 -444.719 -20.9301 -123.266 -436.581 -23.837 -123.266 -434.503 -23.837 -123.266 -434.503 -16.8603 -123.266 -424.038 -16.8603 -123.266 -424.038 -22.0929 -123.266 -356.364 -22.0929 -123.266 -356.364 -32.5579 -123.266 -414.503 -32.5579 -123.266 -414.503 -103.266 -123.266 -308.893 -103.266 -123.266 -308.893 -45.1271 -123.266 -298.428 -45.1271 -123.266 -298.428 -112.801 -123.266 -293.196 -112.801 -123.266 -293.196 -123.266 -123.266 -300.173 -123.266 -123.266 -300.173 -125.344 -123.266 -297.266 -133.482 -123.266 -281.568 -133.482 -123.266 -281.568 -45.1271 -123.266 -271.103 -45.1271 -123.266 -271.103 -133.482 -123.266 -255.405 -133.482 -123.266 -252.499 -125.344 -123.266 -252.499 -123.266 -123.266 -259.475 -123.266 -123.266 -259.475 -112.801 -123.266 -254.243 -112.801 -123.266 -254.243 -45.1271 -123.266 -243.778 -45.1271 -123.266 -243.778 -103.266 -123.266 -32.5579 -103.266 -123.266 -32.5579 -45.1271 -123.266 -22.0929 -45.1271 -123.266 -22.0929 -112.801 -123.266 -16.8603 -112.801 -123.266 -16.8603 -123.266 -123.266 -23.837 -123.266 -123.266 -23.837 -125.344 -123.266 -20.9301 -133.482 -123.266 -5.23253 -133.482 -123.266 -5.23253 -45.1271 -123.266 5.23251 -45.1271 -123.266 5.23251 -133.482 -123.266 20.9301 -133.482 -123.266 23.837 -125.344 -123.266 23.837 -123.266 -123.266 16.8603 -123.266 -123.266 16.8603 -112.801 -123.266 22.0929 -112.801 -123.266 22.0929 -45.1271 -123.266 32.5579 -45.1271 -123.266 32.5579 -103.266 -123.266 243.778 -103.266 -123.266 243.778 -45.1271 -123.266 254.243 -45.1271 -123.266 254.243 -112.801 -123.266 259.475 -112.801 -123.266 259.475 -123.266 -123.266 252.499 -123.266 -123.266 252.499 -125.344 -123.266 255.405 -133.482 -123.266 271.103 -133.482 -123.266 271.103 -45.1271 -123.266 281.568 -45.1271 -123.266 281.568 -133.482 -123.266 297.266 -133.482 -123.266 300.173 -125.344 -123.266 300.173 -123.266 -123.266 293.196 -123.266 -123.266 293.196 -112.801 -123.266 298.428 -112.801 -123.266 298.428 -45.1271 -123.266 308.893 -45.1271 -123.266 308.893 -103.266 -123.266 414.503 -103.266
