element 0
  poly 0: -523.113 -853.908 499.457 144.811 -163.947 313.532 339.158 -170.244 161.279 327.684 -132.105 188.171 406.544 -134.66 126.392 418.017 -172.799 99.5003 654.596 -180.464 -85.8369 643.122 -142.325 -58.9453 721.982 -144.88 -120.724 733.455 -183.018 -147.616 891.174 -188.128 -271.174 990.204 -191.337 -348.754 917.399 -264.036 -327.299 927.339 -297.076 -350.596 854.486 -369.822 -329.127 844.546 -336.782 -305.83 625.988 -555.021 -241.421 635.928 -588.062 -264.718 563.075 -660.808 -243.249 553.135 -627.768 -219.952 407.429 -773.261 -177.013 326.663 -853.908 -153.212 237.813 -853.908 -84.9702 249.846 -893.908 -113.174 155.219 -893.908 -40.4957 143.185 -853.908 -12.2915 -140.699 -853.908 205.745 -128.665 -893.908 177.54 -223.293 -893.908 250.219 -235.327 -853.908 278.423 -424.582 -853.908 423.781 -523.113 -853.908 499.457
  poly 1: -489.277 -853.908 527.353 163.608 -179.482 345.613 361.567 -185.896 190.531 350.093 -147.757 217.423 428.953 -150.312 155.644 440.426 -188.451 128.752 677.005 -196.115 -56.5848 665.531 -157.977 -29.6932 744.391 -160.532 -91.4723 755.864 -198.67 -118.364 913.583 -203.78 -241.922 1014.31 -207.044 -320.836 941.414 -279.838 -299.352 951.354 -312.879 -322.649 878.501 -385.625 -301.18 868.561 -352.585 -277.883 650.003 -570.824 -213.474 659.943 -603.864 -236.771 587.09 -676.611 -215.302 577.15 -643.57 -192.005 431.444 -789.063 -149.066 366.504 -853.908 -129.929 263.843 -853.908 -51.0793 275.876 -893.908 -79.2836 181.248 -893.908 -6.60484 169.215 -853.908 21.5994 -114.669 -853.908 239.636 -102.635 -893.908 211.431 -197.263 -893.908 284.11 -209.297 -853.908 312.314 -398.553 -853.908 457.672 -489.277 -853.908 527.353
element 1
  poly 0: -1030.65 -853.908 81.0252 -137.145 69.0776 -167.694 32.7198 63.5741 -300.768 21.2462 101.712 -273.876 93.2023 99.3811 -330.247 104.676 61.2427 -357.139 320.544 54.2488 -526.251 309.071 92.3871 -499.36 381.027 90.0558 -555.731 392.501 51.9174 -582.622 536.413 47.2548 -695.364 628.539 44.27 -767.536 529.517 -54.6072 -738.355 539.457 -87.6477 -761.652 440.387 -186.573 -732.456 430.447 -153.532 -709.159 133.238 -450.307 -621.573 143.178 -483.348 -644.87 44.1084 -582.272 -615.675 34.1684 -549.232 -592.378 -163.971 -747.082 -533.987 -270.953 -853.908 -502.459 -349.795 -853.908 -441.905 -337.762 -893.908 -470.109 -422.381 -893.908 -405.118 -434.415 -853.908 -376.914 -688.272 -853.908 -181.939 -676.238 -893.908 -210.143 -760.858 -893.908 -145.151 -772.891 -853.908 -116.947 -942.13 -853.908 13.0359 -1030.65 -853.908 81.0252
  poly 1: -996.816 -853.908 108.921 -118.348 53.5426 -135.613 55.129 47.9221 -271.516 43.6553 86.0604 -244.624 115.611 83.7291 -300.995 127.085 45.5907 -327.887 342.954 38.5968 -496.999 331.48 76.7351 -470.108 403.436 74.4038 -526.479 414.91 36.2654 -553.37 558.822 31.6028 -666.112 652.65 28.5629 -739.617 553.532 -70.4099 -710.408 563.472 -103.45 -733.705 464.402 -202.375 -704.509 454.463 -169.335 -681.212 157.253 -466.11 -593.626 167.193 -499.15 -616.923 68.1238 -598.075 -587.728 58.1838 -565.035 -564.431 -139.956 -762.885 -506.04 -231.112 -853.908 -479.176 -323.766 -853.908 -408.014 -311.732 -893.908 -436.218 -396.351 -893.908 -371.227 -408.385 -853.908 -343.023 -662.242 -853.908 -148.048 -650.209 -893.908 -176.252 -734.828 -893.908 -111.261 -746.861 -853.908 -83.0564 -916.1 -853.908 46.9268 -996.816 -853.908 108.921
element 2
  poly 0: 275.876 -893.908 -79.2836 249.846 -893.908 -113.174 155.219 -893.908 -40.4957 181.248 -893.908 -6.60484 275.876 -893.908 -79.2836
  poly 1: 263.843 -853.908 -51.0793 237.813 -853.908 -84.9702 143.185 -853.908 -12.2915 169.215 -853.908 21.5994 263.843 -853.908 -51.0793
  poly 2: -102.635 -893.908 211.431 -128.665 -893.908 177.54 -223.293 -893.908 250.219 -197.263 -893.908 284.11 -102.635 -893.908 211.431
  poly 3: -114.669 -853.908 239.636 -140.699 -853.908 205.745 -235.327 -853.908 278.423 -209.297 -853.908 312.314 -114.669 -853.908 239.636
  poly 4: -311.732 -893.908 -436.218 -337.762 -893.908 -470.109 -422.381 -893.908 -405.118 -396.351 -893.908 -371.227 -311.732 -893.908 -436.218
  poly 5: -323.766 -853.908 -408.014 -349.795 -853.908 -441.905 -434.415 -853.908 -376.914 -408.385 -853.908 -343.023 -323.766 -853.908 -408.014
  poly 6: -650.209 -893.908 -176.252 -676.238 -893.908 -210.143 -760.858 -893.908 -145.151 -734.828 -893.908 -111.261 -650.209 -893.908 -176.252
  poly 7: -662.242 -853.908 -148.048 -688.272 -853.908 -181.939 -772.891 -853.908 -116.947 -746.861 -853.908 -83.0564 -662.242 -853.908 -148.048
  poly 8: -477.246 -893.908 579.975 -1120.13 -893.908 49.9608 -370.774 -893.908 -525.579 -226.541 -893.908 -441.29 -216.329 -893.908 -493.515 -93.0625 -893.908 -421.479 -133.551 -893.908 -386.946 -10.2851 -893.908 -314.909 -0.0722243 -893.908 -367.135 123.194 -893.908 -295.098 82.7052 -893.908 -260.566 205.971 -893.908 -188.529 216.184 -893.908 -240.755 339.45 -893.908 -168.718 298.962 -893.908 -134.185 386.208 -893.908 -83.1987 -477.246 -893.908 579.975
  poly 9: -438.524 -853.908 569.196 -1081.41 -853.908 39.1819 -330.715 -853.908 -537.384 -211.201 -853.908 -467.54 -200.988 -853.908 -519.766 -77.7218 -853.908 -447.729 -118.211 -853.908 -413.196 5.05559 -853.908 -341.16 15.2684 -853.908 -393.385 138.535 -853.908 -321.349 98.0458 -853.908 -286.816 221.312 -853.908 -214.779 231.525 -853.908 -267.005 354.791 -853.908 -194.968 314.302 -853.908 -160.436 426.266 -853.908 -95.0038 -438.524 -853.908 569.196
element 3
  poly 0: 951.354 -312.879 -322.649 927.339 -297.076 -350.596 854.486 -369.822 -329.127 878.501 -385.625 -301.18 951.354 -312.879 -322.649
  poly 1: 941.414 -279.838 -299.352 917.399 -264.036 -327.299 844.546 -336.782 -305.83 868.561 -352.585 -277.883 941.414 -279.838 -299.352
  poly 2: 659.943 -603.864 -236.771 635.928 -588.062 -264.718 563.075 -660.808 -243.249 587.09 -676.611 -215.302 659.943 -603.864 -236.771
  poly 3: 650.003 -570.824 -213.474 625.988 -555.021 -241.421 553.135 -627.768 -219.952 577.15 -643.57 -192.005 650.003 -570.824 -213.474
  poly 4: 563.472 -103.45 -733.705 539.457 -87.6477 -761.652 440.387 -186.573 -732.456 464.402 -202.375 -704.509 563.472 -103.45 -733.705
  poly 5: 553.532 -70.4099 -710.408 529.517 -54.6072 -738.355 430.447 -153.532 -709.159 454.463 -169.335 -681.212 553.532 -70.4099 -710.408
  poly 6: 167.193 -499.15 -616.923 143.178 -483.348 -644.87 44.1084 -582.272 -615.675 68.1238 -598.075 -587.728 167.193 -499.15 -616.923
  poly 7: 157.253 -466.11 -593.626 133.238 -450.307 -621.573 34.1684 -549.232 -592.378 58.1838 -565.035 -564.431 157.253 -466.11 -593.626
  poly 8: 429.236 -893.908 -116.247 339.45 -893.908 -168.718 354.791 -853.908 -194.968 231.525 -853.908 -267.005 216.184 -893.908 -240.755 123.194 -893.908 -295.098 138.535 -853.908 -321.349 15.2684 -853.908 -393.385 -0.0722243 -893.908 -367.135 -93.0625 -893.908 -421.479 -77.7218 -853.908 -447.729 -200.988 -853.908 -519.766 -216.329 -893.908 -493.515 -327.745 -893.908 -558.627 634.049 66.4804 -842.064 1092.16 -231.955 -311.607 429.236 -893.908 -116.247
  poly 9: 386.208 -893.908 -83.1987 298.962 -893.908 -134.185 314.302 -853.908 -160.436 221.312 -853.908 -214.779 205.971 -893.908 -188.529 82.7052 -893.908 -260.566 98.0458 -853.908 -286.816 5.05559 -853.908 -341.16 -10.2851 -893.908 -314.909 -133.551 -893.908 -386.946 -118.211 -853.908 -413.196 -211.201 -853.908 -467.54 -226.541 -893.908 -441.29 -370.774 -893.908 -525.579 592.372 67.8307 -809.414 1050.48 -230.605 -278.958 386.208 -893.908 -83.1987
element 4
  poly 0: 232.373 -131.247 269.83 223.44 -49.8925 325.507 192.756 -77.8192 335.838 183.963 2.26219 390.644 214.647 30.1888 380.313 188.268 270.433 544.731 157.584 242.506 555.062 148.791 322.588 609.868 179.475 350.514 599.537 161.889 510.677 709.149 153.081 590.899 764.05 1029.24 550.273 62.0509 1058.06 -155.911 -383.56 906.183 -151.375 -263.377 866.112 -187.844 -249.886 787.552 -185.497 -187.719 827.623 -149.028 -201.21 591.942 -141.988 -14.7082 551.871 -178.457 -1.2171 473.311 -176.11 60.9502 513.382 -139.641 47.4591 356.261 -134.948 171.794 232.373 -131.247 269.83
  poly 1: 252.35 -146.826 301.005 243.682 -67.8781 355.035 212.997 -95.8048 365.366 204.204 -15.7234 420.172 234.889 12.2033 409.841 208.51 252.447 574.259 177.825 224.521 584.59 169.032 304.602 639.395 199.717 332.529 629.065 182.131 492.692 738.676 173.353 572.633 793.386 1053.59 531.818 88.1243 1082.29 -171.617 -355.752 928.758 -167.031 -234.258 888.688 -203.5 -220.767 810.127 -201.154 -158.6 850.198 -164.684 -172.091 614.517 -157.644 14.4109 574.446 -194.113 27.902 495.886 -191.767 90.0693 535.957 -155.298 76.5782 378.836 -150.604 200.913 252.35 -146.826 301.005
element 5
  poly 0: -67.2894 102.436 -197.792 -76.7138 188.269 -139.05 -107.398 160.342 -128.719 -116.683 244.902 -70.8484 -85.9985 272.828 -81.1793 -113.853 526.507 92.4326 -144.537 498.581 102.764 -153.822 583.14 160.634 -123.137 611.067 150.303 -141.707 780.186 266.045 -151.007 864.886 324.011 664.076 827.092 -329.051 694.572 79.6782 -800.677 551.503 83.952 -687.462 511.432 47.4828 -673.971 439.749 49.6241 -617.246 479.82 86.0933 -630.737 264.77 92.5172 -460.561 224.7 56.048 -447.07 153.017 58.1893 -390.345 193.087 94.6585 -403.836 49.721 98.9411 -290.386 -67.2894 102.436 -197.792
  poly 1: -47.3119 86.8575 -166.617 -56.4721 170.283 -109.522 -87.1566 142.357 -99.1913 -96.4413 226.916 -41.3207 -65.7568 254.843 -51.6516 -93.6109 508.522 121.96 -124.295 480.595 132.291 -133.58 565.155 190.162 -102.896 593.081 179.831 -121.465 762.201 295.572 -130.734 846.62 353.347 688.42 808.637 -302.977 718.804 63.9723 -772.869 574.078 68.2955 -658.343 534.007 31.8263 -644.852 462.324 33.9676 -588.127 502.395 70.4368 -601.618 287.346 76.8607 -431.442 247.275 40.3915 -417.951 175.592 42.5328 -361.226 215.662 79.002 -374.717 72.2963 83.2846 -261.267 -47.3119 86.8575 -166.617
element 6
  poly 0: 212.997 -95.8048 365.366 192.756 -77.8192 335.838 183.963 2.26219 390.644 204.204 -15.7234 420.172 212.997 -95.8048 365.366
  poly 1: 243.682 -67.8781 355.035 223.44 -49.8925 325.507 214.647 30.1888 380.313 234.889 12.2033 409.841 243.682 -67.8781 355.035
  poly 2: 177.825 224.521 584.59 157.584 242.506 555.062 148.791 322.588 609.868 169.032 304.602 639.395 177.825 224.521 584.59
  poly 3: 208.51 252.447 574.259 188.268 270.433 544.731 179.475 350.514 599.537 199.717 332.529 629.065 208.51 252.447 574.259
  poly 4: -87.1566 142.357 -99.1913 -107.398 160.342 -128.719 -116.683 244.902 -70.8484 -96.4413 226.916 -41.3207 -87.1566 142.357 -99.1913
  poly 5: -56.4721 170.283 -109.522 -76.7138 188.269 -139.05 -85.9985 272.828 -81.1793 -65.7568 254.843 -51.6516 -56.4721 170.283 -109.522
  poly 6: -124.295 480.595 132.291 -144.537 498.581 102.764 -153.822 583.14 160.634 -133.58 565.155 190.162 -124.295 480.595 132.291
  poly 7: -93.6109 508.522 121.96 -113.853 526.507 92.4326 -123.137 611.067 150.303 -102.896 593.081 179.831 -93.6109 508.522 121.96
  poly 8: 168.743 546.858 865.448 -216.435 893.908 308.065 -132.211 126.849 -216.893 -47.3892 60.7029 -84.5281 -52.3812 31.1125 -123.654 34.1612 -36.3752 11.3956 17.8972 9.79115 17.3511 104.44 -57.6965 152.4 99.4476 -87.287 113.275 185.99 -154.775 248.324 169.726 -108.608 254.28 247.361 -169.15 375.429 168.743 546.858 865.448
  poly 9: 203.762 545.234 837.39 -181.416 892.284 280.007 -97.2556 125.805 -244.554 -10.6045 58.2323 -109.335 -15.5965 28.6419 -148.461 70.946 -38.8458 -13.4115 54.682 7.32054 -7.45596 141.224 -60.1671 127.593 136.232 -89.7576 88.4677 222.775 -157.245 223.517 206.511 -111.079 229.472 282.317 -170.194 347.767 203.762 545.234 837.39
element 7
  poly 0: 361.567 -185.896 190.531 440.426 -188.451 128.752 418.017 -172.799 99.5003 339.158 -170.244 161.279 361.567 -185.896 190.531
  poly 1: 350.093 -147.757 217.423 428.953 -150.312 155.644 406.544 -134.66 126.392 327.684 -132.105 188.171 350.093 -147.757 217.423
  poly 2: 677.005 -196.115 -56.5848 755.864 -198.67 -118.364 733.455 -183.018 -147.616 654.596 -180.464 -85.8369 677.005 -196.115 -56.5848
  poly 3: 665.531 -157.977 -29.6932 744.391 -160.532 -91.4723 721.982 -144.88 -120.724 643.122 -142.325 -58.9453 665.531 -157.977 -29.6932
  poly 4: 55.129 47.9221 -271.516 127.085 45.5907 -327.887 104.676 61.2427 -357.139 32.7198 63.5741 -300.768 55.129 47.9221 -271.516
  poly 5: 43.6553 86.0604 -244.624 115.611 83.7291 -300.995 93.2023 99.3811 -330.247 21.2462 101.712 -273.876 43.6553 86.0604 -244.624
  poly 6: 342.954 38.5968 -496.999 414.91 36.2654 -553.37 392.501 51.9174 -582.622 320.544 54.2488 -526.251 342.954 38.5968 -496.999
  poly 7: 331.48 76.7351 -470.108 403.436 74.4038 -526.479 381.027 90.0558 -555.731 309.071 92.3871 -499.36 331.48 76.7351 -470.108
  poly 8: 888.688 -203.5 -220.767 866.112 -187.844 -249.886 787.552 -185.497 -187.719 810.127 -201.154 -158.6 888.688 -203.5 -220.767
  poly 9: 928.758 -167.031 -234.258 906.183 -151.375 -263.377 827.623 -149.028 -201.21 850.198 -164.684 -172.091 928.758 -167.031 -234.258
  poly 10: 574.446 -194.113 27.902 551.871 -178.457 -1.2171 473.311 -176.11 60.9502 495.886 -191.767 90.0693 574.446 -194.113 27.902
  poly 11: 614.517 -157.644 14.4109 591.942 -141.988 -14.7082 513.382 -139.641 47.4591 535.957 -155.298 76.5782 614.517 -157.644 14.4109
  poly 12: 534.007 31.8263 -644.852 511.432 47.4828 -673.971 439.749 49.6241 -617.246 462.324 33.9676 -588.127 534.007 31.8263 -644.852
  poly 13: 574.078 68.2955 -658.343 551.503 83.952 -687.462 479.82 86.0933 -630.737 502.395 70.4368 -601.618 574.078 68.2955 -658.343
  poly 14: 247.275 40.3915 -417.951 224.7 56.048 -447.07 153.017 58.1893 -390.345 175.592 42.5328 -361.226 247.275 40.3915 -417.951
  poly 15: 287.346 76.8607 -431.442 264.77 92.5172 -460.561 193.087 94.6585 -403.836 215.662 79.002 -374.717 287.346 76.8607 -431.442
  poly 16: 251.382 -205.769 350.368 185.99 -154.775 248.324 222.775 -157.245 223.517 136.232 -89.7576 88.4677 99.4476 -87.287 113.275 34.1612 -36.3752 11.3956 70.946 -38.8458 -13.4115 -15.5965 28.6419 -148.461 -52.3812 31.1125 -123.654 -128.19 90.2301 -241.954 659.715 66.694 -865.448 1120.13 -231.72 -337.099 251.382 -205.769 350.368
  poly 17: 247.361 -169.15 375.429 169.726 -108.608 254.28 206.511 -111.079 229.472 141.224 -60.1671 127.593 104.44 -57.6965 152.4 17.8972 9.79115 17.3511 54.682 7.32054 -7.45596 -10.6045 58.2323 -109.335 -47.3892 60.7029 -84.5281 -132.211 126.849 -216.893 658.224 103.237 -842.389 1118.64 -195.176 -314.04 247.361 -169.15 375.429
