element 0
  poly 0: 4685 -164.284 272.57 4685 -164.284 258.757 4552.28 -296.999 258.757 4552.28 -296.999 272.57 4685 -164.284 272.57
  poly 1: 4556.23 -111.709 272.57 4556.23 -111.709 258.757 4423.51 -244.424 258.757 4423.51 -244.424 272.57 4556.23 -111.709 272.57
  poly 2: 4685 -164.284 217.319 4685 -164.284 203.507 4552.28 -296.999 203.507 4552.28 -296.999 217.319 4685 -164.284 217.319
  poly 3: 4556.23 -111.709 217.319 4556.23 -111.709 203.507 4423.51 -244.424 203.507 4423.51 -244.424 217.319 4556.23 -111.709 217.319
  poly 4: 4860.25 10.9735 140.382 4860.25 10.9735 308.069 4314.97 -534.307 308.069 4314.97 -534.307 140.382 4860.25 10.9735 140.382
  poly 5: 4769.58 101.645 140.382 4769.58 101.645 308.069 4224.3 -443.635 308.069 4224.3 -443.635 140.382 4769.58 101.645 140.382
element 1
  poly 0: 3649.13 71.7538 286.382 3649.13 71.7538 162.069 4423.51 -244.424 162.069 4423.51 -244.424 175.882 4423.51 -244.424 203.507 4552.28 -296.999 203.507 4552.28 -296.999 217.319 4423.51 -244.424 217.319 4423.51 -244.424 258.757 4552.28 -296.999 258.757 4552.28 -296.999 272.57 4423.51 -244.424 272.57 4423.51 -244.424 286.382 3649.13 71.7538 286.382
  poly 1: 3714.54 231.95 286.382 3714.54 231.95 162.069 4556.23 -111.709 162.069 4556.23 -111.709 175.882 4556.23 -111.709 203.507 4685 -164.284 203.507 4685 -164.284 217.319 4556.23 -111.709 217.319 4556.23 -111.709 258.757 4685 -164.284 258.757 4685 -164.284 272.57 4556.23 -111.709 272.57 4556.23 -111.709 286.382 3714.54 231.95 286.382
element 2
  poly 0: 2464.78 309.509 162.069 2464.78 309.509 286.382 2406.98 251.716 286.382 2406.98 251.716 162.069 2464.78 309.509 162.069
  poly 1: 2554.82 219.463 162.069 2554.82 219.463 286.382 2497.03 161.67 286.382 2497.03 161.67 162.069 2554.82 219.463 162.069
  poly 2: 2233.61 78.3376 162.069 2233.61 78.3376 286.382 2175.81 20.5447 286.382 2175.81 20.5447 162.069 2233.61 78.3376 162.069
  poly 3: 2323.65 -11.7088 162.069 2323.65 -11.7088 286.382 2265.86 -69.5017 286.382 2265.86 -69.5017 162.069 2323.65 -11.7088 162.069
  poly 4: 2542.21 386.945 -428.424 1996.93 -158.335 -428.424 1996.93 -158.335 380.994 2542.21 386.945 380.994 2542.21 386.945 -428.424
  poly 5: 2670.09 334.732 -450.111 2124.81 -210.548 -450.111 2124.81 -210.548 359.306 2670.09 334.732 359.306 2670.09 334.732 -450.111
element 3
  poly 0: 1326.29 123.232 286.382 2002.43 -152.834 286.382 2060.23 -95.0412 286.382 2175.81 20.5447 286.382 2265.86 -69.5017 286.382 2323.65 -11.7088 286.382 2233.61 78.3376 286.382 2406.98 251.716 286.382 2497.03 161.67 286.382 2554.82 219.463 286.382 2464.78 309.509 286.382 2522.57 367.302 286.382 1582.64 751.073 286.382 1326.29 123.232 286.382
  poly 1: 1326.29 123.232 162.069 2002.43 -152.834 162.069 2060.23 -95.0412 162.069 2175.81 20.5447 162.069 2265.86 -69.5017 162.069 2323.65 -11.7088 162.069 2233.61 78.3376 162.069 2406.98 251.716 162.069 2497.03 161.67 162.069 2554.82 219.463 162.069 2464.78 309.509 162.069 2522.57 367.302 162.069 1582.64 751.073 162.069 1326.29 123.232 162.069
element 4
  poly 0: -3913.69 -287.57 -67.5363 -3913.69 -150.134 -67.5363 -3913.69 -150.134 -12.0006 -3913.69 -287.57 -12.0006 -3913.69 -287.57 -67.5363
  poly 1: -3813.69 -287.57 -67.5363 -3813.69 -150.134 -67.5363 -3813.69 -150.134 -12.0006 -3813.69 -287.57 -12.0006 -3813.69 -287.57 -67.5363
  poly 2: -3913.69 -287.57 154.607 -3913.69 -150.134 154.607 -3913.69 -150.134 210.142 -3913.69 -287.57 210.142 -3913.69 -287.57 154.607
  poly 3: -3813.69 -287.57 154.607 -3813.69 -150.134 154.607 -3813.69 -150.134 210.142 -3813.69 -287.57 210.142 -3813.69 -287.57 154.607
  poly 4: -3913.69 -751.073 -123.072 -3913.69 -751.073 376.749 -3913.69 577.733 376.749 -3913.69 577.733 -123.072 -3913.69 269.45 -123.072 -3913.69 311.972 -231.489 -3913.69 3.68901 -231.489 -3913.69 46.2108 -123.072 -3913.69 -262.072 -123.072 -3913.69 -219.55 -231.489 -3913.69 -527.833 -231.489 -3913.69 -485.312 -123.072 -3913.69 -751.073 -123.072
  poly 5: -3813.69 -751.073 -164.954 -3813.69 -751.073 443.283 -3813.69 577.733 443.283 -3813.69 577.733 -164.954 -3813.69 269.45 -164.954 -3813.69 311.972 -273.371 -3813.69 3.68901 -273.371 -3813.69 46.2108 -164.954 -3813.69 -262.072 -164.954 -3813.69 -219.55 -273.371 -3813.69 -527.833 -273.371 -3813.69 -485.312 -164.954 -3813.69 -751.073 -164.954
element 5
  poly 0: -4860.25 -150.134 273.371 -4860.25 -150.134 773.192 -3913.69 -150.134 376.749 -3913.69 -150.134 321.214 -3913.69 -150.134 210.142 -3813.69 -150.134 210.142 -3813.69 -150.134 154.607 -3913.69 -150.134 154.607 -3913.69 -150.134 -12.0006 -3813.69 -150.134 -12.0006 -3813.69 -150.134 -67.5363 -3913.69 -150.134 -67.5363 -3913.69 -150.134 -123.072 -4018.86 -150.134 -79.0229 -4057.49 -150.134 -171.26 -4162.67 -150.134 -127.211 -4124.04 -150.134 -34.9736 -4439.56 -150.134 97.174 -4478.19 -150.134 4.93709 -4583.36 -150.134 48.9863 -4544.73 -150.134 141.223 -4755.08 -150.134 229.322 -4860.25 -150.134 273.371
  poly 1: -4860.25 -287.57 273.371 -4860.25 -287.57 773.192 -3913.69 -287.57 376.749 -3913.69 -287.57 321.214 -3913.69 -287.57 210.142 -3813.69 -287.57 210.142 -3813.69 -287.57 154.607 -3913.69 -287.57 154.607 -3913.69 -287.57 -12.0006 -3813.69 -287.57 -12.0006 -3813.69 -287.57 -67.5363 -3913.69 -287.57 -67.5363 -3913.69 -287.57 -123.072 -4018.86 -287.57 -79.0229 -4057.49 -287.57 -171.26 -4162.67 -287.57 -127.211 -4124.04 -287.57 -34.9736 -4439.56 -287.57 97.174 -4478.19 -287.57 4.93709 -4583.36 -287.57 48.9863 -4544.73 -287.57 141.223 -4755.08 -287.57 229.322 -4860.25 -287.57 273.371
element 6
  poly 0: -4057.49 -287.57 -171.26 -4057.49 -150.134 -171.26 -4162.67 -150.134 -127.211 -4162.67 -287.57 -127.211 -4057.49 -287.57 -171.26
  poly 1: -4018.86 -287.57 -79.0229 -4018.86 -150.134 -79.0229 -4124.04 -150.134 -34.9736 -4124.04 -287.57 -34.9736 -4018.86 -287.57 -79.0229
  poly 2: -4478.19 -287.57 4.93709 -4478.19 -150.134 4.93709 -4583.36 -150.134 48.9863 -4583.36 -287.57 48.9863 -4478.19 -287.57 4.93709
  poly 3: -4439.56 -287.57 97.174 -4439.56 -150.134 97.174 -4544.73 -150.134 141.223 -4544.73 -287.57 141.223 -4439.56 -287.57 97.174
  poly 4: -3813.69 -751.073 -273.371 -4860.25 -751.073 164.954 -4860.25 577.733 164.954 -3813.69 577.733 -273.371 -3813.69 311.972 -273.371 -3913.69 311.972 -231.489 -3913.69 3.68901 -231.489 -3813.69 3.68901 -273.371 -3813.69 -219.55 -273.371 -3913.69 -219.55 -231.489 -3913.69 -527.833 -231.489 -3813.69 -527.833 -273.371 -3813.69 -751.073 -273.371
  poly 5: -3813.69 -751.073 -164.954 -4860.25 -751.073 273.371 -4860.25 577.733 273.371 -3813.69 577.733 -164.954 -3813.69 269.45 -164.954 -3913.69 269.45 -123.072 -3913.69 46.2108 -123.072 -3813.69 46.2108 -164.954 -3813.69 -262.072 -164.954 -3913.69 -262.072 -123.072 -3913.69 -485.312 -123.072 -3813.69 -485.312 -164.954 -3813.69 -751.073 -164.954
element 7
  poly 0: -2244.68 -150.134 701.739 -2139.51 -150.134 657.689 -2139.51 -287.57 657.689 -2244.68 -287.57 701.739 -2244.68 -150.134 701.739
  poly 1: -2283.31 -150.134 609.502 -2178.14 -150.134 565.452 -2178.14 -287.57 565.452 -2283.31 -287.57 609.502 -2283.31 -150.134 609.502
  poly 2: -1823.99 -150.134 525.542 -1718.82 -150.134 481.492 -1718.82 -287.57 481.492 -1823.99 -287.57 525.542 -1823.99 -150.134 525.542
  poly 3: -1862.62 -150.134 433.305 -1757.45 -150.134 389.256 -1757.45 -287.57 389.256 -1862.62 -287.57 433.305 -1862.62 -150.134 433.305
  poly 4: -1441.93 -751.073 365.524 -1441.93 -442.79 365.524 -1341.93 -485.312 323.642 -1341.93 -177.029 323.642 -1441.93 -219.55 365.524 -1441.93 88.7326 365.524 -1341.93 46.2108 323.642 -1341.93 354.494 323.642 -1441.93 311.972 365.524 -1441.93 577.733 365.524 -2388.49 577.733 761.967 -2388.49 -751.073 761.967 -1441.93 -751.073 365.524
  poly 5: -1441.93 -751.073 257.108 -1441.93 -442.79 257.108 -1341.93 -485.312 215.226 -1341.93 -177.029 215.226 -1441.93 -219.55 257.108 -1441.93 88.7326 257.108 -1341.93 46.2108 215.226 -1341.93 354.494 215.226 -1441.93 311.972 257.108 -1441.93 577.733 257.108 -2388.49 577.733 653.551 -2388.49 -751.073 653.551 -1441.93 -751.073 257.108
element 8
  poly 0: -1341.92 -150.134 201.572 -1341.92 -150.134 146.037 -1341.92 -287.57 146.037 -1341.92 -287.57 201.572 -1341.92 -150.134 201.572
  poly 1: -1441.92 -150.134 201.572 -1441.92 -150.134 146.037 -1441.92 -287.57 146.037 -1441.92 -287.57 201.572 -1441.92 -150.134 201.572
  poly 2: -1341.93 -150.134 -20.5706 -1341.93 -150.134 -76.1063 -1341.93 -287.57 -76.1063 -1341.93 -287.57 -20.5706 -1341.93 -150.134 -20.5706
  poly 3: -1441.92 -150.134 -20.5706 -1441.93 -150.134 -76.1063 -1441.93 -287.57 -76.1063 -1441.92 -287.57 -20.5706 -1441.92 -150.134 -20.5706
  poly 4: -1341.93 -751.073 -284.596 -1341.93 577.733 -284.596 -1341.93 577.733 323.642 -1341.93 354.494 323.642 -1341.93 354.494 215.226 -1341.93 46.2108 215.226 -1341.93 46.2108 323.642 -1341.93 -177.029 323.642 -1341.93 -177.029 215.226 -1341.93 -485.312 215.226 -1341.93 -485.312 323.642 -1341.93 -751.073 323.642 -1341.93 -751.073 -284.596
  poly 5: -1441.93 -751.073 -242.713 -1441.93 577.733 -242.713 -1441.93 577.733 365.524 -1441.93 311.972 365.524 -1441.93 311.972 257.108 -1441.93 88.7326 257.108 -1441.93 88.7326 365.524 -1441.93 -219.55 365.524 -1441.93 -219.55 257.108 -1441.93 -442.79 257.108 -1441.93 -442.79 365.524 -1441.93 -751.073 365.524 -1441.93 -751.073 -242.713
element 9
  poly 0: -2388.49 -287.57 153.729 -2303.94 -287.57 118.32 -2342.57 -287.57 26.0832 -2258.03 -287.57 -9.32608 -2219.4 -287.57 82.9108 -1965.76 -287.57 -23.3171 -2004.4 -287.57 -115.554 -1919.85 -287.57 -150.963 -1881.22 -287.57 -58.7264 -1712.13 -287.57 -129.545 -1441.93 -287.57 -242.713 -1441.93 -287.57 -187.178 -1441.93 -287.57 -76.1063 -1341.93 -287.57 -76.1063 -1341.93 -287.57 -20.5706 -1441.92 -287.57 -20.5706 -1441.92 -287.57 146.037 -1341.92 -287.57 146.037 -1341.92 -287.57 201.572 -1441.92 -287.57 201.572 -1441.92 -287.57 257.108 -1547.1 -287.57 301.157 -1757.45 -287.57 389.256 -1718.82 -287.57 481.492 -1823.99 -287.57 525.542 -1862.62 -287.57 433.305 -2178.14 -287.57 565.452 -2139.51 -287.57 657.689 -2244.68 -287.57 701.739 -2283.31 -287.57 609.502 -2388.49 -287.57 653.551 -2388.49 -287.57 153.729
  poly 1: -2388.49 -150.134 153.729 -2303.94 -150.134 118.32 -2342.57 -150.134 26.0832 -2258.03 -150.134 -9.32608 -2219.4 -150.134 82.9108 -1965.76 -150.134 -23.3171 -2004.4 -150.134 -115.554 -1919.85 -150.134 -150.963 -1881.22 -150.134 -58.7264 -1712.13 -150.134 -129.545 -1441.93 -150.134 -242.713 -1441.93 -150.134 -187.178 -1441.93 -150.134 -76.1063 -1341.93 -150.134 -76.1063 -1341.93 -150.134 -20.5706 -1441.92 -150.134 -20.5706 -1441.92 -150.134 146.037 -1341.92 -150.134 146.037 -1341.92 -150.134 201.572 -1441.92 -150.134 201.572 -1441.92 -150.134 257.108 -1547.1 -150.134 301.157 -1757.45 -150.134 389.256 -1718.82 -150.134 481.492 -1823.99 -150.134 525.542 -1862.62 -150.134 433.305 -2178.14 -150.134 565.452 -2139.51 -150.134 657.689 -2244.68 -150.134 701.739 -2283.31 -150.134 609.502 -2388.49 -150.134 653.551 -2388.49 -150.134 153.729
element 10
  poly 0: -1727.59 -150.134 -231.489 -1727.59 -150.134 -291.678 -1627.59 -150.134 -291.678 -1627.59 -150.134 -351.867 -1727.59 -150.134 -351.867 -1727.59 -150.134 -532.435 -1627.59 -150.134 -532.435 -1627.59 -150.134 -592.624 -1727.59 -150.134 -592.624 -1727.59 -150.134 -713.003 -1727.59 -150.134 -773.192 -2674.15 -150.134 -773.192 -2674.15 -150.134 164.954 -2568.98 -150.134 120.905 -2530.34 -150.134 213.142 -2425.17 -150.134 169.093 -2463.8 -150.134 76.856 -2148.28 -150.134 -55.2917 -2109.65 -150.134 36.9452 -2004.48 -150.134 -7.10397 -2043.11 -150.134 -99.3409 -1832.76 -150.134 -187.439 -1727.59 -150.134 -231.489
  poly 1: -1727.59 -287.57 -231.489 -1727.59 -287.57 -291.678 -1627.59 -287.57 -291.678 -1627.59 -287.57 -351.867 -1727.59 -287.57 -351.867 -1727.59 -287.57 -532.435 -1627.59 -287.57 -532.435 -1627.59 -287.57 -592.624 -1727.59 -287.57 -592.624 -1727.59 -287.57 -713.003 -1727.59 -287.57 -773.192 -2674.15 -287.57 -773.192 -2674.15 -287.57 164.954 -2568.98 -287.57 120.905 -2530.34 -287.57 213.142 -2425.17 -287.57 169.093 -2463.8 -287.57 76.856 -2148.28 -287.57 -55.2917 -2109.65 -287.57 36.9452 -2004.48 -287.57 -7.10397 -2043.11 -287.57 -99.3409 -1832.76 -287.57 -187.439 -1727.59 -287.57 -231.489
element 11
  poly 0: -1727.59 -287.57 -291.678 -1727.59 -287.57 -351.867 -1727.59 -150.134 -351.867 -1727.59 -150.134 -291.678 -1727.59 -287.57 -291.678
  poly 1: -1627.59 -287.57 -291.678 -1627.59 -287.57 -351.867 -1627.59 -150.134 -351.867 -1627.59 -150.134 -291.678 -1627.59 -287.57 -291.678
  poly 2: -1727.59 -287.57 -532.435 -1727.59 -287.57 -592.624 -1727.59 -150.134 -592.624 -1727.59 -150.134 -532.435 -1727.59 -287.57 -532.435
  poly 3: -1627.59 -287.57 -532.435 -1627.59 -287.57 -592.624 -1627.59 -150.134 -592.624 -1627.59 -150.134 -532.435 -1627.59 -287.57 -532.435
  poly 4: -1727.59 -751.073 -773.192 -1727.59 -751.073 -231.489 -1727.59 -442.79 -231.489 -1727.59 -485.312 -123.072 -1727.59 -177.029 -123.072 -1727.59 -219.55 -231.489 -1727.59 88.7326 -231.489 -1727.59 46.2108 -123.072 -1727.59 354.494 -123.072 -1727.59 311.972 -231.489 -1727.59 577.733 -231.489 -1727.59 577.733 -773.192 -1727.59 -751.073 -773.192
  poly 5: -1627.59 -751.073 -773.192 -1627.59 -751.073 -273.371 -1627.59 -442.79 -273.371 -1627.59 -485.312 -164.954 -1627.59 -177.029 -164.954 -1627.59 -219.55 -273.371 -1627.59 88.7326 -273.371 -1627.59 46.2108 -164.954 -1627.59 354.494 -164.954 -1627.59 311.972 -273.371 -1627.59 577.733 -273.371 -1627.59 577.733 -773.192 -1627.59 -751.073 -773.192
element 12
  poly 0: -2568.98 -287.57 120.905 -2463.8 -287.57 76.856 -2463.8 -150.134 76.856 -2568.98 -150.134 120.905 -2568.98 -287.57 120.905
  poly 1: -2530.34 -287.57 213.142 -2425.17 -287.57 169.093 -2425.17 -150.134 169.093 -2530.34 -150.134 213.142 -2530.34 -287.57 213.142
  poly 2: -2148.28 -287.57 -55.2917 -2043.11 -287.57 -99.3409 -2043.11 -150.134 -99.3409 -2148.28 -150.134 -55.2917 -2148.28 -287.57 -55.2917
  poly 3: -2109.65 -287.57 36.9452 -2004.48 -287.57 -7.10397 -2004.48 -150.134 -7.10397 -2109.65 -150.134 36.9452 -2109.65 -287.57 36.9452
  poly 4: -2342.57 -150.134 26.0832 -2342.57 -287.57 26.0832 -2258.03 -287.57 -9.32608 -2258.03 -150.134 -9.32608 -2342.57 -150.134 26.0832
  poly 5: -2303.94 -150.134 118.32 -2303.94 -287.57 118.32 -2219.4 -287.57 82.9108 -2219.4 -150.134 82.9108 -2303.94 -150.134 118.32
  poly 6: -2004.4 -150.134 -115.554 -2004.4 -287.57 -115.554 -1919.85 -287.57 -150.963 -1919.85 -150.134 -150.963 -2004.4 -150.134 -115.554
  poly 7: -1965.76 -150.134 -23.3171 -1965.76 -287.57 -23.3171 -1881.22 -287.57 -58.7264 -1881.22 -150.134 -58.7264 -1965.76 -150.134 -23.3171
  poly 8: -1627.59 -751.073 -273.371 -2674.15 -751.073 164.954 -2674.15 577.733 164.954 -1627.59 577.733 -273.371 -1627.59 311.972 -273.371 -1727.59 311.972 -231.489 -1727.59 88.7326 -231.489 -1627.59 88.7326 -273.371 -1627.59 -219.55 -273.371 -1727.59 -219.55 -231.489 -1727.59 -442.79 -231.489 -1627.59 -442.79 -273.371 -1627.59 -751.073 -273.371
  poly 9: -1627.59 -751.073 -164.954 -2674.15 -751.073 273.371 -2674.15 577.733 273.371 -1627.59 577.733 -164.954 -1627.59 354.494 -164.954 -1727.59 354.494 -123.072 -1727.59 46.2108 -123.072 -1627.59 46.2108 -164.954 -1627.59 -177.029 -164.954 -1727.59 -177.029 -123.072 -1727.59 -485.312 -123.072 -1627.59 -485.312 -164.954 -1627.59 -751.073 -164.954
element 13
  poly 0: 457.61 51.5354 -428.424 -488.423 51.5354 -428.424 -488.423 51.5354 374.887 -383.308 51.5354 340.611 -351.105 51.5354 439.369 -245.99 51.5354 405.092 -278.194 51.5354 306.334 37.1509 51.5354 203.506 69.3542 51.5354 302.264 174.469 51.5354 267.988 142.266 51.5354 169.23 352.495 51.5354 100.678 457.61 51.5354 66.4016 457.61 51.5354 11.421 561.486 51.5354 11.421 561.486 51.5354 -43.5596 457.61 51.5354 -43.5596 457.61 51.5354 -208.501 561.486 51.5354 -208.501 561.486 51.5354 -263.482 457.61 51.5354 -263.482 457.61 51.5354 -373.443 457.61 51.5354 -428.424
  poly 1: 457.61 -63.3563 -428.424 -488.423 -63.3563 -428.424 -488.423 -63.3563 374.887 -383.308 -63.3563 340.611 -351.105 -63.3563 439.369 -245.99 -63.3563 405.092 -278.194 -63.3563 306.334 37.1509 -63.3563 203.506 69.3542 -63.3563 302.264 174.469 -63.3563 267.988 142.266 -63.3563 169.23 352.495 -63.3563 100.678 457.61 -63.3563 66.4016 457.61 -63.3563 11.421 561.486 -63.3563 11.421 561.486 -63.3563 -43.5596 457.61 -63.3563 -43.5596 457.61 -63.3563 -208.501 561.486 -63.3563 -208.501 561.486 -63.3563 -263.482 457.61 -63.3563 -263.482 457.61 -63.3563 -373.443 457.61 -63.3563 -428.424
element 14
  poly 0: -351.105 -63.3563 439.369 -351.105 51.5354 439.369 -245.99 51.5354 405.092 -245.99 -63.3563 405.092 -351.105 -63.3563 439.369
  poly 1: -383.308 -63.3563 340.611 -383.308 51.5354 340.611 -278.194 51.5354 306.334 -278.194 -63.3563 306.334 -383.308 -63.3563 340.611
  poly 2: 69.3542 -63.3563 302.264 69.3542 51.5354 302.264 174.469 51.5354 267.988 174.469 -63.3563 267.988 69.3542 -63.3563 302.264
  poly 3: 37.1509 -63.3563 203.506 37.1509 51.5354 203.506 142.266 51.5354 169.23 142.266 -63.3563 169.23 37.1509 -63.3563 203.506
  poly 4: 457.61 -465.452 175.661 457.61 -376.097 175.661 561.486 -376.097 141.789 561.486 -286.743 141.789 457.61 -286.743 175.661 457.61 -18.6791 175.661 561.486 -18.6791 141.789 561.486 70.6754 141.789 457.61 70.6754 175.661 457.61 249.384 175.661 457.61 338.739 175.661 -488.423 338.739 484.146 -488.423 -465.452 484.146 457.61 -465.452 175.661
  poly 5: 457.61 -465.452 66.4016 457.61 -376.097 66.4016 561.486 -376.097 32.5295 561.486 -286.743 32.5295 457.61 -286.743 66.4016 457.61 -18.6791 66.4016 561.486 -18.6791 32.5295 561.486 70.6754 32.5295 457.61 70.6754 66.4016 457.61 249.384 66.4016 457.61 338.739 66.4016 -488.423 338.739 374.887 -488.423 -465.452 374.887 457.61 -465.452 66.4016
element 15
  poly 0: 561.486 -63.3563 11.421 561.486 51.5354 11.421 561.486 51.5354 -43.5596 561.486 -63.3563 -43.5596 561.486 -63.3563 11.421
  poly 1: 457.61 -63.3563 11.421 457.61 51.5354 11.421 457.61 51.5354 -43.5596 457.61 -63.3563 -43.5596 457.61 -63.3563 11.421
  poly 2: 561.486 -63.3563 -208.501 561.486 51.5354 -208.501 561.486 51.5354 -263.482 561.486 -63.3563 -263.482 561.486 -63.3563 -208.501
  poly 3: 457.61 -63.3563 -208.501 457.61 51.5354 -208.501 457.61 51.5354 -263.482 457.61 -63.3563 -263.482 457.61 -63.3563 -208.501
  poly 4: 561.486 -376.097 32.5295 561.486 -376.097 141.789 561.486 -286.743 141.789 561.486 -286.743 32.5295 561.486 -376.097 32.5295
  poly 5: 457.61 -376.097 66.4016 457.61 -376.097 175.661 457.61 -286.743 175.661 457.61 -286.743 66.4016 457.61 -376.097 66.4016
  poly 6: 561.486 -18.6791 32.5295 561.486 -18.6791 141.789 561.486 70.6754 141.789 561.486 70.6754 32.5295 561.486 -18.6791 32.5295
  poly 7: 457.61 -18.6791 66.4016 457.61 -18.6791 175.661 457.61 70.6754 175.661 457.61 70.6754 66.4016 457.61 -18.6791 66.4016
  poly 8: 561.486 -465.452 -428.424 561.486 338.739 -428.424 561.486 338.739 642.667 561.486 -465.452 642.667 561.486 -465.452 -428.424
  poly 9: 457.61 -465.452 -428.424 457.61 338.739 -428.424 457.61 338.739 675.563 457.61 -465.452 675.563 457.61 -465.452 -428.424
