2 26 26
2 37 37
2 38 38
2 30 30
2 30 30
2 38 38
2 37 37
2 38 38
2 37 37
2 38 38
2 37 37
2 38 38
2 37 37
2 42 42
2 41 41
2 42 42
2 34 34
2 26 26
2 43 43
2 58 58
2 59 59
2 51 51
2 51 51
2 59 59
2 58 58
2 59 59
2 58 58
2 55 55
2 50 50
2 47 47
2 42 42
2 43 43
2 42 42
2 43 43
2 35 35
2 35 35
2 31 31
2 35 35
2 43 43
2 43 43
2 43 43
2 43 43
2 35 35
2 43 43
2 35 35
2 47 47
2 50 50
2 55 55
2 51 51
2 59 59
2 51 51
2 63 63
2 63 63
2 39 39
2 30 30
2 34 34
2 42 42
2 46 46
2 46 46
2 42 42
2 34 34
2 42 42
2 34 34
2 42 42
2 37 37
2 38 38
2 30 30
2 38 38
2 30 30
2 38 38
2 38 38
2 26 26
