element 0
  poly 0: -509.128 -441.493 630.502 158.796 248.468 444.576 1004.19 221.078 -217.71 931.384 148.38 -196.255 941.324 115.339 -219.552 868.471 42.5929 -198.082 858.531 75.6333 -174.785 639.973 -142.606 -110.377 649.913 -175.646 -133.674 577.06 -248.393 -112.204 567.12 -215.352 -88.9075 421.414 -360.845 -45.9686 340.648 -441.493 -22.1673 251.798 -441.493 46.0742 263.832 -481.493 17.87 169.204 -481.493 90.5487 157.17 -441.493 118.753 -126.714 -441.493 336.789 -114.68 -481.493 308.585 -209.308 -481.493 381.264 -221.342 -441.493 409.468 -410.597 -441.493 554.825 -509.128 -441.493 630.502
  poly 1: -475.292 -441.493 658.397 177.593 232.934 476.658 1028.3 205.371 -189.791 955.399 132.577 -168.308 965.339 99.5367 -191.605 892.486 26.7903 -170.135 882.547 59.8307 -146.838 663.988 -158.409 -82.43 673.928 -191.449 -105.727 601.075 -264.195 -84.2575 591.135 -231.155 -60.9605 445.43 -376.648 -18.0217 380.49 -441.493 1.11587 277.828 -441.493 79.9651 289.861 -481.493 51.7609 195.233 -481.493 124.44 183.2 -441.493 152.644 -100.684 -441.493 370.68 -88.6502 -481.493 342.476 -183.278 -481.493 415.155 -195.312 -441.493 443.359 -384.567 -441.493 588.716 -475.292 -441.493 658.397
element 1
  poly 0: -1016.67 -441.493 212.07 -123.16 481.493 -36.6498 642.524 456.685 -636.492 543.502 357.808 -607.31 553.442 324.768 -630.607 454.372 225.843 -601.412 444.432 258.883 -578.115 147.223 -37.8917 -490.529 157.163 -70.9322 -513.826 58.0935 -169.857 -484.63 48.1535 -136.817 -461.333 -149.986 -334.667 -402.942 -256.968 -441.493 -371.415 -335.81 -441.493 -310.861 -323.777 -481.493 -339.065 -408.396 -481.493 -274.073 -420.429 -441.493 -245.869 -674.287 -441.493 -50.8944 -662.253 -481.493 -79.0986 -746.872 -481.493 -14.107 -758.906 -441.493 14.0972 -928.145 -441.493 144.08 -1016.67 -441.493 212.07
  poly 1: -982.831 -441.493 239.965 -104.363 465.958 -4.56803 666.635 440.978 -608.573 567.517 342.006 -579.363 577.457 308.965 -602.66 478.388 210.04 -573.465 468.448 243.081 -550.168 171.239 -53.6944 -462.582 181.179 -86.7348 -485.879 82.1088 -185.66 -456.683 72.1689 -152.619 -433.386 -125.97 -350.469 -374.995 -217.127 -441.493 -348.132 -309.78 -441.493 -276.97 -297.747 -481.493 -305.174 -382.366 -481.493 -240.182 -394.4 -441.493 -211.978 -648.257 -441.493 -17.0034 -636.223 -481.493 -45.2077 -720.843 -481.493 19.7839 -732.876 -441.493 47.9881 -902.115 -441.493 177.971 -982.831 -441.493 239.965
element 2
  poly 0: 289.861 -481.493 51.7609 263.832 -481.493 17.87 169.204 -481.493 90.5487 195.233 -481.493 124.44 289.861 -481.493 51.7609
  poly 1: 277.828 -441.493 79.9651 251.798 -441.493 46.0742 157.17 -441.493 118.753 183.2 -441.493 152.644 277.828 -441.493 79.9651
  poly 2: -88.6502 -481.493 342.476 -114.68 -481.493 308.585 -209.308 -481.493 381.264 -183.278 -481.493 415.155 -88.6502 -481.493 342.476
  poly 3: -100.684 -441.493 370.68 -126.714 -441.493 336.789 -221.342 -441.493 409.468 -195.312 -441.493 443.359 -100.684 -441.493 370.68
  poly 4: -297.747 -481.493 -305.174 -323.777 -481.493 -339.065 -408.396 -481.493 -274.073 -382.366 -481.493 -240.182 -297.747 -481.493 -305.174
  poly 5: -309.78 -441.493 -276.97 -335.81 -441.493 -310.861 -420.429 -441.493 -245.869 -394.4 -441.493 -211.978 -309.78 -441.493 -276.97
  poly 6: -636.223 -481.493 -45.2077 -662.253 -481.493 -79.0986 -746.872 -481.493 -14.107 -720.843 -481.493 19.7839 -636.223 -481.493 -45.2077
  poly 7: -648.257 -441.493 -17.0034 -674.287 -441.493 -50.8944 -758.906 -441.493 14.0972 -732.876 -441.493 47.9881 -648.257 -441.493 -17.0034
  poly 8: -463.261 -481.493 711.019 -1106.14 -481.493 181.005 -356.789 -481.493 -394.535 -212.556 -481.493 -310.245 -202.344 -481.493 -362.471 -79.0774 -481.493 -290.434 -119.566 -481.493 -255.902 3.70001 -481.493 -183.865 13.9128 -481.493 -236.091 137.179 -481.493 -164.054 96.6902 -481.493 -129.521 219.956 -481.493 -57.4845 230.169 -481.493 -109.71 353.435 -481.493 -37.6734 312.947 -481.493 -3.14096 400.193 -481.493 47.8457 -463.261 -481.493 711.019
  poly 9: -424.538 -441.493 700.24 -1067.42 -441.493 170.226 -316.73 -441.493 -406.34 -197.216 -441.493 -336.495 -187.003 -441.493 -388.721 -63.7368 -441.493 -316.684 -104.225 -441.493 -282.152 19.0407 -441.493 -210.115 29.2535 -441.493 -262.341 152.52 -441.493 -190.304 112.031 -441.493 -155.772 235.297 -441.493 -83.7347 245.51 -441.493 -135.96 368.776 -441.493 -63.9237 328.287 -441.493 -29.3912 440.251 -441.493 36.0406 -424.538 -441.493 700.24
element 3
  poly 0: 965.339 99.5367 -191.605 941.324 115.339 -219.552 868.471 42.5929 -198.082 892.486 26.7903 -170.135 965.339 99.5367 -191.605
  poly 1: 955.399 132.577 -168.308 931.384 148.38 -196.255 858.531 75.6333 -174.785 882.547 59.8307 -146.838 955.399 132.577 -168.308
  poly 2: 673.928 -191.449 -105.727 649.913 -175.646 -133.674 577.06 -248.393 -112.204 601.075 -264.195 -84.2575 673.928 -191.449 -105.727
  poly 3: 663.988 -158.409 -82.43 639.973 -142.606 -110.377 567.12 -215.352 -88.9075 591.135 -231.155 -60.9605 663.988 -158.409 -82.43
  poly 4: 577.457 308.965 -602.66 553.442 324.768 -630.607 454.372 225.843 -601.412 478.388 210.04 -573.465 577.457 308.965 -602.66
  poly 5: 567.517 342.006 -579.363 543.502 357.808 -607.31 444.432 258.883 -578.115 468.448 243.081 -550.168 567.517 342.006 -579.363
  poly 6: 181.179 -86.7348 -485.879 157.163 -70.9322 -513.826 58.0935 -169.857 -484.63 82.1088 -185.66 -456.683 181.179 -86.7348 -485.879
  poly 7: 171.239 -53.6944 -462.582 147.223 -37.8917 -490.529 48.1535 -136.817 -461.333 72.1689 -152.619 -433.386 171.239 -53.6944 -462.582
  poly 8: 443.221 -481.493 14.7976 353.435 -481.493 -37.6734 368.776 -441.493 -63.9237 245.51 -441.493 -135.96 230.169 -481.493 -109.71 137.179 -481.493 -164.054 152.52 -441.493 -190.304 29.2535 -441.493 -262.341 13.9128 -481.493 -236.091 -79.0774 -481.493 -290.434 -63.7368 -441.493 -316.684 -187.003 -441.493 -388.721 -202.344 -481.493 -362.471 -313.76 -481.493 -427.583 648.034 478.896 -711.019 1106.14 180.46 -180.563 443.221 -481.493 14.7976
  poly 9: 400.193 -481.493 47.8457 312.947 -481.493 -3.14096 328.287 -441.493 -29.3912 235.297 -441.493 -83.7347 219.956 -481.493 -57.4845 96.6902 -481.493 -129.521 112.031 -441.493 -155.772 19.0407 -441.493 -210.115 3.70001 -481.493 -183.865 -119.566 -481.493 -255.902 -104.225 -441.493 -282.152 -197.216 -441.493 -336.495 -212.556 -481.493 -310.245 -356.789 -481.493 -394.535 606.357 480.246 -678.37 1064.47 181.811 -147.913 400.193 -481.493 47.8457
