element 0
  poly 0: -421.212 -2308.96 90.2467 -977.486 -1351.71 195.35 742.635 -1003.61 278.018 -977.493 -1351.7 195.351 742.576 -1003.61 278.017 1018.56 -1486.88 224.843 -421.212 -2308.96 90.2467
  poly 1: -421.548 -2343.76 337.908 -982.169 -1379.03 443.833 737.219 -1031.07 526.466 738.562 -1030.4 526.58 -982.379 -1378.66 443.873 744.103 -1029.28 526.847 738.958 -1031.86 526.409 1015.91 -1516.83 473.049 1026.87 -1516.2 473.379 1027.1 -1516.6 473.335 -421.548 -2343.76 337.908
element 1
  poly 0: 1016.62 -1483.35 224.831 744.161 -1006.23 276.902 1896.26 302.259 195.053 1896.23 302.304 195.058 2440.71 -648.272 91.1177 1016.62 -1483.35 224.831
  poly 1: 1031.25 -1523.92 473.37 747.588 -1027.18 527.583 750.931 -1023.38 527.346 770.696 -1015.23 525.347 1924.03 294.666 443.409 1919.76 304.112 444.307 1919.98 304.359 444.292 2480.44 -674.124 337.301 1031.25 -1523.92 473.37
element 2
  poly 0: -975.917 -1354.18 222.228 -1521.01 -410.041 222.228 -367.862 889.259 222.228 -368.102 889.102 222.228 1352.83 1246.45 222.228 1898.2 301.83 222.228 747.718 -996.713 222.228 -975.917 -1354.18 222.228
  poly 1: -987.801 -1382.75 472.228 -1548.27 -411.998 472.228 -1546.88 -410.441 472.228 -1523.85 -408.727 472.228 -369.552 891.861 472.228 -371.193 914.254 472.228 -371.206 914.24 472.228 -369.564 891.846 472.228 1353.1 1249.55 472.228 1363.35 1275.59 472.228 1364.28 1275.78 472.228 1924.07 306.203 472.228 746.323 -1023.11 472.228 -987.801 -1382.75 472.228
element 3
  poly 0: -1519.05 -410.818 195.154 -2064.16 540.726 91.0996 -640.005 1375.84 224.818 -366.64 897.031 277.068 -639.91 1375.89 224.827 -1519.05 -410.818 195.154
  poly 1: -1543.86 -410.25 444.154 -2103.56 566.769 337.313 -654.424 1416.53 473.377 -653.927 1415.66 473.472 -667.234 1388.45 473.03 -392.939 908.013 525.458 -372.893 918.656 527.386 -1543.86 -410.25 444.154
element 4
  poly 0: -365.724 895.701 278.073 -641.894 1379.4 224.851 798.138 2201.63 90.2297 1354.55 1244.03 195.374 -365.724 895.701 278.073
  poly 1: -371.645 921.212 527.023 -650.275 1409.21 473.327 798.166 2236.25 337.92 1358.68 1271.57 443.841 -371.645 921.212 527.023
