element 0
  poly 0: -600 -200 -20 -497.222 -200 -20 -483.14 -213.17 -20 -455.362 -213.17 -20 -483.527 -186.83 -20 -455.749 -186.83 -20 -427.584 -213.17 -20 -399.807 -213.17 -20 -427.971 -186.83 -20 -400.193 -186.83 -20 -372.029 -213.17 -20 -344.251 -213.17 -20 -372.416 -186.83 -20 -344.638 -186.83 -20 -316.473 -213.17 -20 -288.695 -213.17 -20 -302.778 -200 -20 -200 -200 -20 -200 -302.778 -20 -214.014 -284.026 -20 -214.014 -311.803 -20 -185.986 -349.308 -20 -185.986 -377.086 -20 -214.014 -339.581 -20 -214.014 -367.359 -20 -185.986 -404.863 -20 -185.986 -432.641 -20 -214.014 -395.137 -20 -214.014 -422.914 -20 -185.986 -460.419 -20 -185.986 -488.197 -20 -214.014 -450.692 -20 -214.014 -478.47 -20 -200 -497.222 -20 -200 -600 -20 -600 -600 -20 -600 -200 -20
  poly 1: -600 -200 20 -497.222 -200 20 -483.14 -213.17 20 -455.362 -213.17 20 -483.527 -186.83 20 -455.749 -186.83 20 -427.584 -213.17 20 -399.807 -213.17 20 -427.971 -186.83 20 -400.193 -186.83 20 -372.029 -213.17 20 -344.251 -213.17 20 -372.416 -186.83 20 -344.638 -186.83 20 -316.473 -213.17 20 -288.695 -213.17 20 -302.778 -200 20 -200 -200 20 -200 -302.778 20 -214.014 -284.026 20 -214.014 -311.803 20 -185.986 -349.308 20 -185.986 -377.086 20 -214.014 -339.581 20 -214.014 -367.359 20 -185.986 -404.863 20 -185.986 -432.641 20 -214.014 -395.137 20 -214.014 -422.914 20 -185.986 -460.419 20 -185.986 -488.197 20 -214.014 -450.692 20 -214.014 -478.47 20 -200 -497.222 20 -200 -600 20 -600 -600 20 -600 -200 20
element 1
  poly 0: -200 -200 -20 -97.2222 -200 -20 -95.0577 -210.217 -20 -67.2799 -210.217 -20 -71.609 -189.783 -20 -43.8312 -189.783 -20 -39.5021 -210.217 -20 -11.7244 -210.217 -20 -16.0534 -189.783 -20 11.7244 -189.783 -20 16.0534 -210.217 -20 43.8312 -210.217 -20 39.5021 -189.783 -20 67.2799 -189.783 -20 71.609 -210.217 -20 99.3867 -210.217 -20 97.2222 -200 -20 200 -200 -20 200 -302.778 -20 185.986 -284.026 -20 185.986 -311.803 -20 214.014 -349.308 -20 214.014 -377.086 -20 185.986 -339.581 -20 185.986 -367.359 -20 214.014 -404.863 -20 214.014 -432.641 -20 185.986 -395.137 -20 185.986 -422.914 -20 214.014 -460.419 -20 214.014 -488.197 -20 185.986 -450.692 -20 185.986 -478.47 -20 200 -497.222 -20 200 -600 -20 -200 -600 -20 -200 -497.222 -20 -214.014 -478.47 -20 -214.014 -450.692 -20 -185.986 -488.197 -20 -185.986 -460.419 -20 -214.014 -422.914 -20 -214.014 -395.137 -20 -185.986 -432.641 -20 -185.986 -404.863 -20 -214.014 -367.359 -20 -214.014 -339.581 -20 -185.986 -377.086 -20 -185.986 -349.308 -20 -214.014 -311.803 -20 -214.014 -284.026 -20 -200 -302.778 -20 -200 -200 -20
  poly 1: -200 -200 20 -97.2222 -200 20 -95.0577 -210.217 20 -67.2799 -210.217 20 -71.609 -189.783 20 -43.8312 -189.783 20 -39.5021 -210.217 20 -11.7244 -210.217 20 -16.0534 -189.783 20 11.7244 -189.783 20 16.0534 -210.217 20 43.8312 -210.217 20 39.5021 -189.783 20 67.2799 -189.783 20 71.609 -210.217 20 99.3867 -210.217 20 97.2222 -200 20 200 -200 20 200 -302.778 20 185.986 -284.026 20 185.986 -311.803 20 214.014 -349.308 20 214.014 -377.086 20 185.986 -339.581 20 185.986 -367.359 20 214.014 -404.863 20 214.014 -432.641 20 185.986 -395.137 20 185.986 -422.914 20 214.014 -460.419 20 214.014 -488.197 20 185.986 -450.692 20 185.986 -478.47 20 200 -497.222 20 200 -600 20 -200 -600 20 -200 -497.222 20 -214.014 -478.47 20 -214.014 -450.692 20 -185.986 -488.197 20 -185.986 -460.419 20 -214.014 -422.914 20 -214.014 -395.137 20 -185.986 -432.641 20 -185.986 -404.863 20 -214.014 -367.359 20 -214.014 -339.581 20 -185.986 -377.086 20 -185.986 -349.308 20 -214.014 -311.803 20 -214.014 -284.026 20 -200 -302.778 20 -200 -200 20
element 2
  poly 0: -600 200 -20 -497.222 200 -20 -497.222 190 -20 -469.444 190 -20 -469.444 210 -20 -441.667 210 -20 -441.667 190 -20 -413.889 190 -20 -413.889 210 -20 -386.111 210 -20 -386.111 190 -20 -358.333 190 -20 -358.333 210 -20 -330.556 210 -20 -330.556 190 -20 -302.778 190 -20 -302.778 200 -20 -200 200 -20 -200 97.2222 -20 -212.696 109.096 -20 -212.696 81.3177 -20 -187.304 57.5712 -20 -187.304 29.7934 -20 -212.696 53.54 -20 -212.696 25.7622 -20 -187.304 2.0156 -20 -187.304 -25.7622 -20 -212.696 -2.0156 -20 -212.696 -29.7934 -20 -187.304 -53.54 -20 -187.304 -81.3177 -20 -212.696 -57.5712 -20 -212.696 -85.3489 -20 -200 -97.2222 -20 -200 -200 -20 -302.778 -200 -20 -288.695 -213.17 -20 -316.473 -213.17 -20 -344.638 -186.83 -20 -372.416 -186.83 -20 -344.251 -213.17 -20 -372.029 -213.17 -20 -400.193 -186.83 -20 -427.971 -186.83 -20 -399.807 -213.17 -20 -427.584 -213.17 -20 -455.749 -186.83 -20 -483.527 -186.83 -20 -455.362 -213.17 -20 -483.14 -213.17 -20 -497.222 -200 -20 -600 -200 -20 -600 200 -20
  poly 1: -600 200 20 -497.222 200 20 -497.222 190 20 -469.444 190 20 -469.444 210 20 -441.667 210 20 -441.667 190 20 -413.889 190 20 -413.889 210 20 -386.111 210 20 -386.111 190 20 -358.333 190 20 -358.333 210 20 -330.556 210 20 -330.556 190 20 -302.778 190 20 -302.778 200 20 -200 200 20 -200 97.2222 20 -212.696 109.096 20 -212.696 81.3177 20 -187.304 57.5712 20 -187.304 29.7934 20 -212.696 53.54 20 -212.696 25.7622 20 -187.304 2.0156 20 -187.304 -25.7622 20 -212.696 -2.0156 20 -212.696 -29.7934 20 -187.304 -53.54 20 -187.304 -81.3177 20 -212.696 -57.5712 20 -212.696 -85.3489 20 -200 -97.2222 20 -200 -200 20 -302.778 -200 20 -288.695 -213.17 20 -316.473 -213.17 20 -344.638 -186.83 20 -372.416 -186.83 20 -344.251 -213.17 20 -372.029 -213.17 20 -400.193 -186.83 20 -427.971 -186.83 20 -399.807 -213.17 20 -427.584 -213.17 20 -455.749 -186.83 20 -483.527 -186.83 20 -455.362 -213.17 20 -483.14 -213.17 20 -497.222 -200 20 -600 -200 20 -600 200 20
element 3
  poly 0: -200 200 -20 -97.2222 200 -20 -97.2222 190 -20 -69.4444 190 -20 -69.4444 210 -20 -41.6667 210 -20 -41.6667 190 -20 -13.8889 190 -20 -13.8889 210 -20 13.8889 210 -20 13.8889 190 -20 41.6667 190 -20 41.6667 210 -20 69.4444 210 -20 69.4444 190 -20 97.2222 190 -20 97.2222 200 -20 200 200 -20 200 97.2222 -20 182.073 181.845 -20 182.073 154.067 -20 217.927 -15.1781 -20 217.927 -42.9559 -20 182.073 126.289 -20 182.073 98.5115 -20 217.927 -70.7337 -20 217.927 -98.5115 -20 182.073 70.7337 -20 182.073 42.9559 -20 217.927 -126.289 -20 217.927 -154.067 -20 182.073 15.1781 -20 182.073 -12.5996 -20 200 -97.2222 -20 200 -200 -20 97.2222 -200 -20 99.3867 -210.217 -20 71.609 -210.217 -20 67.2799 -189.783 -20 39.5021 -189.783 -20 43.8312 -210.217 -20 16.0534 -210.217 -20 11.7244 -189.783 -20 -16.0534 -189.783 -20 -11.7244 -210.217 -20 -39.5021 -210.217 -20 -43.8312 -189.783 -20 -71.609 -189.783 -20 -67.2799 -210.217 -20 -95.0577 -210.217 -20 -97.2222 -200 -20 -200 -200 -20 -200 -97.2222 -20 -212.696 -85.3489 -20 -212.696 -57.5712 -20 -187.304 -81.3177 -20 -187.304 -53.54 -20 -212.696 -29.7934 -20 -212.696 -2.0156 -20 -187.304 -25.7622 -20 -187.304 2.0156 -20 -212.696 25.7622 -20 -212.696 53.54 -20 -187.304 29.7934 -20 -187.304 57.5712 -20 -212.696 81.3177 -20 -212.696 109.096 -20 -200 97.2222 -20 -200 200 -20
  poly 1: -200 200 20 -97.2222 200 20 -97.2222 190 20 -69.4444 190 20 -69.4444 210 20 -41.6667 210 20 -41.6667 190 20 -13.8889 190 20 -13.8889 210 20 13.8889 210 20 13.8889 190 20 41.6667 190 20 41.6667 210 20 69.4444 210 20 69.4444 190 20 97.2222 190 20 97.2222 200 20 200 200 20 200 97.2222 20 182.073 181.845 20 182.073 154.067 20 217.927 -15.1781 20 217.927 -42.9559 20 182.073 126.289 20 182.073 98.5115 20 217.927 -70.7337 20 217.927 -98.5115 20 182.073 70.7337 20 182.073 42.9559 20 217.927 -126.289 20 217.927 -154.067 20 182.073 15.1781 20 182.073 -12.5996 20 200 -97.2222 20 200 -200 20 97.2222 -200 20 99.3867 -210.217 20 71.609 -210.217 20 67.2799 -189.783 20 39.5021 -189.783 20 43.8312 -210.217 20 16.0534 -210.217 20 11.7244 -189.783 20 -16.0534 -189.783 20 -11.7244 -210.217 20 -39.5021 -210.217 20 -43.8312 -189.783 20 -71.609 -189.783 20 -67.2799 -210.217 20 -95.0577 -210.217 20 -97.2222 -200 20 -200 -200 20 -200 -97.2222 20 -212.696 -85.3489 20 -212.696 -57.5712 20 -187.304 -81.3177 20 -187.304 -53.54 20 -212.696 -29.7934 20 -212.696 -2.0156 20 -187.304 -25.7622 20 -187.304 2.0156 20 -212.696 25.7622 20 -212.696 53.54 20 -187.304 29.7934 20 -187.304 57.5712 20 -212.696 81.3177 20 -212.696 109.096 20 -200 97.2222 20 -200 200 20
element 4
  poly 0: -600 600 -20 -200 600 -20 -200 497.222 -20 -210 497.222 -20 -210 469.444 -20 -190 469.444 -20 -190 441.667 -20 -210 441.667 -20 -210 413.889 -20 -190 413.889 -20 -190 386.111 -20 -210 386.111 -20 -210 358.333 -20 -190 358.333 -20 -190 330.556 -20 -210 330.556 -20 -210 302.778 -20 -200 302.778 -20 -200 200 -20 -302.778 200 -20 -302.778 190 -20 -330.556 190 -20 -330.556 210 -20 -358.333 210 -20 -358.333 190 -20 -386.111 190 -20 -386.111 210 -20 -413.889 210 -20 -413.889 190 -20 -441.667 190 -20 -441.667 210 -20 -469.444 210 -20 -469.444 190 -20 -497.222 190 -20 -497.222 200 -20 -600 200 -20 -600 600 -20
  poly 1: -600 600 20 -200 600 20 -200 497.222 20 -210 497.222 20 -210 469.444 20 -190 469.444 20 -190 441.667 20 -210 441.667 20 -210 413.889 20 -190 413.889 20 -190 386.111 20 -210 386.111 20 -210 358.333 20 -190 358.333 20 -190 330.556 20 -210 330.556 20 -210 302.778 20 -200 302.778 20 -200 200 20 -302.778 200 20 -302.778 190 20 -330.556 190 20 -330.556 210 20 -358.333 210 20 -358.333 190 20 -386.111 190 20 -386.111 210 20 -413.889 210 20 -413.889 190 20 -441.667 190 20 -441.667 210 20 -469.444 210 20 -469.444 190 20 -497.222 190 20 -497.222 200 20 -600 200 20 -600 600 20
element 5
  poly 0: -200 600 -20 200 600 -20 200 497.222 -20 190 497.222 -20 190 469.444 -20 210 469.444 -20 210 441.667 -20 190 441.667 -20 190 413.889 -20 210 413.889 -20 210 386.111 -20 190 386.111 -20 190 358.333 -20 210 358.333 -20 210 330.556 -20 190 330.556 -20 190 302.778 -20 200 302.778 -20 200 200 -20 97.2222 200 -20 97.2222 190 -20 69.4444 190 -20 69.4444 210 -20 41.6667 210 -20 41.6667 190 -20 13.8889 190 -20 13.8889 210 -20 -13.8889 210 -20 -13.8889 190 -20 -41.6667 190 -20 -41.6667 210 -20 -69.4444 210 -20 -69.4444 190 -20 -97.2222 190 -20 -97.2222 200 -20 -200 200 -20 -200 302.778 -20 -210 302.778 -20 -210 330.556 -20 -190 330.556 -20 -190 358.333 -20 -210 358.333 -20 -210 386.111 -20 -190 386.111 -20 -190 413.889 -20 -210 413.889 -20 -210 441.667 -20 -190 441.667 -20 -190 469.444 -20 -210 469.444 -20 -210 497.222 -20 -200 497.222 -20 -200 600 -20
  poly 1: -200 600 20 200 600 20 200 497.222 20 190 497.222 20 190 469.444 20 210 469.444 20 210 441.667 20 190 441.667 20 190 413.889 20 210 413.889 20 210 386.111 20 190 386.111 20 190 358.333 20 210 358.333 20 210 330.556 20 190 330.556 20 190 302.778 20 200 302.778 20 200 200 20 97.2222 200 20 97.2222 190 20 69.4444 190 20 69.4444 210 20 41.6667 210 20 41.6667 190 20 13.8889 190 20 13.8889 210 20 -13.8889 210 20 -13.8889 190 20 -41.6667 190 20 -41.6667 210 20 -69.4444 210 20 -69.4444 190 20 -97.2222 190 20 -97.2222 200 20 -200 200 20 -200 302.778 20 -210 302.778 20 -210 330.556 20 -190 330.556 20 -190 358.333 20 -210 358.333 20 -210 386.111 20 -190 386.111 20 -190 413.889 20 -210 413.889 20 -210 441.667 20 -190 441.667 20 -190 469.444 20 -210 469.444 20 -210 497.222 20 -200 497.222 20 -200 600 20
element 6
  poly 0: 200 -200 -20 302.778 -200 -20 296.517 -211.26 -20 324.294 -211.26 -20 336.817 -188.74 -20 364.594 -188.74 -20 352.072 -211.26 -20 379.85 -211.26 -20 392.372 -188.74 -20 420.15 -188.74 -20 407.628 -211.26 -20 435.406 -211.26 -20 447.928 -188.74 -20 475.706 -188.74 -20 463.183 -211.26 -20 490.961 -211.26 -20 497.222 -200 -20 600 -200 -20 600 -600 -20 200 -600 -20 200 -497.222 -20 185.986 -478.47 -20 185.986 -450.692 -20 214.014 -488.197 -20 214.014 -460.419 -20 185.986 -422.914 -20 185.986 -395.137 -20 214.014 -432.641 -20 214.014 -404.863 -20 185.986 -367.359 -20 185.986 -339.581 -20 214.014 -377.086 -20 214.014 -349.308 -20 185.986 -311.803 -20 185.986 -284.026 -20 200 -302.778 -20 200 -200 -20
  poly 1: 200 -200 20 302.778 -200 20 296.517 -211.26 20 324.294 -211.26 20 336.817 -188.74 20 364.594 -188.74 20 352.072 -211.26 20 379.85 -211.26 20 392.372 -188.74 20 420.15 -188.74 20 407.628 -211.26 20 435.406 -211.26 20 447.928 -188.74 20 475.706 -188.74 20 463.183 -211.26 20 490.961 -211.26 20 497.222 -200 20 600 -200 20 600 -600 20 200 -600 20 200 -497.222 20 185.986 -478.47 20 185.986 -450.692 20 214.014 -488.197 20 214.014 -460.419 20 185.986 -422.914 20 185.986 -395.137 20 214.014 -432.641 20 214.014 -404.863 20 185.986 -367.359 20 185.986 -339.581 20 214.014 -377.086 20 214.014 -349.308 20 185.986 -311.803 20 185.986 -284.026 20 200 -302.778 20 200 -200 20
element 7
  poly 0: 200 200 -20 302.778 200 -20 302.778 190 -20 330.556 190 -20 330.556 210 -20 358.333 210 -20 358.333 190 -20 386.111 190 -20 386.111 210 -20 413.889 210 -20 413.889 190 -20 441.667 190 -20 441.667 210 -20 469.444 210 -20 469.444 190 -20 497.222 190 -20 497.222 200 -20 600 200 -20 600 -200 -20 497.222 -200 -20 490.961 -211.26 -20 463.183 -211.26 -20 475.706 -188.74 -20 447.928 -188.74 -20 435.406 -211.26 -20 407.628 -211.26 -20 420.15 -188.74 -20 392.372 -188.74 -20 379.85 -211.26 -20 352.072 -211.26 -20 364.594 -188.74 -20 336.817 -188.74 -20 324.294 -211.26 -20 296.517 -211.26 -20 302.778 -200 -20 200 -200 -20 200 -97.2222 -20 182.073 -12.5996 -20 182.073 15.1781 -20 217.927 -154.067 -20 217.927 -126.289 -20 182.073 42.9559 -20 182.073 70.7337 -20 217.927 -98.5115 -20 217.927 -70.7337 -20 182.073 98.5115 -20 182.073 126.289 -20 217.927 -42.9559 -20 217.927 -15.1781 -20 182.073 154.067 -20 182.073 181.845 -20 200 97.2222 -20 200 200 -20
  poly 1: 200 200 20 302.778 200 20 302.778 190 20 330.556 190 20 330.556 210 20 358.333 210 20 358.333 190 20 386.111 190 20 386.111 210 20 413.889 210 20 413.889 190 20 441.667 190 20 441.667 210 20 469.444 210 20 469.444 190 20 497.222 190 20 497.222 200 20 600 200 20 600 -200 20 497.222 -200 20 490.961 -211.26 20 463.183 -211.26 20 475.706 -188.74 20 447.928 -188.74 20 435.406 -211.26 20 407.628 -211.26 20 420.15 -188.74 20 392.372 -188.74 20 379.85 -211.26 20 352.072 -211.26 20 364.594 -188.74 20 336.817 -188.74 20 324.294 -211.26 20 296.517 -211.26 20 302.778 -200 20 200 -200 20 200 -97.2222 20 182.073 -12.5996 20 182.073 15.1781 20 217.927 -154.067 20 217.927 -126.289 20 182.073 42.9559 20 182.073 70.7337 20 217.927 -98.5115 20 217.927 -70.7337 20 182.073 98.5115 20 182.073 126.289 20 217.927 -42.9559 20 217.927 -15.1781 20 182.073 154.067 20 182.073 181.845 20 200 97.2222 20 200 200 20
element 8
  poly 0: 200 600 -20 600 600 -20 600 200 -20 497.222 200 -20 497.222 190 -20 469.444 190 -20 469.444 210 -20 441.667 210 -20 441.667 190 -20 413.889 190 -20 413.889 210 -20 386.111 210 -20 386.111 190 -20 358.333 190 -20 358.333 210 -20 330.556 210 -20 330.556 190 -20 302.778 190 -20 302.778 200 -20 200 200 -20 200 302.778 -20 190 302.778 -20 190 330.556 -20 210 330.556 -20 210 358.333 -20 190 358.333 -20 190 386.111 -20 210 386.111 -20 210 413.889 -20 190 413.889 -20 190 441.667 -20 210 441.667 -20 210 469.444 -20 190 469.444 -20 190 497.222 -20 200 497.222 -20 200 600 -20
  poly 1: 200 600 20 600 600 20 600 200 20 497.222 200 20 497.222 190 20 469.444 190 20 469.444 210 20 441.667 210 20 441.667 190 20 413.889 190 20 413.889 210 20 386.111 210 20 386.111 190 20 358.333 190 20 358.333 210 20 330.556 210 20 330.556 190 20 302.778 190 20 302.778 200 20 200 200 20 200 302.778 20 190 302.778 20 190 330.556 20 210 330.556 20 210 358.333 20 190 358.333 20 190 386.111 20 210 386.111 20 210 413.889 20 190 413.889 20 190 441.667 20 210 441.667 20 210 469.444 20 190 469.444 20 190 497.222 20 200 497.222 20 200 600 20
