element 0
  poly 0: 1515.69 147.23 25.0815 2667.35 2592.61 -5451.98
element 1
  poly 0: -562.484 -4265.46 9908.43 1515.69 147.23 25.0815
element 2
  poly 0: 1607.18 341.486 -410.005 -16235.4 3086.57 -4847.1
element 3
  poly 0: -1458.68 470.741 25.0815 4490.06 -176.28 25.0815
element 4
  poly 0: 19260 -3187.18 175.081 1484.15 80.2588 175.081
element 5
  poly 0: 1484.15 80.2588 175.081 -15767.7 682.528 175.081
element 6
  poly 0: 1701.69 88.2716 -224.399 1795.97 288.459 -672.77 1807.07 561.332 -548.604 1712.79 361.144 -100.233 1701.69 88.2716 -224.399
element 7
  poly 0: 1407.28 121.641 -271.406 1501.56 321.829 -719.777 1512.66 594.701 -595.611 1418.38 394.514 -147.24 1407.28 121.641 -271.406
element 8
  poly 0: 1428.63 166.982 -372.957 1319.94 183.704 -399.987 1403.41 300.229 -663.531 1485.44 287.608 -643.13 1428.63 166.982 -372.957
element 9
  poly 0: 1439.74 439.854 -248.791 1331.04 456.577 -275.821 1414.51 573.102 -539.365 1496.55 560.48 -518.964 1439.74 439.854 -248.791
element 10
  poly 0: 1709.67 326.664 -47.4248 1724.1 357.319 -116.083 1430.95 407.598 -155.275 1408.28 359.445 -47.4248 1709.67 326.664 -47.4248
element 11
  poly 0: 1680.27 56.3958 -174.275 1694.71 87.0502 -242.933 1401.56 137.329 -282.125 1378.88 89.1768 -174.275 1680.27 56.3958 -174.275
element 12
  poly 0: 1288.71 372.45 -47.4248 1785.78 318.385 -47.4248 1756.38 48.1171 -174.275 1259.32 102.181 -174.275 1288.71 372.45 -47.4248
element 13
  poly 0: 1275 246.344 224.438 1772.06 192.279 224.438 1742.67 -77.989 97.5877 1245.6 -23.9248 97.5877 1275 246.344 224.438
element 14
  poly 0: 1351.11 238.065 224.438 1336.67 207.41 293.096 1629.82 157.131 332.288 1652.5 205.284 224.438 1351.11 238.065 224.438
element 15
  poly 0: 1321.72 -32.2036 97.5877 1307.28 -62.8579 166.246 1600.43 -113.137 205.438 1623.1 -64.9845 97.5877 1321.72 -32.2036 97.5877
element 16
  poly 0: 1288.71 372.45 -47.4248 1785.78 318.385 -47.4248 1756.38 48.1171 -174.275 1259.32 102.181 -174.275 1288.71 372.45 -47.4248
element 17
  poly 0: 1275 246.344 224.438 1772.06 192.279 224.438 1742.67 -77.989 97.5877 1245.6 -23.9248 97.5877 1275 246.344 224.438
element 18
  poly 0: 1557.8 -187.111 349.98 1652.08 13.0766 -98.3908 1701.03 279.374 30.7975 1606.75 79.1868 479.168 1557.8 -187.111 349.98
element 19
  poly 0: 1267.27 -118.857 319.365 1361.55 81.3308 -129.005 1410.5 347.628 0.18283 1316.22 147.441 448.554 1267.27 -118.857 319.365
element 20
  poly 0: 1636.62 -19.7389 -24.8921 1717.23 -34.5563 -24.8921 1693.88 -161.616 245.867 1579.69 -140.627 245.867 1636.62 -19.7389 -24.8921
element 21
  poly 0: 1685.57 246.559 104.296 1766.18 231.741 104.296 1742.83 104.682 375.055 1628.64 125.671 375.055 1685.57 246.559 104.296
element 22
  poly 0: 1579.48 -172.315 361.145 1673.76 27.8726 -87.2264 1683.29 300.919 36.6871 1589.01 100.732 485.058 1579.48 -172.315 361.145
element 23
  poly 0: 1285.01 -140.402 313.476 1379.29 59.7854 -134.895 1388.82 332.832 -10.9816 1294.54 132.645 437.389 1285.01 -140.402 313.476
element 24
  poly 0: 1298.42 -111.941 249.731 1227.37 -109.461 249.731 1231.7 14.3767 -23.4819 1355.86 10.042 -23.4819 1298.42 -111.941 249.731
element 25
  poly 0: 1307.95 161.105 373.645 1236.91 163.585 373.645 1241.23 287.424 100.432 1365.4 283.089 100.432 1307.95 161.105 373.645
