element 0
  poly 0: -410.914 -410.914 -303.875 -289.014 -410.914 -303.875 -289.014 -410.914 -260.075 -96.3381 -410.914 -260.075 -96.3381 -410.914 -303.875 96.3381 -410.914 -303.875 96.3381 -410.914 -260.075 289.014 -410.914 -260.075 289.014 -410.914 -303.875 410.914 -410.914 -303.875 410.914 -410.914 -181.975 367.114 -410.914 -181.975 367.114 -410.914 -60.6583 410.914 -410.914 -60.6583 410.914 -410.914 60.6583 367.114 -410.914 60.6583 367.114 -410.914 181.975 410.914 -410.914 181.975 410.914 -410.914 303.875 289.014 -410.914 303.875 289.014 -410.914 260.075 96.3381 -410.914 260.075 96.3381 -410.914 303.875 -96.3381 -410.914 303.875 -96.3381 -410.914 260.075 -289.014 -410.914 260.075 -289.014 -410.914 303.875 -410.914 -410.914 303.875 -410.914 -410.914 181.975 -367.114 -410.914 181.975 -367.114 -410.914 60.6583 -410.914 -410.914 60.6583 -410.914 -410.914 -60.6583 -367.114 -410.914 -60.6583 -367.114 -410.914 -181.975 -410.914 -410.914 -181.975 -410.914 -410.914 -303.875
  poly 1: -367.114 -367.114 -260.075 -289.014 -367.114 -260.075 -289.014 -367.114 -260.075 -96.3381 -367.114 -260.075 -96.3381 -367.114 -303.875 96.3381 -367.114 -303.875 96.3381 -367.114 -260.075 289.014 -367.114 -260.075 289.014 -367.114 -260.075 367.114 -367.114 -260.075 367.114 -367.114 -181.975 367.114 -367.114 -181.975 367.114 -367.114 -60.6583 410.914 -367.114 -60.6583 410.914 -367.114 60.6583 367.114 -367.114 60.6583 367.114 -367.114 181.975 367.114 -367.114 181.975 367.114 -367.114 260.075 289.014 -367.114 260.075 289.014 -367.114 260.075 96.3381 -367.114 260.075 96.3381 -367.114 303.875 -96.3381 -367.114 303.875 -96.3381 -367.114 260.075 -289.014 -367.114 260.075 -289.014 -367.114 260.075 -367.114 -367.114 260.075 -367.114 -367.114 181.975 -367.114 -367.114 181.975 -367.114 -367.114 60.6583 -410.914 -367.114 60.6583 -410.914 -367.114 -60.6583 -367.114 -367.114 -60.6583 -367.114 -367.114 -181.975 -367.114 -367.114 -181.975 -367.114 -367.114 -260.075
element 1
  poly 0: 410.914 -410.914 303.875 410.914 -410.914 181.975 410.914 -410.914 181.975 410.914 -410.914 60.6583 410.914 -367.114 60.6583 410.914 -367.114 -60.6583 410.914 -410.914 -60.6583 410.914 -410.914 -181.975 410.914 -410.914 -181.975 410.914 -410.914 -303.875 410.914 -289.014 -303.875 410.914 -289.014 -260.075 410.914 -96.3381 -260.075 410.914 -96.3381 -303.875 410.914 96.3381 -303.875 410.914 96.3381 -260.075 410.914 289.014 -260.075 410.914 289.014 -303.875 410.914 410.914 -303.875 410.914 410.914 -181.975 410.914 367.114 -181.975 410.914 367.114 -60.6583 410.914 410.914 -60.6583 410.914 410.914 60.6583 410.914 367.114 60.6583 410.914 367.114 181.975 410.914 410.914 181.975 410.914 410.914 303.875 410.914 289.014 303.875 410.914 289.014 260.075 410.914 96.3381 260.075 410.914 96.3381 303.875 410.914 -96.3381 303.875 410.914 -96.3381 260.075 410.914 -289.014 260.075 410.914 -289.014 303.875 410.914 -410.914 303.875
  poly 1: 367.114 -367.114 260.075 367.114 -367.114 181.975 367.114 -410.914 181.975 367.114 -410.914 60.6583 367.114 -367.114 60.6583 367.114 -367.114 -60.6583 367.114 -410.914 -60.6583 367.114 -410.914 -181.975 367.114 -367.114 -181.975 367.114 -367.114 -260.075 367.114 -289.014 -260.075 367.114 -289.014 -260.075 367.114 -96.3381 -260.075 367.114 -96.3381 -303.875 367.114 96.3381 -303.875 367.114 96.3381 -260.075 367.114 289.014 -260.075 367.114 289.014 -260.075 367.114 367.114 -260.075 367.114 367.114 -181.975 367.114 367.114 -181.975 367.114 367.114 -60.6583 367.114 410.914 -60.6583 367.114 410.914 60.6583 367.114 367.114 60.6583 367.114 367.114 181.975 367.114 367.114 181.975 367.114 367.114 260.075 367.114 289.014 260.075 367.114 289.014 260.075 367.114 96.3381 260.075 367.114 96.3381 303.875 367.114 -96.3381 303.875 367.114 -96.3381 260.075 367.114 -289.014 260.075 367.114 -289.014 260.075 367.114 -367.114 260.075
element 2
  poly 0: 410.914 410.914 303.875 410.914 410.914 181.975 410.914 410.914 181.975 410.914 410.914 60.6583 367.114 410.914 60.6583 367.114 410.914 -60.6583 410.914 410.914 -60.6583 410.914 410.914 -181.975 410.914 410.914 -181.975 410.914 410.914 -303.875 289.014 410.914 -303.875 289.014 410.914 -260.075 96.3381 410.914 -260.075 96.3381 410.914 -303.875 -96.3381 410.914 -303.875 -96.3381 410.914 -260.075 -289.014 410.914 -260.075 -289.014 410.914 -303.875 -410.914 410.914 -303.875 -410.914 410.914 -181.975 -367.114 410.914 -181.975 -367.114 410.914 -60.6583 -410.914 410.914 -60.6583 -410.914 410.914 60.6583 -367.114 410.914 60.6583 -367.114 410.914 181.975 -410.914 410.914 181.975 -410.914 410.914 303.875 -289.014 410.914 303.875 -289.014 410.914 260.075 -96.3381 410.914 260.075 -96.3381 410.914 303.875 96.3381 410.914 303.875 96.3381 410.914 260.075 289.014 410.914 260.075 289.014 410.914 303.875 410.914 410.914 303.875
  poly 1: 367.114 367.114 260.075 367.114 367.114 181.975 410.914 367.114 181.975 410.914 367.114 60.6583 367.114 367.114 60.6583 367.114 367.114 -60.6583 410.914 367.114 -60.6583 410.914 367.114 -181.975 367.114 367.114 -181.975 367.114 367.114 -260.075 289.014 367.114 -260.075 289.014 367.114 -260.075 96.3381 367.114 -260.075 96.3381 367.114 -303.875 -96.3381 367.114 -303.875 -96.3381 367.114 -260.075 -289.014 367.114 -260.075 -289.014 367.114 -260.075 -367.114 367.114 -260.075 -367.114 367.114 -181.975 -367.114 367.114 -181.975 -367.114 367.114 -60.6583 -410.914 367.114 -60.6583 -410.914 367.114 60.6583 -367.114 367.114 60.6583 -367.114 367.114 181.975 -367.114 367.114 181.975 -367.114 367.114 260.075 -289.014 367.114 260.075 -289.014 367.114 260.075 -96.3381 367.114 260.075 -96.3381 367.114 303.875 96.3381 367.114 303.875 96.3381 367.114 260.075 289.014 367.114 260.075 289.014 367.114 260.075 367.114 367.114 260.075
element 3
  poly 0: -410.914 -410.914 -303.875 -410.914 -410.914 -181.975 -410.914 -410.914 -181.975 -410.914 -410.914 -60.6583 -410.914 -367.114 -60.6583 -410.914 -367.114 60.6583 -410.914 -410.914 60.6583 -410.914 -410.914 181.975 -410.914 -410.914 181.975 -410.914 -410.914 303.875 -410.914 -289.014 303.875 -410.914 -289.014 260.075 -410.914 -96.3381 260.075 -410.914 -96.3381 303.875 -410.914 96.3381 303.875 -410.914 96.3381 260.075 -410.914 289.014 260.075 -410.914 289.014 303.875 -410.914 410.914 303.875 -410.914 410.914 181.975 -410.914 410.914 181.975 -410.914 410.914 60.6583 -410.914 367.114 60.6583 -410.914 367.114 -60.6583 -410.914 410.914 -60.6583 -410.914 410.914 -181.975 -410.914 410.914 -181.975 -410.914 410.914 -303.875 -410.914 289.014 -303.875 -410.914 289.014 -260.075 -410.914 96.3381 -260.075 -410.914 96.3381 -303.875 -410.914 -96.3381 -303.875 -410.914 -96.3381 -260.075 -410.914 -289.014 -260.075 -410.914 -289.014 -303.875 -410.914 -410.914 -303.875
  poly 1: -367.114 -367.114 -260.075 -367.114 -367.114 -181.975 -367.114 -410.914 -181.975 -367.114 -410.914 -60.6583 -367.114 -367.114 -60.6583 -367.114 -367.114 60.6583 -367.114 -410.914 60.6583 -367.114 -410.914 181.975 -367.114 -367.114 181.975 -367.114 -367.114 260.075 -367.114 -289.014 260.075 -367.114 -289.014 260.075 -367.114 -96.3381 260.075 -367.114 -96.3381 303.875 -367.114 96.3381 303.875 -367.114 96.3381 260.075 -367.114 289.014 260.075 -367.114 289.014 260.075 -367.114 367.114 260.075 -367.114 367.114 181.975 -367.114 410.914 181.975 -367.114 410.914 60.6583 -367.114 367.114 60.6583 -367.114 367.114 -60.6583 -367.114 410.914 -60.6583 -367.114 410.914 -181.975 -367.114 367.114 -181.975 -367.114 367.114 -260.075 -367.114 289.014 -260.075 -367.114 289.014 -260.075 -367.114 96.3381 -260.075 -367.114 96.3381 -303.875 -367.114 -96.3381 -303.875 -367.114 -96.3381 -260.075 -367.114 -289.014 -260.075 -367.114 -289.014 -260.075 -367.114 -367.114 -260.075
element 4
  poly 0: 410.914 410.914 -303.875 410.914 289.014 -303.875 410.914 289.014 -303.875 410.914 96.3381 -303.875 367.114 96.3381 -303.875 367.114 -96.3381 -303.875 410.914 -96.3381 -303.875 410.914 -289.014 -303.875 410.914 -289.014 -303.875 410.914 -410.914 -303.875 289.014 -410.914 -303.875 289.014 -410.914 -303.875 96.3381 -410.914 -303.875 96.3381 -367.114 -303.875 -96.3381 -367.114 -303.875 -96.3381 -410.914 -303.875 -289.014 -410.914 -303.875 -289.014 -410.914 -303.875 -410.914 -410.914 -303.875 -410.914 -289.014 -303.875 -410.914 -289.014 -303.875 -410.914 -96.3381 -303.875 -367.114 -96.3381 -303.875 -367.114 96.3381 -303.875 -410.914 96.3381 -303.875 -410.914 289.014 -303.875 -410.914 289.014 -303.875 -410.914 410.914 -303.875 -289.014 410.914 -303.875 -289.014 410.914 -303.875 -96.3381 410.914 -303.875 -96.3381 367.114 -303.875 96.3381 367.114 -303.875 96.3381 410.914 -303.875 289.014 410.914 -303.875 289.014 410.914 -303.875 410.914 410.914 -303.875
  poly 1: 367.114 367.114 -260.075 367.114 289.014 -260.075 410.914 289.014 -260.075 410.914 96.3381 -260.075 367.114 96.3381 -260.075 367.114 -96.3381 -260.075 410.914 -96.3381 -260.075 410.914 -289.014 -260.075 367.114 -289.014 -260.075 367.114 -367.114 -260.075 289.014 -367.114 -260.075 289.014 -410.914 -260.075 96.3381 -410.914 -260.075 96.3381 -367.114 -260.075 -96.3381 -367.114 -260.075 -96.3381 -410.914 -260.075 -289.014 -410.914 -260.075 -289.014 -367.114 -260.075 -367.114 -367.114 -260.075 -367.114 -289.014 -260.075 -410.914 -289.014 -260.075 -410.914 -96.3381 -260.075 -367.114 -96.3381 -260.075 -367.114 96.3381 -260.075 -410.914 96.3381 -260.075 -410.914 289.014 -260.075 -367.114 289.014 -260.075 -367.114 367.114 -260.075 -289.014 367.114 -260.075 -289.014 410.914 -260.075 -96.3381 410.914 -260.075 -96.3381 367.114 -260.075 96.3381 367.114 -260.075 96.3381 410.914 -260.075 289.014 410.914 -260.075 289.014 367.114 -260.075 367.114 367.114 -260.075
element 5
  poly 0: 410.914 -410.914 303.875 410.914 -289.014 303.875 410.914 -289.014 303.875 410.914 -96.3381 303.875 367.114 -96.3381 303.875 367.114 96.3381 303.875 410.914 96.3381 303.875 410.914 289.014 303.875 410.914 289.014 303.875 410.914 410.914 303.875 289.014 410.914 303.875 289.014 410.914 303.875 96.3381 410.914 303.875 96.3381 367.114 303.875 -96.3381 367.114 303.875 -96.3381 410.914 303.875 -289.014 410.914 303.875 -289.014 410.914 303.875 -410.914 410.914 303.875 -410.914 289.014 303.875 -410.914 289.014 303.875 -410.914 96.3381 303.875 -367.114 96.3381 303.875 -367.114 -96.3381 303.875 -410.914 -96.3381 303.875 -410.914 -289.014 303.875 -410.914 -289.014 303.875 -410.914 -410.914 303.875 -289.014 -410.914 303.875 -289.014 -410.914 303.875 -96.3381 -410.914 303.875 -96.3381 -367.114 303.875 96.3381 -367.114 303.875 96.3381 -410.914 303.875 289.014 -410.914 303.875 289.014 -410.914 303.875 410.914 -410.914 303.875
  poly 1: 367.114 -367.114 260.075 367.114 -289.014 260.075 410.914 -289.014 260.075 410.914 -96.3381 260.075 367.114 -96.3381 260.075 367.114 96.3381 260.075 410.914 96.3381 260.075 410.914 289.014 260.075 367.114 289.014 260.075 367.114 367.114 260.075 289.014 367.114 260.075 289.014 410.914 260.075 96.3381 410.914 260.075 96.3381 367.114 260.075 -96.3381 367.114 260.075 -96.3381 410.914 260.075 -289.014 410.914 260.075 -289.014 367.114 260.075 -367.114 367.114 260.075 -367.114 289.014 260.075 -410.914 289.014 260.075 -410.914 96.3381 260.075 -367.114 96.3381 260.075 -367.114 -96.3381 260.075 -410.914 -96.3381 260.075 -410.914 -289.014 260.075 -367.114 -289.014 260.075 -367.114 -367.114 260.075 -289.014 -367.114 260.075 -289.014 -410.914 260.075 -96.3381 -410.914 260.075 -96.3381 -367.114 260.075 96.3381 -367.114 260.075 96.3381 -410.914 260.075 289.014 -410.914 260.075 289.014 -367.114 260.075 367.114 -367.114 260.075
