14 5 5 5 5 5 5 5 5 5 5 5 5 13 13
46 5 5 5 5 5 5 5 5 5 5 5 5 5 5 5 5 5 5 5 5 5 5 5 5 5 5 5 5 5 5 5 5 5 5 5 5 5 5 5 5 5 5 5 5 25 25
12 5 5 5 5 5 5 5 5 5 5 31 31
16 5 5 5 5 5 5 5 5 5 5 5 5 5 5 48 48
38 5 5 5 5 5 5 5 5 5 5 5 5 5 5 5 5 5 5 5 5 5 5 5 5 5 5 5 5 5 5 5 5 5 5 5 5 143 143
14 5 5 5 5 5 5 5 5 5 5 5 5 66 66
18 5 5 5 5 5 5 5 5 5 5 5 5 5 5 5 5 54 54
42 5 5 5 5 5 5 5 5 5 5 5 5 5 5 5 5 5 5 5 5 5 5 5 5 5 5 5 5 5 5 5 5 5 5 5 5 5 5 5 5 131 131
12 5 5 5 5 5 5 5 5 5 5 60 60
20 5 5 5 5 5 5 5 5 5 5 5 5 5 5 5 5 5 5 48 48
34 5 5 5 5 5 5 5 5 5 5 5 5 5 5 5 5 5 5 5 5 5 5 5 5 5 5 5 5 5 5 5 5 155 155
16 5 5 5 5 5 5 5 5 5 5 5 5 5 5 54 54
14 5 5 5 5 5 5 5 5 5 5 5 5 54 54
44 5 5 5 5 5 5 5 5 5 5 5 5 5 5 5 5 5 5 5 5 5 5 5 5 5 5 5 5 5 5 5 5 5 5 5 5 5 5 5 5 5 5 119 119
12 5 5 5 5 5 5 5 5 5 5 78 78
18 5 5 5 5 5 5 5 5 5 5 5 5 5 5 5 5 48 48
36 5 5 5 5 5 5 5 5 5 5 5 5 5 5 5 5 5 5 5 5 5 5 5 5 5 5 5 5 5 5 5 5 5 5 137 137
16 5 5 5 5 5 5 5 5 5 5 5 5 5 5 66 66
16 5 5 5 5 5 5 5 5 5 5 5 5 5 5 60 60
38 5 5 5 5 5 5 5 5 5 5 5 5 5 5 5 5 5 5 5 5 5 5 5 5 5 5 5 5 5 5 5 5 5 5 5 5 119 119
14 5 5 5 5 5 5 5 5 5 5 5 5 66 66
22 5 5 5 5 5 5 5 5 5 5 5 5 5 5 5 5 5 5 5 5 48 48
30 5 5 5 5 5 5 5 5 5 5 5 5 5 5 5 5 5 5 5 5 5 5 5 5 5 5 5 5 143 143
16 5 5 5 5 5 5 5 5 5 5 5 5 5 5 60 60
18 5 5 5 5 5 5 5 5 5 5 5 5 5 5 5 5 60 60
36 5 5 5 5 5 5 5 5 5 5 5 5 5 5 5 5 5 5 5 5 5 5 5 5 5 5 5 5 5 5 5 5 5 5 107 107
14 5 5 5 5 5 5 5 5 5 5 5 5 72 72
22 5 5 5 5 5 5 5 5 5 5 5 5 5 5 5 5 5 5 5 5 60 60
30 5 5 5 5 5 5 5 5 5 5 5 5 5 5 5 5 5 5 5 5 5 5 5 5 5 5 5 5 125 125
18 5 5 5 5 5 5 5 5 5 5 5 5 5 5 5 5 72 72
20 5 5 5 5 5 5 5 5 5 5 5 5 5 5 5 5 5 5 66 66
28 5 5 5 5 5 5 5 5 5 5 5 5 5 5 5 5 5 5 5 5 5 5 5 5 5 5 95 95
18 5 5 5 5 5 5 5 5 5 5 5 5 5 5 5 5 72 72
28 5 5 5 5 5 5 5 5 5 5 5 5 5 5 5 5 5 5 5 5 5 5 5 5 5 5 66 66
18 5 5 5 5 5 5 5 5 5 5 5 5 5 5 5 5 113 113
22 5 5 5 5 5 5 5 5 5 5 5 5 5 5 5 5 5 5 5 5 78 78
4 5 5 75 75
16 5 5 5 5 5 5 5 5 5 5 5 5 5 5 67 67
22 5 5 5 5 5 5 5 5 5 5 5 5 5 5 5 5 5 5 5 5 85 85
4 5 5 9 9
6 5 5 5 5 61 61
2 85 85
