2 33 33
2 35 35
2 35 35
2 63 63
2 39 39
2 39 39
2 63 63
2 39 39
2 39 39
2 59 59
2 35 35
2 39 39
2 63 63
2 35 35
2 35 35
2 33 33
2 17 17
2 17 17
2 17 17
2 17 17
2 17 17
2 17 17
2 17 17
2 17 17
2 17 17
2 17 17
2 17 17
2 17 17
2 17 17
2 17 17
2 17 17
2 17 17
2 17 17
2 17 17
2 17 17
2 17 17
2 17 17
2 17 17
2 17 17
2 17 17
2 17 17
2 17 17
2 17 17
2 17 17
2 17 17
2 17 17
2 17 17
2 17 17
2 17 17
2 17 17
2 17 17
2 17 17
2 17 17
2 17 17
2 17 17
2 17 17
2 17 17
2 17 17
2 13 13
2 17 17
2 17 17
2 17 17
2 17 17
2 13 13
2 17 17
2 17 17
2 17 17
2 17 17
2 17 17
2 17 17
2 17 17
2 17 17
2 17 17
2 17 17
2 17 17
2 17 17
2 17 17
2 17 17
2 17 17
2 17 17
2 17 17
2 17 17
2 17 17
2 17 17
2 17 17
2 17 17
2 17 17
2 17 17
2 17 17
