element 0
  poly 0: -574.485 -574.3 -182.37 -431.548 -637.846 -118.351 -449.603 -607.449 -106.191 -463.404 -610.021 -120.253 -475.39 -589.842 -112.181 -447.789 -584.698 -84.0573 -459.776 -564.518 -75.9847 -487.376 -569.662 -104.108 -499.363 -549.482 -96.0353 -471.762 -544.338 -67.9121 -483.749 -524.159 -59.8395 -511.349 -529.303 -87.9627 -523.336 -509.123 -79.8901 -509.535 -506.551 -65.8285 -527.51 -476.289 -53.7227 -551.102 -477.348 -74.7398 -543.157 -493.753 -82.8322 -558.213 -494.429 -96.2453 -574.104 -461.618 -80.0605 -589.16 -462.294 -93.4737 -573.27 -495.104 -109.658 -588.326 -495.78 -123.072 -596.271 -479.375 -114.979 -620.03 -480.441 -136.145 -574.485 -574.3 -182.37
  poly 1: -545.761 -545.585 -211.069 -409.971 -605.954 -150.251 -425.547 -579.731 -139.761 -439.347 -582.303 -153.823 -451.333 -562.123 -145.75 -423.733 -556.979 -117.627 -435.719 -536.8 -109.554 -463.32 -541.944 -137.678 -475.306 -521.764 -129.605 -447.705 -516.62 -101.482 -459.692 -496.44 -93.4091 -487.293 -501.584 -121.532 -499.279 -481.405 -113.46 -485.479 -478.833 -99.3981 -501.135 -452.475 -88.854 -522.581 -453.437 -107.959 -514.635 -469.842 -116.052 -529.692 -470.518 -129.465 -545.583 -437.707 -113.28 -560.639 -438.383 -126.693 -544.748 -471.194 -142.878 -559.805 -471.869 -156.291 -567.75 -455.464 -148.199 -589.029 -456.419 -167.156 -545.761 -545.585 -211.069
element 1
  poly 0: -224.289 -691.254 -65.0967 212.579 -691.254 -65.0967 196.075 -667.668 -41.7602 178.269 -673.964 -47.9898 167.375 -658.397 -32.5868 202.987 -645.805 -20.1276 192.094 -630.238 -4.72473 156.482 -642.83 -17.1839 145.589 -627.263 -1.78101 181.201 -614.671 10.6782 170.308 -599.104 26.0811 134.696 -611.696 13.6219 123.803 -596.129 29.0248 141.608 -589.833 35.2544 125.182 -566.359 58.4806 80.0211 -566.359 58.4806 80.0211 -580.44 44.5486 47.9894 -580.44 44.5486 47.9894 -552.279 72.4127 15.9577 -552.279 72.4127 15.9577 -580.44 44.5486 -16.074 -580.44 44.5486 -16.074 -552.279 72.4127 -48.1057 -552.279 72.4127 -48.1057 -580.44 44.5486 -80.1373 -580.44 44.5486 -80.1373 -566.359 58.4806 -125.302 -566.359 58.4806 -143.6 -589.447 35.6367 -126.253 -596.394 28.7629 -138.575 -611.94 13.3805 -173.268 -598.046 27.1282 -185.59 -613.592 11.7459 -150.896 -627.486 -2.00182 -163.218 -643.033 -17.3842 -197.911 -629.138 -3.63649 -210.233 -644.685 -19.0188 -175.539 -658.579 -32.7665 -187.861 -674.125 -48.1489 -205.207 -667.178 -41.275 -224.289 -691.254 -65.0967
  poly 1: -213.075 -656.691 -99.6594 201.95 -656.691 -99.6594 187.657 -636.266 -79.4499 169.851 -642.562 -85.6795 158.958 -626.995 -70.2766 194.57 -614.403 -57.8174 183.677 -598.836 -42.4145 148.065 -611.428 -54.8737 137.172 -595.861 -39.4708 172.783 -583.269 -27.0116 161.89 -567.702 -11.6087 126.278 -580.294 -24.0679 115.385 -564.727 -8.66496 133.191 -558.431 -2.43536 118.923 -538.041 17.7391 80.0211 -538.041 17.7391 80.0211 -552.122 3.80705 47.9894 -552.122 3.80705 47.9894 -523.961 31.6712 15.9577 -523.961 31.6712 15.9577 -552.122 3.80705 -16.074 -552.122 3.80705 -16.074 -523.961 31.6712 -48.1057 -523.961 31.6712 -48.1057 -552.122 3.80705 -80.1373 -552.122 3.80705 -80.1373 -538.041 17.7391 -119.037 -538.041 17.7391 -135.198 -558.433 -2.43743 -117.852 -565.38 -9.31127 -130.173 -580.926 -24.6936 -164.866 -567.032 -10.9459 -177.188 -582.578 -26.3283 -142.495 -596.472 -40.076 -154.816 -612.019 -55.4583 -189.509 -598.125 -41.7106 -201.831 -613.671 -57.093 -167.138 -627.565 -70.8407 -179.459 -643.111 -86.223 -196.806 -636.164 -79.3492 -213.075 -656.691 -99.6594
element 2
  poly 0: 456.309 -628.504 -127.534 574.882 -574.852 -181.916 622.146 -472.434 -134.186 597.086 -470.901 -111.668 589.234 -487.539 -119.274 572.875 -486.539 -104.574 588.58 -453.263 -89.3612 572.22 -452.262 -74.6608 556.515 -485.538 -89.8732 540.156 -484.538 -75.1729 548.009 -467.899 -67.5667 523.01 -466.37 -45.103 510.465 -496.864 -60.6066 525.704 -496.665 -73.3311 517.397 -516.856 -83.5969 486.919 -517.256 -58.1479 478.612 -537.448 -68.4137 509.091 -537.048 -93.8626 500.784 -557.24 -104.128 470.305 -557.64 -78.6795 461.998 -577.831 -88.9453 492.477 -577.432 -114.394 484.17 -597.623 -124.66 468.931 -597.823 -111.936 456.309 -628.504 -127.534
  poly 1: 433.493 -597.079 -158.975 546.138 -546.11 -210.638 591.038 -448.812 -165.294 568.518 -447.435 -145.057 560.665 -464.073 -152.664 544.306 -463.072 -137.963 560.011 -429.796 -122.751 543.652 -428.796 -108.05 527.947 -462.072 -123.263 511.588 -461.071 -108.563 519.44 -444.433 -100.956 496.859 -443.052 -80.6653 485.905 -469.68 -94.2032 501.144 -469.48 -106.928 492.837 -489.672 -117.193 462.359 -490.071 -91.7445 454.052 -510.263 -102.01 484.531 -509.863 -127.459 476.224 -530.055 -137.725 445.745 -530.455 -112.276 437.438 -550.647 -122.542 467.917 -550.247 -147.991 459.61 -570.439 -158.257 444.371 -570.639 -145.532 433.493 -597.079 -158.975
element 3
  poly 0: -431.1 -638.6 -118.653 -223.832 -690.677 -64.5267 -205.207 -667.178 -41.275 -189.175 -678.997 -42.1721 -176.854 -663.451 -26.7898 -208.918 -639.813 -24.9956 -196.597 -624.266 -9.61322 -164.532 -647.904 -11.4074 -152.211 -632.358 3.9749 -184.275 -608.72 5.76913 -171.954 -593.174 21.1515 -139.889 -616.812 19.3573 -127.568 -601.266 34.7396 -143.6 -589.447 35.6367 -125.302 -566.359 58.4806 -145.134 -529.914 73.8319 -161.54 -534.613 63.7914 -175.459 -509.035 74.5654 -142.646 -499.637 94.6463 -156.564 -474.059 105.42 -189.378 -483.457 85.3393 -203.296 -457.878 96.1133 -170.483 -448.481 116.194 -184.402 -422.903 126.968 -217.215 -432.3 106.887 -231.134 -406.722 117.661 -214.727 -402.023 127.702 -234.426 -365.823 142.95 -271.512 -365.348 127.495 -267.787 -382.272 118.035 -292.554 -381.955 107.713 -300.005 -348.106 126.634 -324.773 -347.788 116.312 -317.322 -381.637 97.3916 -342.089 -381.32 87.0702 -349.54 -347.471 105.991 -374.308 -347.154 95.6691 -366.857 -381.003 76.7487 -391.624 -380.685 66.4272 -399.075 -346.836 85.3476 -423.843 -346.519 75.0262 -416.392 -380.368 56.1058 -441.159 -380.05 45.7843 -444.885 -363.126 55.2445 -481.982 -362.651 39.7847 -493.175 -390.588 16.7966 -475.371 -399.281 18.6925 -483.067 -418.49 2.88657 -518.675 -401.104 -0.905192 -526.371 -420.312 -16.7111 -490.763 -437.698 -12.9193 -498.458 -456.907 -28.7252 -516.262 -448.214 -30.6211 -527.51 -476.289 -53.7227 -509.535 -506.551 -65.8285 -525.935 -512.064 -76.3974 -513.948 -532.244 -84.47 -481.149 -521.218 -63.3322 -469.163 -541.397 -71.4048 -501.962 -552.424 -92.5426 -489.976 -572.603 -100.615 -457.177 -561.577 -79.4774 -445.19 -581.757 -87.55 -477.989 -592.783 -108.688 -466.003 -612.962 -116.76 -449.603 -607.449 -106.191 -431.1 -638.6 -118.653
  poly 1: -409.545 -606.67 -150.538 -212.641 -656.144 -99.1179 -196.806 -636.164 -79.3492 -180.774 -647.983 -80.2463 -168.452 -632.437 -64.8639 -200.517 -608.799 -63.0697 -188.195 -593.253 -47.6874 -156.131 -616.891 -49.4816 -143.809 -601.344 -34.0992 -175.873 -577.706 -32.305 -163.552 -562.16 -16.9227 -131.488 -585.798 -18.7169 -119.166 -570.252 -3.33455 -135.198 -558.433 -2.43743 -119.037 -538.041 17.7391 -136.007 -506.854 30.8756 -152.414 -511.553 20.8352 -166.333 -485.975 31.6091 -133.519 -476.577 51.69 -147.438 -450.999 62.464 -180.251 -460.397 42.3831 -194.17 -434.818 53.157 -161.357 -425.421 73.2379 -175.275 -399.843 84.0119 -208.089 -409.24 63.9309 -222.007 -383.662 74.7049 -205.601 -378.963 84.7453 -222.705 -347.532 97.9849 -253.613 -347.136 85.1042 -249.888 -364.06 75.644 -274.655 -363.743 65.3225 -282.106 -329.894 84.2429 -306.874 -329.576 73.9215 -299.423 -363.425 55.0011 -324.19 -363.108 44.6796 -331.641 -329.259 63.6 -356.409 -328.942 53.2785 -348.958 -362.791 34.3581 -373.725 -362.473 24.0367 -381.176 -328.624 42.9571 -405.944 -328.307 32.6356 -398.493 -362.156 13.7152 -423.26 -361.839 3.39375 -426.986 -344.914 12.854 -457.883 -344.518 -0.0220153 -467.993 -369.752 -20.7859 -450.189 -378.445 -18.89 -457.885 -397.654 -34.6959 -493.493 -380.268 -38.4876 -501.188 -399.477 -54.2935 -465.58 -416.863 -50.5018 -473.276 -436.072 -66.3077 -491.08 -427.379 -68.2035 -501.135 -452.475 -88.854 -485.479 -478.833 -99.3981 -501.878 -484.346 -109.967 -489.892 -504.525 -118.04 -457.093 -493.499 -96.9018 -445.106 -513.679 -104.974 -477.905 -524.705 -126.112 -465.919 -544.885 -134.185 -433.12 -533.858 -113.047 -421.133 -554.038 -121.12 -453.932 -565.064 -142.257 -441.946 -585.244 -150.33 -425.547 -579.731 -139.761 -409.545 -606.67 -150.538
element 4
  poly 0: 212.526 -691.178 -65.0222 455.692 -630.004 -128.297 468.931 -597.823 -111.936 486.687 -600.341 -121.351 494.994 -580.149 -111.085 459.481 -575.114 -92.2541 467.788 -554.922 -81.9883 503.301 -559.958 -100.82 511.608 -539.766 -90.5538 476.095 -534.73 -71.7225 484.402 -514.538 -61.4567 519.915 -519.574 -80.288 528.221 -499.382 -70.0223 510.465 -496.864 -60.6066 523.01 -466.37 -45.103 511.817 -443.323 -24.4352 494.322 -452.786 -23.3574 487.021 -437.751 -9.8753 522.011 -418.826 -12.0308 514.71 -403.792 1.45134 479.72 -422.717 3.60683 472.419 -407.683 17.089 489.914 -398.22 16.0112 478.593 -374.909 36.9152 435.626 -375.997 54.7701 431.94 -392.724 44.8821 401.176 -393.503 57.6659 408.547 -360.048 77.442 377.783 -360.827 90.2258 370.412 -394.282 70.4498 339.648 -395.06 83.2336 347.019 -361.606 103.01 316.255 -362.384 115.793 308.884 -395.839 96.0174 278.12 -396.618 108.801 281.805 -379.89 118.689 238.785 -380.979 136.566 218.054 -414.809 122.316 233.984 -420.128 111.768 219.565 -443.656 101.858 187.706 -433.018 122.953 173.288 -456.546 113.043 205.147 -467.184 91.9475 190.729 -490.712 82.0371 158.87 -480.074 103.133 144.451 -503.603 93.2221 176.31 -514.24 72.1267 161.892 -537.768 62.2163 145.963 -532.449 72.764 125.182 -566.359 58.4806 141.608 -589.833 35.2544 125.086 -600.933 34.7873 135.979 -616.5 19.3844 169.024 -594.3 20.3186 179.918 -609.867 4.91573 146.872 -632.067 3.98144 157.765 -647.634 -11.4215 190.811 -625.434 -10.4872 201.704 -641.001 -25.8901 168.659 -663.201 -26.8244 179.552 -678.768 -42.2273 196.075 -667.668 -41.7602 212.526 -691.178 -65.0222
  poly 1: 201.9 -656.619 -99.5886 432.907 -598.504 -159.699 444.371 -570.639 -145.532 462.127 -573.156 -154.948 470.434 -552.965 -144.682 434.921 -547.929 -125.851 443.228 -527.737 -115.585 478.741 -532.773 -134.416 487.048 -512.581 -124.15 451.535 -507.545 -105.319 459.842 -487.354 -95.0533 495.354 -492.389 -113.885 503.661 -472.197 -103.619 485.905 -469.68 -94.2032 496.859 -443.052 -80.6653 486.649 -422.028 -61.8118 469.154 -431.49 -60.7341 461.853 -416.456 -47.252 496.843 -397.531 -49.4074 489.542 -382.496 -35.9253 454.552 -401.422 -33.7698 447.251 -386.387 -20.2877 464.746 -376.925 -21.3654 454.664 -356.164 -2.74809 417.639 -357.101 12.6371 413.954 -373.828 2.74911 383.19 -374.607 15.5329 390.561 -341.152 35.309 359.797 -341.931 48.0928 352.426 -375.386 28.3168 321.661 -376.164 41.1006 329.032 -342.71 60.8767 298.268 -343.488 73.6605 290.897 -376.943 53.8844 260.133 -377.722 66.6682 263.819 -360.994 76.5563 226.846 -361.93 91.92 208.906 -391.206 79.5887 224.835 -396.524 69.041 210.417 -420.053 59.1306 178.558 -409.415 80.226 164.14 -432.943 70.3156 195.999 -443.581 49.2202 181.581 -467.109 39.3098 149.722 -456.471 60.4052 135.303 -479.999 50.4948 167.162 -490.637 29.3994 152.744 -514.165 19.489 136.815 -508.846 30.0367 118.923 -538.041 17.7391 133.191 -558.431 -2.43536 116.668 -569.531 -2.90251 127.561 -585.098 -18.3054 160.607 -562.898 -17.3711 171.5 -578.465 -32.7741 138.455 -600.665 -33.7083 149.348 -616.232 -49.1113 182.394 -594.032 -48.177 193.287 -609.599 -63.5799 160.241 -631.799 -64.5142 171.134 -647.366 -79.9171 187.657 -636.266 -79.4499 201.9 -656.619 -99.5886
element 5
  poly 0: -457.883 -344.518 -0.0220153 -476.204 -314.291 -1.61203 -487.954 -322.146 -15.5566 -502.34 -298.412 -16.8051 -478.84 -282.701 11.0841 -493.226 -258.966 9.83556 -516.726 -274.677 -18.0536 -531.112 -250.942 -19.3021 -507.612 -235.231 8.58706 -521.999 -211.497 7.33856 -545.499 -227.207 -20.5506 -559.885 -203.473 -21.7991 -548.135 -195.617 -7.85451 -566.094 -165.987 -9.41313 -589.364 -165.483 -29.4089 -585.205 -184.307 -34.7237 -602.092 -183.941 -49.2348 -610.411 -146.293 -38.6053 -627.298 -145.927 -53.1164 -618.98 -183.575 -63.746 -635.867 -183.209 -78.2571 -640.026 -164.385 -72.9423 -663.144 -163.884 -92.8071 -589.381 -456.435 -167.469 -567.75 -455.464 -148.199 -562.764 -474.39 -152.843 -547.707 -473.714 -139.429 -557.68 -435.863 -130.142 -542.623 -435.187 -116.729 -532.651 -473.038 -126.016 -517.595 -472.363 -112.603 -522.581 -453.437 -107.959 -501.135 -452.475 -88.854 -491.08 -427.379 -68.2035 -476.745 -438.886 -61.1979 -469.049 -419.678 -45.392 -497.72 -396.662 -59.4033 -490.024 -377.453 -43.5974 -461.353 -400.469 -29.5862 -453.657 -381.26 -13.7803 -467.993 -369.752 -20.7859 -457.883 -344.518 -0.0220153
  poly 1: -481.982 -362.651 39.7847 -502.789 -328.322 37.979 -514.539 -336.177 24.0344 -528.925 -312.443 22.7859 -505.425 -296.732 50.6751 -519.811 -272.997 49.4266 -543.311 -288.708 21.5374 -557.698 -264.973 20.2889 -534.198 -249.262 48.1781 -548.584 -225.528 46.9296 -572.084 -241.238 19.0404 -586.47 -217.504 17.7919 -574.72 -209.648 31.7365 -595.889 -174.723 29.8993 -621.56 -174.167 7.84 -617.401 -192.991 2.52524 -634.288 -192.625 -11.9859 -642.606 -154.977 -1.35638 -659.494 -154.611 -15.8675 -651.176 -192.259 -26.497 -668.063 -191.893 -41.0082 -672.222 -173.069 -35.6934 -698.046 -172.509 -57.8838 -620.401 -480.458 -136.475 -596.271 -479.375 -114.979 -591.285 -498.3 -119.623 -576.229 -497.625 -106.21 -586.201 -459.774 -96.9224 -571.145 -459.098 -83.5093 -561.172 -496.949 -92.7966 -546.116 -496.273 -79.3834 -551.102 -477.348 -74.7398 -527.51 -476.289 -53.7227 -516.262 -448.214 -30.6211 -501.927 -459.722 -23.6155 -494.231 -440.513 -7.80961 -522.902 -417.498 -21.8208 -515.206 -398.289 -6.01491 -486.535 -421.304 7.99629 -478.84 -402.096 23.8022 -493.175 -390.588 16.7966 -481.982 -362.651 39.7847
element 6
  poly 0: -125.302 -566.359 58.4806 -80.1373 -566.359 58.4806 -80.1373 -584.774 50.7241 -48.1057 -584.774 50.7241 -48.1057 -547.945 66.2371 -16.074 -547.945 66.2371 -16.074 -584.774 50.7241 15.9577 -584.774 50.7241 15.9577 -547.945 66.2371 47.9894 -547.945 66.2371 47.9894 -584.774 50.7241 80.0211 -584.774 50.7241 80.0211 -566.359 58.4806 125.182 -566.359 58.4806 145.963 -532.449 72.764 163.361 -541.505 68.9497 177.78 -517.977 78.8601 142.982 -499.866 86.4887 157.401 -476.338 96.3991 192.198 -494.449 88.7705 206.616 -470.921 98.6809 171.819 -452.81 106.31 186.237 -429.282 116.22 221.034 -447.393 108.591 235.453 -423.865 118.502 218.054 -414.809 122.316 238.785 -380.979 136.566 222.347 -348.187 150.378 204.32 -355.862 147.145 193.168 -333.616 156.516 229.221 -318.266 162.981 218.069 -296.02 172.352 182.016 -311.37 165.886 170.864 -289.124 175.257 206.917 -273.774 181.722 195.764 -251.528 191.093 159.712 -266.878 184.627 148.56 -244.632 193.997 166.586 -236.957 197.23 150.116 -204.103 211.069 106.104 -204.103 211.069 106.104 -222.275 203.415 75.8457 -222.275 203.415 75.8457 -185.931 218.723 45.587 -185.931 218.723 45.587 -222.275 203.415 15.3284 -222.275 203.415 15.3284 -185.931 218.723 -14.9302 -185.931 218.723 -14.9302 -222.275 203.415 -45.1889 -222.275 203.415 -45.1889 -185.931 218.723 -75.4475 -185.931 218.723 -75.4475 -222.275 203.415 -105.706 -222.275 203.415 -105.706 -204.103 211.069 -149.707 -204.103 211.069 -165.74 -234.708 198.178 -147.851 -242.667 194.825 -158.409 -262.821 186.336 -194.187 -246.903 193.041 -204.745 -267.057 184.552 -168.967 -282.975 177.847 -179.525 -303.13 169.357 -215.303 -287.211 176.062 -225.861 -307.365 167.573 -190.083 -323.284 160.868 -200.641 -343.438 152.379 -218.53 -335.478 155.731 -234.426 -365.823 142.95 -214.727 -402.023 127.702 -232.557 -410.264 124.231 -218.638 -435.842 113.457 -182.979 -419.361 120.399 -169.06 -444.94 109.625 -204.719 -461.42 102.683 -190.801 -486.998 91.9089 -155.141 -470.518 98.8507 -141.223 -496.096 88.0768 -176.882 -512.576 81.1349 -162.963 -538.154 70.361 -145.134 -529.914 73.8319 -125.302 -566.359 58.4806
  poly 1: -119.037 -538.041 17.7391 -80.1373 -538.041 17.7391 -80.1373 -556.456 9.9826 -48.1057 -556.456 9.9826 -48.1057 -519.627 25.4956 -16.074 -519.627 25.4956 -16.074 -556.456 9.9826 15.9577 -556.456 9.9826 15.9577 -519.627 25.4956 47.9894 -519.627 25.4956 47.9894 -556.456 9.9826 80.0211 -556.456 9.9826 80.0211 -538.041 17.7391 118.923 -538.041 17.7391 136.815 -508.846 30.0367 154.213 -517.901 26.2224 168.631 -494.373 36.1328 133.834 -476.262 43.7614 148.252 -452.734 53.6718 183.05 -470.845 46.0432 197.468 -447.317 55.9536 162.671 -429.206 63.5822 177.089 -405.678 73.4926 211.886 -423.789 65.864 226.305 -400.261 75.7744 208.906 -391.206 79.5887 226.846 -361.93 91.92 212.593 -333.498 103.896 194.566 -341.173 100.663 183.414 -318.927 110.034 219.467 -303.577 116.499 208.315 -281.331 125.87 172.262 -296.681 119.404 161.11 -274.435 128.774 197.163 -259.085 135.24 186.011 -236.839 144.611 149.958 -252.189 138.145 138.806 -229.943 147.515 156.832 -222.268 150.748 142.61 -193.898 162.698 106.104 -193.898 162.698 106.104 -212.07 155.044 75.8457 -212.07 155.044 75.8457 -175.726 170.352 45.587 -175.726 170.352 45.587 -212.07 155.044 15.3284 -212.07 155.044 15.3284 -175.726 170.352 -14.9302 -175.726 170.352 -14.9302 -212.07 155.044 -45.1889 -212.07 155.044 -45.1889 -175.726 170.352 -75.4475 -175.726 170.352 -75.4475 -212.07 155.044 -105.706 -212.07 155.044 -105.706 -193.898 162.698 -142.222 -193.898 162.698 -156 -220.199 151.619 -138.111 -228.159 148.267 -148.669 -248.313 139.778 -184.447 -232.394 146.483 -195.005 -252.548 137.993 -159.227 -268.467 131.288 -169.785 -288.621 122.799 -205.563 -272.702 129.504 -216.121 -292.856 121.015 -180.343 -308.775 114.31 -190.901 -328.929 105.821 -208.79 -320.97 109.173 -222.705 -347.532 97.9849 -205.601 -378.963 84.7453 -223.43 -387.204 81.2744 -209.512 -412.782 70.5005 -173.852 -396.301 77.4423 -159.934 -421.88 66.6684 -195.593 -438.36 59.7265 -181.674 -463.938 48.9526 -146.015 -447.458 55.8944 -132.096 -473.036 45.1205 -167.756 -489.516 38.1787 -153.837 -515.094 27.4047 -136.007 -506.854 30.8756 -119.037 -538.041 17.7391
element 7
  poly 0: 454.664 -356.164 -2.74809 464.746 -376.925 -21.3654 450.783 -389.32 -15.1046 458.084 -404.354 -28.5867 486.01 -379.564 -41.1084 493.311 -394.598 -54.5906 465.385 -419.389 -42.0688 472.686 -434.423 -55.551 486.649 -422.028 -61.8118 496.859 -443.052 -80.6653 519.44 -444.433 -100.956 514.272 -463.316 -105.422 530.632 -464.317 -120.122 540.967 -426.551 -111.191 557.326 -427.551 -125.891 546.991 -465.317 -134.823 563.35 -466.318 -149.523 568.518 -447.435 -145.057 591.299 -448.828 -165.528 663.144 -163.884 -92.8071 640.142 -164.382 -73.0421 635.983 -183.207 -78.3568 619.212 -183.57 -63.9454 627.53 -145.922 -53.3159 610.759 -146.285 -38.9045 602.441 -183.933 -49.534 585.669 -184.297 -35.1226 589.828 -165.473 -29.8078 566.659 -165.975 -9.89897 548.222 -197.285 -8.72172 560.148 -204.833 -22.6733 545.176 -230.257 -21.7174 521.324 -215.162 6.18577 506.353 -240.586 7.14169 530.205 -255.681 -20.7615 515.234 -281.105 -19.8055 491.381 -266.011 8.09761 476.41 -291.435 9.05353 500.262 -306.53 -18.8496 485.291 -331.954 -17.8937 473.365 -324.406 -3.94213 454.664 -356.164 -2.74809
  poly 1: 478.593 -374.909 36.9152 489.914 -398.22 16.0112 475.951 -410.615 22.2721 483.252 -425.65 8.78994 511.178 -400.859 -3.73177 518.479 -415.893 -17.2139 490.553 -440.684 -4.69219 497.854 -455.718 -18.1743 511.817 -443.323 -24.4352 523.01 -466.37 -45.103 548.009 -467.899 -67.5667 542.841 -486.783 -72.0323 559.2 -487.783 -86.7326 569.536 -450.017 -77.8014 585.895 -451.018 -92.5018 575.559 -488.784 -101.433 591.919 -489.784 -116.133 597.086 -470.901 -111.668 622.42 -472.451 -134.432 698.046 -172.509 -57.8838 672.338 -173.066 -35.7931 668.179 -191.891 -41.1079 651.408 -192.254 -26.6965 659.726 -154.606 -16.067 642.955 -154.969 -1.65555 634.636 -192.617 -12.2851 617.865 -192.981 2.12634 622.024 -174.157 7.4411 596.484 -174.71 29.3879 574.836 -211.473 30.7702 586.762 -219.02 16.8186 571.79 -244.444 17.7745 547.938 -229.349 45.6777 532.967 -254.774 46.6336 556.819 -269.868 18.7304 541.847 -295.293 19.6863 517.995 -280.198 47.5895 503.024 -305.622 48.5454 526.876 -320.717 20.6423 511.905 -346.141 21.5982 499.979 -338.594 35.5498 478.593 -374.909 36.9152
element 8
  poly 0: -481.982 -362.651 39.7847 -444.885 -363.126 55.2445 -443.701 -382.664 51.8029 -418.933 -382.982 62.1244 -421.301 -343.905 69.0076 -396.534 -344.223 79.329 -394.166 -383.299 72.4459 -369.398 -383.616 82.7673 -371.766 -344.54 89.6505 -346.999 -344.857 99.972 -344.631 -383.934 93.0888 -319.863 -384.251 103.41 -322.231 -345.175 110.293 -297.463 -345.492 120.615 -295.096 -384.568 113.732 -270.328 -384.886 124.053 -271.512 -365.348 127.495 -234.426 -365.823 142.95 -218.53 -335.478 155.731 -202.325 -345.941 160.418 -191.767 -325.787 168.907 -224.177 -304.861 159.535 -213.619 -284.707 168.024 -181.209 -305.633 177.396 -170.651 -285.479 185.885 -203.061 -264.553 176.513 -192.503 -244.399 185.002 -160.093 -265.325 194.374 -149.535 -245.171 202.864 -165.74 -234.708 198.178 -149.707 -204.103 211.069 -167.757 -166.553 211.069 -183.954 -174.339 202.708 -196.382 -148.485 202.708 -163.986 -132.914 219.43 -176.413 -107.06 219.43 -208.809 -122.632 202.708 -221.236 -96.7783 202.708 -188.84 -81.2066 219.43 -201.267 -55.3531 219.43 -233.663 -70.9248 202.708 -246.09 -45.0712 202.708 -229.892 -37.2854 211.069 -247.814 -2.87975e-13 211.069 -287.38 -1.04726e-12 194.478 -285.987 -19.368 191.158 -312.975 -19.368 179.842 -315.759 19.368 186.482 -342.747 19.368 175.166 -339.963 -19.368 168.526 -366.95 -19.368 157.209 -369.735 19.368 163.849 -396.722 19.368 152.533 -393.938 -19.368 145.893 -420.926 -19.368 134.577 -423.71 19.368 141.216 -450.698 19.368 129.9 -447.913 -19.368 123.26 -474.901 -19.368 111.944 -476.293 -4.67261e-12 115.264 -515.848 -5.43168e-12 98.6779 -530.638 -32.2872 85.9682 -513.992 -41.8981 91.0113 -524.02 -63.7889 82.3941 -557.313 -44.567 72.3081 -567.341 -66.4578 63.6909 -534.048 -85.6796 73.777 -544.077 -107.57 65.1598 -577.369 -88.3485 55.0738 -587.398 -110.239 46.4566 -554.105 -129.461 56.5427 -564.133 -151.352 47.9255 -580.779 -141.741 42.8825 -595.889 -174.723 29.8993 -574.72 -209.648 31.7365 -590.216 -219.487 23.2558 -575.829 -243.222 24.5043 -544.838 -223.545 41.4656 -530.452 -247.279 42.7141 -561.443 -266.956 25.7528 -547.057 -290.691 27.0013 -516.066 -271.014 43.9626 -501.68 -294.749 45.2111 -532.671 -314.426 28.2498 -518.285 -338.16 29.4983 -502.789 -328.322 37.979 -481.982 -362.651 39.7847
  poly 1: -457.883 -344.518 -0.0220153 -426.986 -344.914 12.854 -425.802 -364.452 9.41237 -401.034 -364.77 19.7338 -403.402 -325.693 26.617 -378.635 -326.011 36.9385 -376.267 -365.087 30.0553 -351.499 -365.404 40.3768 -353.867 -326.328 47.2599 -329.1 -326.645 57.5814 -326.732 -365.722 50.6982 -301.964 -366.039 61.0197 -304.332 -326.963 67.9028 -279.565 -327.28 78.2243 -277.197 -366.356 71.3412 -252.429 -366.674 81.6626 -253.613 -347.136 85.1042 -222.705 -347.532 97.9849 -208.79 -320.97 109.173 -192.585 -331.433 113.859 -182.027 -311.279 122.349 -214.437 -290.353 112.976 -203.879 -270.199 121.466 -171.469 -291.125 130.838 -160.911 -270.97 139.327 -193.321 -250.044 129.955 -182.763 -229.89 138.444 -150.353 -250.816 147.816 -139.795 -230.662 156.306 -156 -220.199 151.619 -142.222 -193.898 162.698 -157.691 -161.715 162.698 -173.889 -169.501 154.337 -186.316 -143.647 154.337 -153.921 -128.076 171.059 -166.348 -102.222 171.059 -198.743 -117.794 154.337 -211.17 -91.9403 154.337 -178.775 -76.3686 171.059 -191.202 -50.5151 171.059 -223.597 -66.0867 154.337 -236.025 -40.2332 154.337 -219.827 -32.4474 162.698 -235.423 1.27431e-12 162.698 -268.277 6.43831e-13 148.922 -266.885 -19.368 145.602 -293.872 -19.368 134.286 -296.657 19.368 140.925 -323.644 19.368 129.609 -320.86 -19.368 122.969 -347.848 -19.368 111.653 -350.632 19.368 118.293 -377.62 19.368 106.976 -374.835 -19.368 100.336 -401.823 -19.368 89.02 -404.607 19.368 95.6599 -431.595 19.368 84.3436 -428.811 -19.368 77.7037 -455.798 -19.368 66.3873 -457.19 -2.98152e-12 69.7072 -490.055 -3.61221e-12 55.9265 -503.163 -28.6139 44.6628 -486.517 -38.2249 49.7058 -496.545 -60.1156 41.0887 -529.838 -40.8938 31.0026 -539.866 -62.7846 22.3855 -506.573 -82.0064 32.4715 -516.601 -103.897 23.8544 -549.894 -84.6753 13.7683 -559.923 -106.566 5.15116 -526.63 -125.788 15.2372 -536.658 -147.679 6.62006 -553.304 -138.068 1.57703 -566.094 -165.987 -9.41313 -548.135 -195.617 -7.85451 -563.63 -205.456 -16.3352 -549.244 -229.19 -15.0867 -518.253 -209.514 1.87464 -503.867 -233.248 3.12314 -534.858 -252.925 -13.8382 -520.472 -276.66 -12.5897 -489.481 -256.983 4.37163 -475.094 -280.718 5.62013 -506.086 -300.395 -11.3412 -491.7 -324.129 -10.0927 -476.204 -314.291 -1.61203 -457.883 -344.518 -0.0220153
element 9
  poly 0: 238.785 -380.979 136.566 281.805 -379.89 118.689 280.773 -399.433 115.015 311.537 -398.655 102.231 313.601 -359.569 109.58 344.365 -358.79 96.7958 342.301 -397.876 89.4474 373.065 -397.097 76.6636 375.13 -358.011 84.012 405.894 -357.233 71.2282 403.829 -396.319 63.8798 434.594 -395.54 51.0959 435.626 -375.997 54.7701 478.593 -374.909 36.9152 499.979 -338.594 35.5498 515.603 -348.117 26.9716 530.575 -322.693 26.0157 499.325 -303.646 43.1719 514.296 -278.222 42.216 545.546 -297.269 25.0598 560.518 -271.844 24.1039 529.268 -252.797 41.2601 544.239 -227.373 40.3042 575.489 -246.42 23.148 590.46 -220.996 22.1921 574.836 -211.473 30.7702 596.484 -174.71 29.3879 580.747 -141.892 42.9106 564.226 -151.818 47.7766 553.715 -129.899 56.8085 586.756 -110.045 47.0766 576.246 -88.1254 56.1084 543.204 -107.979 65.8404 532.694 -86.0595 74.8723 565.735 -66.2057 65.1403 555.224 -44.2861 74.1722 522.183 -64.1399 83.9041 511.672 -42.2202 92.936 528.192 -32.2933 88.0701 512.707 2.84217e-14 101.376 474.081 2.84217e-14 117.633 472.624 -19.3758 114.172 446.437 -19.3758 125.194 449.35 19.3758 132.115 423.162 19.3758 143.136 420.249 -19.3758 136.215 394.062 -19.3758 147.236 396.975 19.3758 154.157 370.788 19.3758 165.179 367.875 -19.3758 158.258 341.687 -19.3758 169.279 344.6 19.3758 176.2 318.413 19.3758 187.221 315.5 -19.3758 180.3 289.313 -19.3758 191.322 290.769 2.84217e-14 194.782 252.071 2.84217e-14 211.069 233.42 -37.3379 211.069 249.475 -45.3579 202.626 236.551 -71.2306 202.626 204.44 -55.1905 219.512 191.516 -81.0631 219.512 223.627 -97.1032 202.626 210.703 -122.976 202.626 178.592 -106.936 219.512 165.668 -132.808 219.512 197.779 -148.849 202.626 184.854 -174.721 202.626 168.799 -166.701 211.069 150.116 -204.103 211.069 166.586 -236.957 197.23 150.235 -247.15 201.969 161.387 -269.396 192.598 194.089 -249.01 183.121 205.241 -271.256 173.751 172.539 -291.642 183.228 183.691 -313.888 173.858 216.393 -293.502 164.38 227.545 -315.748 155.01 194.844 -336.134 164.487 205.996 -358.38 155.117 222.347 -348.187 150.378 238.785 -380.979 136.566
  poly 1: 226.846 -361.93 91.92 263.819 -360.994 76.5563 262.787 -380.537 72.8821 293.551 -379.759 60.0983 295.615 -340.673 67.4467 326.379 -339.894 54.6628 324.315 -378.98 47.3144 355.079 -378.201 34.5306 357.143 -339.115 41.879 387.907 -338.337 29.0952 385.843 -377.423 21.7468 416.607 -376.644 8.96294 417.639 -357.101 12.6371 454.664 -356.164 -2.74809 473.365 -324.406 -3.94213 488.989 -333.93 -12.5202 503.961 -308.506 -13.4762 472.711 -289.459 3.68006 487.683 -264.035 2.72415 518.932 -283.081 -14.4321 533.904 -257.657 -15.388 502.654 -238.61 1.76823 517.625 -213.186 0.812309 548.875 -232.233 -16.3439 563.847 -206.809 -17.2998 548.222 -197.285 -8.72172 566.659 -165.975 -9.89897 553.269 -138.049 1.60763 536.748 -147.976 6.4736 526.237 -126.056 15.5055 559.278 -106.202 5.77354 548.768 -84.2828 14.8054 515.726 -104.137 24.5374 505.216 -82.217 33.5692 538.257 -62.3632 23.8373 527.746 -40.4435 32.8692 494.705 -60.2973 42.6011 484.194 -38.3777 51.633 500.715 -28.4508 46.767 487.072 -9.06653e-12 58.49 454.89 -9.06653e-12 72.0343 453.433 -19.3758 68.5738 427.246 -19.3758 79.5952 430.159 19.3758 86.5162 403.971 19.3758 97.5375 401.059 -19.3758 90.6165 374.871 -19.3758 101.638 377.784 19.3758 108.559 351.597 19.3758 119.58 348.684 -19.3758 112.659 322.496 -19.3758 123.681 325.409 19.3758 130.602 299.222 19.3758 141.623 296.309 -19.3758 134.702 270.122 -19.3758 145.723 271.578 -9.06653e-12 149.184 239.467 -9.06653e-12 162.698 223.333 -32.2993 162.698 239.388 -40.3194 154.255 226.464 -66.192 154.255 194.354 -50.1519 171.141 181.43 -76.0246 171.141 213.54 -92.0647 154.255 200.616 -117.937 154.255 168.505 -101.897 171.141 155.581 -127.77 171.141 187.692 -143.81 154.255 174.768 -169.683 154.255 158.713 -161.663 162.698 142.61 -193.898 162.698 156.832 -222.268 150.748 140.481 -232.461 155.487 151.633 -254.707 146.116 184.335 -234.321 136.639 195.487 -256.567 127.269 162.786 -276.953 136.746 173.938 -299.199 127.376 206.639 -278.813 117.898 217.792 -301.059 108.528 185.09 -321.445 118.005 196.242 -343.691 108.635 212.593 -333.498 103.896 226.846 -361.93 91.92
element 10
  poly 0: -490.055 -2.33058e-12 55.9265 -503.163 28.6139 44.6628 -516.065 18.3398 33.5767 -526.093 40.2306 24.9595 -500.29 60.7788 47.1317 -510.318 82.6696 38.5146 -536.121 62.1213 16.3424 -546.149 84.0121 7.72523 -520.346 104.56 29.8974 -530.375 126.451 21.2803 -556.178 105.903 -0.891919 -566.206 127.794 -9.50907 -553.304 138.068 1.57703 -566.094 165.987 -9.41313 -589.364 165.483 -29.4089 -589.115 145.488 -29.1948 -606.002 145.122 -43.7059 -606.501 185.111 -44.1342 -623.388 184.745 -58.6454 -622.89 144.756 -58.217 -639.777 144.39 -72.7282 -640.026 164.385 -72.9423 -663.356 163.879 -92.9892 -663.356 -163.879 -92.9892 -640.026 -164.385 -72.9423 -640.276 -184.403 -73.1568 -623.388 -184.769 -58.6456 -622.889 -144.733 -58.2168 -606.002 -145.099 -43.7057 -606.501 -185.135 -44.1345 -589.614 -185.501 -29.6233 -589.364 -165.483 -29.4089 -566.094 -165.987 -9.41313 -553.304 -138.068 1.57703 -540.622 -148.168 12.4752 -530.593 -126.277 21.0923 -555.959 -106.077 -0.703972 -545.931 -84.1863 7.91318 -520.565 -104.386 29.7095 -510.537 -82.4954 38.3266 -535.902 -62.2955 16.5303 -525.874 -40.4048 25.1475 -500.509 -60.6047 46.9438 -490.481 -38.7139 55.5609 -503.163 -28.6139 44.6628 -490.055 -2.33058e-12 55.9265
  poly 1: -515.848 -2.26663e-12 98.6779 -530.638 32.2872 85.9682 -543.54 22.013 74.8821 -553.568 43.9038 66.265 -527.765 64.4521 88.4372 -537.793 86.3428 79.82 -563.596 65.7946 57.6478 -573.624 87.6853 49.0307 -547.822 108.234 71.2029 -557.85 130.124 62.5857 -583.653 109.576 40.4135 -593.681 131.467 31.7964 -580.779 141.741 42.8825 -595.889 174.723 29.8993 -621.56 174.167 7.84 -621.311 154.172 8.05415 -638.198 153.806 -6.45699 -638.697 193.795 -6.8853 -655.584 193.43 -21.3964 -655.085 153.44 -20.9681 -671.973 153.074 -35.4793 -672.222 173.069 -35.6934 -698.269 172.505 -58.0755 -698.269 -172.505 -58.0755 -672.222 -173.069 -35.6934 -672.471 -193.087 -35.9078 -655.584 -193.453 -21.3967 -655.085 -153.417 -20.9679 -638.198 -153.783 -6.45674 -638.697 -193.819 -6.88555 -621.81 -194.185 7.62559 -621.56 -174.167 7.84 -595.889 -174.723 29.8993 -580.779 -141.741 42.8825 -568.097 -151.841 53.7806 -558.069 -129.95 62.3978 -583.434 -109.75 40.6015 -573.406 -87.8595 49.2186 -548.04 -108.059 71.0149 -538.012 -86.1687 79.6321 -563.378 -65.9688 57.8358 -553.349 -44.078 66.4529 -527.984 -64.2779 88.2492 -517.956 -42.3871 96.8664 -530.638 -32.2872 85.9682 -515.848 -2.26663e-12 98.6779
element 11
  poly 0: -149.707 -204.103 211.069 -105.706 -204.103 211.069 -105.706 -223.907 211.069 -75.4475 -223.907 211.069 -75.4475 -184.299 211.069 -45.1889 -184.299 211.069 -45.1889 -223.907 211.069 -14.9302 -223.907 211.069 -14.9302 -184.299 211.069 15.3284 -184.299 211.069 15.3284 -223.907 211.069 45.587 -223.907 211.069 45.587 -184.299 211.069 75.8457 -184.299 211.069 75.8457 -223.907 211.069 106.104 -223.907 211.069 106.104 -204.103 211.069 150.116 -204.103 211.069 168.799 -166.701 211.069 186.633 -175.61 211.069 199.557 -149.737 211.069 163.889 -131.92 211.069 176.813 -106.047 211.069 212.482 -123.865 211.069 225.406 -97.9919 211.069 189.737 -80.1745 211.069 202.661 -54.3018 211.069 238.33 -72.1192 211.069 251.254 -46.2466 211.069 233.42 -37.3379 211.069 252.071 -3.2653e-14 211.069 233.42 37.3379 211.069 215.676 28.4746 211.069 202.752 54.3473 211.069 238.239 72.0738 211.069 225.315 97.9464 211.069 189.828 80.2199 211.069 176.904 106.093 211.069 212.391 123.819 211.069 199.467 149.692 211.069 163.98 131.965 211.069 151.056 157.838 211.069 168.799 166.701 211.069 150.116 204.103 211.069 106.104 204.103 211.069 106.104 184.385 211.069 75.8457 184.385 211.069 75.8457 223.821 211.069 45.587 223.821 211.069 45.587 184.385 211.069 15.3284 184.385 211.069 15.3284 223.821 211.069 -14.9302 223.821 211.069 -14.9302 184.385 211.069 -45.1889 184.385 211.069 -45.1889 223.821 211.069 -75.4475 223.821 211.069 -75.4475 184.385 211.069 -105.706 184.385 211.069 -105.706 204.103 211.069 -149.707 204.103 211.069 -167.757 166.553 211.069 -149.892 157.966 211.069 -162.319 132.112 211.069 -198.049 149.287 211.069 -210.476 123.433 211.069 -174.746 106.259 211.069 -187.173 80.4053 211.069 -222.903 97.5797 211.069 -235.33 71.7261 211.069 -199.6 54.5517 211.069 -212.027 28.6982 211.069 -229.892 37.2854 211.069 -247.814 -5.21816e-12 211.069 -229.892 -37.2854 211.069 -247.848 -45.9163 211.069 -235.421 -71.7699 211.069 -199.509 -54.508 211.069 -187.082 -80.3616 211.069 -222.994 -97.6234 211.069 -210.567 -123.477 211.069 -174.655 -106.215 211.069 -162.228 -132.069 211.069 -198.14 -149.33 211.069 -185.713 -175.184 211.069 -167.757 -166.553 211.069 -149.707 -204.103 211.069
  poly 1: -142.222 -193.898 162.698 -105.706 -193.898 162.698 -105.706 -213.702 162.698 -75.4475 -213.702 162.698 -75.4475 -174.094 162.698 -45.1889 -174.094 162.698 -45.1889 -213.702 162.698 -14.9302 -213.702 162.698 -14.9302 -174.094 162.698 15.3284 -174.094 162.698 15.3284 -213.702 162.698 45.587 -213.702 162.698 45.587 -174.094 162.698 75.8457 -174.094 162.698 75.8457 -213.702 162.698 106.104 -213.702 162.698 106.104 -193.898 162.698 142.61 -193.898 162.698 158.713 -161.663 162.698 176.547 -170.571 162.698 189.471 -144.699 162.698 153.802 -126.881 162.698 166.726 -101.009 162.698 202.395 -118.826 162.698 215.319 -92.9533 162.698 179.651 -75.1359 162.698 192.575 -49.2633 162.698 228.243 -67.0807 162.698 241.167 -41.208 162.698 223.333 -32.2993 162.698 239.467 -1.43673e-12 162.698 223.333 32.2993 162.698 205.59 23.4361 162.698 192.666 49.3087 162.698 228.152 67.0352 162.698 215.228 92.9079 162.698 179.742 75.1814 162.698 166.817 101.054 162.698 202.304 118.781 162.698 189.38 144.653 162.698 153.893 126.927 162.698 140.969 152.799 162.698 158.713 161.663 162.698 142.61 193.898 162.698 106.104 193.898 162.698 106.104 174.18 162.698 75.8457 174.18 162.698 75.8457 213.616 162.698 45.587 213.616 162.698 45.587 174.18 162.698 15.3284 174.18 162.698 15.3284 213.616 162.698 -14.9302 213.616 162.698 -14.9302 174.18 162.698 -45.1889 174.18 162.698 -45.1889 213.616 162.698 -75.4475 213.616 162.698 -75.4475 174.18 162.698 -105.706 174.18 162.698 -105.706 193.898 162.698 -142.222 193.898 162.698 -157.691 161.715 162.698 -139.826 153.128 162.698 -152.253 127.274 162.698 -187.984 144.449 162.698 -200.411 118.595 162.698 -164.681 101.421 162.698 -177.108 75.5672 162.698 -212.838 92.7416 162.698 -225.265 66.8881 162.698 -189.535 49.7137 162.698 -201.962 23.8602 162.698 -219.827 32.4474 162.698 -235.423 -5.42015e-12 162.698 -219.827 -32.4474 162.698 -237.783 -41.0783 162.698 -225.356 -66.9318 162.698 -189.444 -49.67 162.698 -177.017 -75.5235 162.698 -212.929 -92.7854 162.698 -200.502 -118.639 162.698 -164.59 -101.377 162.698 -152.163 -127.231 162.698 -188.075 -144.492 162.698 -175.647 -170.346 162.698 -157.691 -161.715 162.698 -142.222 -193.898 162.698
element 12
  poly 0: 487.072 -9.96181e-12 58.49 500.715 -28.4508 46.767 488.187 -38.8938 57.5322 498.697 -60.8135 48.5003 523.753 -39.9273 26.97 534.264 -61.847 17.9381 509.208 -82.7331 39.4684 519.719 -104.653 30.4365 544.775 -83.7667 8.90624 555.286 -105.686 -0.125641 530.23 -126.572 21.4047 540.741 -148.492 12.3728 553.269 -138.049 1.60763 566.659 -165.975 -9.89897 589.828 -165.473 -29.8078 590.078 -185.491 -30.0222 606.849 -185.127 -44.4336 606.35 -145.091 -44.0048 623.121 -144.728 -58.4162 623.62 -184.764 -58.8451 640.392 -184.4 -73.2565 640.142 -164.382 -73.0421 663.356 -163.879 -92.9892 663.356 163.879 -92.9892 640.142 164.382 -73.0421 639.893 144.388 -72.8279 623.122 144.751 -58.4165 623.62 184.74 -58.8448 606.849 185.104 -44.4334 606.35 145.115 -44.0051 589.579 145.478 -29.5937 589.828 165.473 -29.8078 566.659 165.975 -9.89897 553.269 138.049 1.60763 566.012 127.426 -9.34277 555.501 105.507 -0.310888 530.014 126.752 21.5899 519.504 104.832 30.6218 544.991 83.5869 8.72099 534.48 61.6673 17.7529 508.993 82.9128 39.6537 498.482 60.9932 48.6856 523.969 39.7476 26.7848 513.458 17.828 35.8166 500.715 28.4508 46.767 487.072 -9.96181e-12 58.49
  poly 1: 512.707 -1.98952e-13 101.376 528.192 -32.2933 88.0701 515.665 -42.7364 98.8352 526.175 -64.6561 89.8033 551.231 -43.7699 68.273 561.742 -65.6896 59.2411 536.686 -86.5757 80.7714 547.197 -108.495 71.7396 572.253 -87.6092 50.2093 582.764 -109.529 41.1774 557.708 -130.415 62.7077 568.219 -152.335 53.6758 580.747 -141.892 42.9106 596.484 -174.71 29.3879 622.024 -174.157 7.4411 622.274 -194.175 7.2267 639.045 -193.811 -7.18472 638.546 -153.775 -6.75591 655.317 -153.412 -21.1673 655.816 -193.448 -21.5961 672.588 -193.084 -36.0076 672.338 -173.066 -35.7931 698.269 -172.505 -58.0755 698.269 172.505 -58.0755 672.338 173.066 -35.7931 672.089 153.072 -35.579 655.318 153.435 -21.1676 655.816 193.425 -21.5959 639.045 193.788 -7.18447 638.546 153.799 -6.75616 621.775 154.162 7.65526 622.024 174.157 7.4411 596.484 174.71 29.3879 580.747 141.892 42.9106 593.49 131.269 31.9602 582.979 109.349 40.9921 557.492 130.595 62.8929 546.981 108.675 71.9248 572.468 87.4295 50.024 561.958 65.5099 59.0559 536.471 86.7554 80.9567 525.96 64.8358 89.9886 551.447 43.5902 68.0878 540.936 21.6706 77.1197 528.192 32.2933 88.0701 512.707 -1.98952e-13 101.376
element 13
  poly 0: -490.055 -3.61221e-12 55.9265 -457.19 -2.98152e-12 69.7072 -458.583 -19.368 73.0272 -431.595 -19.368 84.3436 -428.811 19.368 77.7037 -401.823 19.368 89.02 -404.607 -19.368 95.6599 -377.62 -19.368 106.976 -374.835 19.368 100.336 -347.848 19.368 111.653 -350.632 -19.368 118.293 -323.644 -19.368 129.609 -320.86 19.368 122.969 -293.872 19.368 134.286 -296.657 -19.368 140.925 -269.669 -19.368 152.242 -268.277 6.43831e-13 148.922 -235.423 1.27431e-12 162.698 -219.827 32.4474 162.698 -203.711 24.701 171.017 -191.284 50.5546 171.017 -223.515 66.0473 154.379 -211.088 91.9008 154.379 -178.857 76.4081 171.017 -166.43 102.262 171.017 -198.661 117.754 154.379 -186.234 143.608 154.379 -154.003 128.115 171.017 -141.576 153.969 171.017 -157.691 161.715 162.698 -142.222 193.898 162.698 -156 220.199 151.619 -172.217 209.729 146.93 -182.775 229.883 138.441 -150.341 250.824 147.82 -160.899 270.978 139.331 -193.333 250.037 129.951 -203.891 270.191 121.462 -171.457 291.132 130.841 -182.015 311.286 122.352 -214.449 290.345 112.973 -225.007 310.499 104.484 -208.79 320.97 109.173 -222.705 347.532 97.9849 -253.613 347.136 85.1042 -254.789 327.726 88.5232 -279.557 327.408 78.2017 -277.205 366.228 71.3638 -301.972 365.911 61.0423 -304.324 327.091 67.8802 -329.092 326.774 57.5588 -326.74 365.593 50.7208 -351.507 365.276 40.3994 -353.859 326.456 47.2373 -378.627 326.139 36.9159 -376.275 364.959 30.0779 -401.042 364.641 19.7564 -403.394 325.822 26.5944 -428.162 325.504 16.2729 -426.986 344.914 12.854 -457.883 344.518 -0.0220153 -476.204 314.291 -1.61203 -460.988 304.63 6.71564 -475.374 280.895 5.46714 -505.807 300.217 -11.1882 -520.193 276.482 -12.4367 -489.76 257.16 4.21865 -504.146 233.426 2.97015 -534.579 252.748 -13.6852 -548.965 229.013 -14.9337 -518.532 209.691 1.72165 -532.918 185.956 0.473155 -548.135 195.617 -7.85451 -566.094 165.987 -9.41313 -553.304 138.068 1.57703 -570.237 128.292 -3.55266 -560.209 106.401 5.06449 -526.344 125.953 15.3239 -516.315 104.062 23.941 -550.18 84.5101 13.6816 -540.152 62.6194 22.2988 -506.287 82.1716 32.5582 -496.259 60.2808 41.1753 -530.124 40.7286 30.9159 -520.096 18.8379 39.5331 -503.163 28.6139 44.6628 -490.055 -3.61221e-12 55.9265
  poly 1: -515.848 -5.43168e-12 98.6779 -476.293 -4.67261e-12 115.264 -477.685 -19.368 118.584 -450.698 -19.368 129.9 -447.913 19.368 123.26 -420.926 19.368 134.577 -423.71 -19.368 141.216 -396.722 -19.368 152.533 -393.938 19.368 145.893 -366.95 19.368 157.209 -369.735 -19.368 163.849 -342.747 -19.368 175.166 -339.963 19.368 168.526 -312.975 19.368 179.842 -315.759 -19.368 186.482 -288.772 -19.368 197.798 -287.38 -1.04726e-12 194.478 -247.814 -2.87975e-13 211.069 -229.892 37.2854 211.069 -213.776 29.5391 219.388 -201.349 55.3926 219.388 -233.581 70.8853 202.75 -221.153 96.7388 202.75 -188.922 81.2461 219.388 -176.495 107.1 219.388 -208.726 122.592 202.75 -196.299 148.446 202.75 -164.068 132.953 219.388 -151.641 158.807 219.388 -167.757 166.553 211.069 -149.707 204.103 211.069 -165.74 234.708 198.178 -181.957 224.237 193.488 -192.515 244.392 184.999 -160.081 265.333 194.378 -170.639 285.487 185.889 -203.073 264.546 176.51 -213.631 284.7 168.02 -181.197 305.641 177.399 -191.755 325.795 168.91 -224.189 304.854 159.531 -234.746 325.008 151.042 -218.53 335.478 155.731 -234.426 365.823 142.95 -271.512 365.348 127.495 -272.688 345.938 130.914 -297.456 345.62 120.592 -295.104 384.44 113.754 -319.871 384.123 103.433 -322.223 345.303 110.271 -346.991 344.986 99.9494 -344.639 383.805 93.1114 -369.406 383.488 82.7899 -371.758 344.668 89.6279 -396.526 344.351 79.3064 -394.174 383.171 72.4685 -418.941 382.853 62.147 -421.293 344.033 68.985 -446.061 343.716 58.6635 -444.885 363.126 55.2445 -481.982 362.651 39.7847 -502.789 328.322 37.979 -487.573 318.661 46.3066 -501.959 294.926 45.0581 -532.392 314.248 28.4028 -546.778 290.514 27.1543 -516.345 271.192 43.8097 -530.731 247.457 42.5612 -561.164 266.779 25.9058 -575.55 243.044 24.6573 -545.117 223.722 41.3127 -559.503 199.987 40.0642 -574.72 209.648 31.7365 -595.889 174.723 29.8993 -580.779 141.741 42.8825 -597.712 131.965 37.7528 -587.684 110.074 46.3699 -553.819 129.626 56.6293 -543.79 107.736 65.2465 -577.656 88.1834 54.9871 -567.627 66.2926 63.6043 -533.762 85.8448 73.8636 -523.734 63.954 82.4808 -557.599 44.4018 72.2214 -547.571 22.5111 80.8386 -530.638 32.2872 85.9682 -515.848 -5.43168e-12 98.6779
element 14
  poly 0: 252.071 2.84217e-14 211.069 290.769 2.84217e-14 194.782 292.225 -19.3758 198.243 318.413 -19.3758 187.221 315.5 19.3758 180.3 341.687 19.3758 169.279 344.6 -19.3758 176.2 370.788 -19.3758 165.179 367.875 19.3758 158.258 394.062 19.3758 147.236 396.975 -19.3758 154.157 423.162 -19.3758 143.136 420.249 19.3758 136.215 446.437 19.3758 125.194 449.35 -19.3758 132.115 475.537 -19.3758 121.093 474.081 2.84217e-14 117.633 512.707 2.84217e-14 101.376 528.192 32.2933 88.0701 544.996 22.1962 83.1206 555.507 44.1159 74.0888 521.899 64.3101 83.9876 532.41 86.2298 74.9557 566.018 66.0355 65.0569 576.529 87.9552 56.025 542.921 108.149 65.9238 553.432 130.069 56.8919 587.04 109.875 46.9931 597.551 131.794 37.9612 580.747 141.892 42.9106 596.484 174.71 29.3879 574.836 211.473 30.7702 559.492 202.121 39.1938 544.521 227.545 40.1497 575.208 246.249 23.3024 560.236 271.673 24.2583 529.549 252.969 41.1056 514.578 278.393 42.0616 545.265 297.097 25.2143 530.293 322.521 26.1702 499.606 303.817 43.0175 484.635 329.242 43.9734 499.979 338.594 35.5498 478.593 374.909 36.9152 435.626 375.997 54.7701 436.651 356.586 58.4195 405.887 357.364 71.2034 403.836 396.187 63.9046 373.072 396.965 76.6884 375.123 358.143 83.9872 344.358 358.922 96.771 342.308 397.744 89.4722 311.544 398.523 102.256 313.594 359.701 109.555 282.83 360.479 122.339 281.805 379.89 118.689 238.785 380.979 136.566 222.347 348.187 150.378 238.71 337.987 145.636 227.558 315.741 155.006 194.831 336.142 164.491 183.679 313.896 173.861 216.406 293.495 164.377 205.254 271.249 173.747 172.527 291.65 183.232 161.375 269.404 192.602 194.102 249.003 183.118 182.949 226.757 192.488 166.586 236.957 197.23 150.116 204.103 211.069 168.799 166.701 211.069 152.826 158.722 219.469 165.75 132.849 219.469 197.697 148.808 202.669 210.621 122.935 202.669 178.674 106.977 219.469 191.598 81.1041 219.469 223.545 97.0623 202.669 236.469 71.1896 202.669 204.522 55.2314 219.469 217.446 29.3588 219.469 233.42 37.3379 211.069 252.071 2.84217e-14 211.069
  poly 1: 239.467 -9.06653e-12 162.698 271.578 -9.06653e-12 149.184 273.035 -19.3758 152.644 299.222 -19.3758 141.623 296.309 19.3758 134.702 322.496 19.3758 123.681 325.409 -19.3758 130.602 351.597 -19.3758 119.58 348.684 19.3758 112.659 374.871 19.3758 101.638 377.784 -19.3758 108.559 403.971 -19.3758 97.5375 401.059 19.3758 90.6165 427.246 19.3758 79.5952 430.159 -19.3758 86.5162 456.346 -19.3758 75.4948 454.89 -9.06653e-12 72.0343 487.072 -9.06653e-12 58.49 500.715 28.4508 46.767 517.518 18.3536 41.8176 528.029 40.2733 32.7857 494.421 60.4675 42.6846 504.932 82.3872 33.6527 538.54 62.1929 23.7539 549.051 84.1126 14.722 515.443 104.307 24.6208 525.954 126.227 15.5889 559.562 106.032 5.69009 570.073 127.952 -3.34179 553.269 138.049 1.60763 566.659 165.975 -9.89897 548.222 197.285 -8.72172 532.878 187.933 -0.298069 517.907 213.358 0.657849 548.594 232.062 -16.1895 533.622 257.486 -15.2335 502.935 238.782 1.61377 487.964 264.206 2.56969 518.651 282.91 -14.2776 503.68 308.334 -13.3217 472.992 289.63 3.5256 458.021 315.054 4.48152 473.365 324.406 -3.94213 454.664 356.164 -2.74809 417.639 357.101 12.6371 418.665 337.69 16.2866 387.9 338.469 29.0704 385.85 377.291 21.7716 355.086 378.069 34.5554 357.136 339.247 41.8542 326.372 340.026 54.638 324.322 378.848 47.3392 293.558 379.627 60.123 295.608 340.805 67.4219 264.844 341.583 80.2057 263.819 360.994 76.5563 226.846 361.93 91.92 212.593 333.498 103.896 228.956 323.297 99.1539 217.804 301.051 108.524 185.077 321.453 118.009 173.925 299.207 127.379 206.652 278.805 117.895 195.5 256.559 127.265 162.773 276.961 136.75 151.621 254.715 146.12 184.348 234.313 136.635 173.196 212.067 146.006 156.832 222.268 150.748 142.61 193.898 162.698 158.713 161.663 162.698 142.739 153.683 171.098 155.663 127.811 171.098 187.61 143.769 154.298 200.534 117.896 154.298 168.587 101.938 171.098 181.511 76.0655 171.098 213.458 92.0237 154.298 226.382 66.1511 154.298 194.436 50.1929 171.098 207.36 24.3202 171.098 223.333 32.2993 162.698 239.467 -9.06653e-12 162.698
element 15
  poly 0: -457.883 344.518 -0.0220153 -467.22 367.824 -19.1996 -481.724 356.182 -26.2874 -488.647 373.463 -40.5071 -459.64 396.748 -26.3315 -466.564 414.029 -40.5512 -495.571 390.744 -54.7267 -502.494 408.025 -68.9464 -487.991 419.668 -61.8586 -497.372 443.083 -81.1262 -519.861 444.459 -101.335 -524.985 425.737 -96.9073 -541.239 426.732 -111.513 -530.992 464.174 -120.368 -547.246 465.168 -134.974 -557.493 427.726 -126.119 -573.747 428.72 -140.725 -568.623 447.441 -145.152 -591.299 448.828 -165.528 -663.144 163.884 -92.8071 -640.026 164.385 -72.9423 -644.18 145.583 -67.6338 -627.293 145.949 -53.1226 -618.985 183.553 -63.7398 -602.097 183.919 -49.2286 -610.406 146.314 -38.6115 -593.518 146.68 -24.1003 -589.364 165.483 -29.4089 -566.094 165.987 -9.41313 -548.135 195.617 -7.85451 -536.597 187.904 5.83759 -522.211 211.639 7.08609 -545.286 227.065 -20.2981 -530.9 250.8 -19.0496 -507.825 235.374 8.33459 -493.439 259.108 9.58308 -516.514 274.535 -17.8011 -502.128 298.269 -16.5526 -479.053 282.843 10.8316 -464.667 306.578 12.0801 -476.204 314.291 -1.61203 -457.883 344.518 -0.0220153
  poly 1: -481.982 362.651 39.7847 -492.403 388.66 18.3828 -506.906 377.017 11.2951 -513.83 394.298 -2.92461 -484.823 417.584 11.2509 -491.746 434.865 -2.96875 -520.753 411.579 -17.1443 -527.677 428.86 -31.3639 -513.173 440.503 -24.2762 -523.55 466.403 -45.5882 -548.43 467.925 -67.9451 -553.553 449.204 -63.5177 -569.807 450.198 -78.1235 -559.56 487.641 -86.9782 -575.814 488.635 -101.584 -586.061 451.192 -92.7292 -602.315 452.186 -107.335 -597.192 470.908 -111.762 -622.42 472.451 -134.432 -698.046 172.509 -57.8838 -672.222 173.069 -35.6934 -676.376 154.267 -30.3848 -659.489 154.633 -15.8737 -651.18 192.237 -26.4909 -634.293 192.603 -11.9797 -642.602 154.999 -1.36256 -625.714 155.364 13.1486 -621.56 174.167 7.84 -595.889 174.723 29.8993 -574.72 209.648 31.7365 -563.182 201.935 45.4286 -548.796 225.67 46.6771 -571.871 241.096 19.2929 -557.485 264.831 20.5414 -534.41 249.405 47.9256 -520.024 273.139 49.1741 -543.099 288.566 21.7899 -528.713 312.3 23.0384 -505.638 296.874 50.4226 -491.252 320.609 51.6711 -502.789 328.322 37.979 -481.982 362.651 39.7847
element 16
  poly 0: -149.707 204.103 211.069 -105.706 204.103 211.069 -105.706 186.01 218.69 -75.4475 186.01 218.69 -75.4475 222.196 203.448 -45.1889 222.196 203.448 -45.1889 186.01 218.69 -14.9302 186.01 218.69 -14.9302 222.196 203.448 15.3284 222.196 203.448 15.3284 186.01 218.69 45.587 186.01 218.69 45.587 222.196 203.448 75.8457 222.196 203.448 75.8457 186.01 218.69 106.104 186.01 218.69 106.104 204.103 211.069 150.116 204.103 211.069 166.586 236.957 197.23 184.626 229.276 200.466 195.778 251.522 191.095 159.698 266.884 184.624 170.85 289.13 175.254 206.93 273.768 181.725 218.082 296.014 172.354 182.002 311.376 165.884 193.154 333.622 156.513 229.235 318.26 162.984 240.387 340.506 153.614 222.347 348.187 150.378 238.785 380.979 136.566 218.054 414.809 122.316 200.786 405.822 126.102 186.368 429.35 116.191 220.904 447.325 108.62 206.486 470.853 98.7096 171.949 452.878 106.281 157.531 476.406 96.3705 192.067 494.381 88.7991 177.649 517.909 78.8887 143.113 499.934 86.4601 128.695 523.462 76.5497 145.963 532.449 72.764 125.182 566.359 58.4806 80.0211 566.359 58.4806 80.0211 548.104 66.1699 47.9894 548.104 66.1699 47.9894 584.614 50.7914 15.9577 584.614 50.7914 15.9577 548.104 66.1699 -16.074 548.104 66.1699 -16.074 584.614 50.7914 -48.1057 584.614 50.7914 -48.1057 548.104 66.1699 -80.1373 548.104 66.1699 -80.1373 566.359 58.4806 -125.302 566.359 58.4806 -145.134 529.914 73.8319 -127.434 521.734 77.2775 -141.353 496.156 88.0515 -176.752 512.516 81.1602 -190.671 486.938 91.9342 -155.271 470.578 98.8254 -169.19 445 109.599 -204.589 461.36 102.708 -218.508 435.782 113.482 -183.109 419.421 120.373 -197.027 393.843 131.147 -214.727 402.023 127.702 -234.426 365.823 142.95 -218.53 335.478 155.731 -236.432 327.513 159.086 -225.874 307.359 167.576 -190.07 323.289 160.866 -179.512 303.135 169.355 -215.316 287.205 176.065 -204.758 267.051 184.554 -168.954 282.981 177.844 -158.396 262.827 186.333 -194.2 246.897 193.043 -183.642 226.743 201.533 -165.74 234.708 198.178 -149.707 204.103 211.069
  poly 1: -142.222 193.898 162.698 -105.706 193.898 162.698 -105.706 175.805 170.319 -75.4475 175.805 170.319 -75.4475 211.991 155.077 -45.1889 211.991 155.077 -45.1889 175.805 170.319 -14.9302 175.805 170.319 -14.9302 211.991 155.077 15.3284 211.991 155.077 15.3284 175.805 170.319 45.587 175.805 170.319 45.587 211.991 155.077 75.8457 211.991 155.077 75.8457 175.805 170.319 106.104 175.805 170.319 106.104 193.898 162.698 142.61 193.898 162.698 156.832 222.268 150.748 174.872 214.587 153.983 186.024 236.833 144.613 149.944 252.195 138.142 161.096 274.441 128.772 197.177 259.079 135.243 208.329 281.325 125.872 172.248 296.687 119.402 183.401 318.933 110.031 219.481 303.571 116.502 230.633 325.817 107.131 212.593 333.498 103.896 226.846 361.93 91.92 208.906 391.206 79.5887 191.638 382.218 83.3744 177.22 405.746 73.464 211.756 423.721 65.8926 197.337 447.249 55.9822 162.801 429.274 63.5536 148.383 452.802 53.6432 182.919 470.777 46.0718 168.501 494.305 36.1614 133.965 476.33 43.7328 119.546 499.858 33.8224 136.815 508.846 30.0367 118.923 538.041 17.7391 80.0211 538.041 17.7391 80.0211 519.786 25.4283 47.9894 519.786 25.4283 47.9894 556.296 10.0499 15.9577 556.296 10.0499 15.9577 519.786 25.4283 -16.074 519.786 25.4283 -16.074 556.296 10.0499 -48.1057 556.296 10.0499 -48.1057 519.786 25.4283 -80.1373 519.786 25.4283 -80.1373 538.041 17.7391 -119.037 538.041 17.7391 -136.007 506.854 30.8756 -118.308 498.674 34.3213 -132.226 473.096 45.0952 -167.626 489.456 38.204 -181.544 463.878 48.9779 -146.145 447.518 55.8691 -160.064 421.94 66.6431 -195.463 438.3 59.7518 -209.382 412.722 70.5258 -173.982 396.361 77.417 -187.901 370.783 88.1909 -205.601 378.963 84.7453 -222.705 347.532 97.9849 -208.79 320.97 109.173 -226.692 313.005 112.528 -216.134 292.851 121.017 -180.33 308.781 114.307 -169.772 288.627 122.797 -205.576 272.696 129.507 -195.018 252.542 137.996 -159.214 268.473 131.286 -148.656 248.318 139.775 -184.46 232.388 146.485 -173.903 212.234 154.974 -156 220.199 151.619 -142.222 193.898 162.698
element 17
  poly 0: 454.664 356.164 -2.74809 473.365 324.406 -3.94213 461.654 316.995 9.75732 476.625 291.571 8.8014 500.047 306.393 -18.5975 515.018 280.969 -19.5534 491.597 266.147 7.84548 506.568 240.723 6.88956 529.989 255.545 -20.5093 544.961 230.121 -21.4652 521.54 215.299 5.93364 536.511 189.874 4.97773 548.222 197.285 -8.72172 566.659 165.975 -9.89897 589.828 165.473 -29.8078 593.983 146.67 -24.4992 610.754 146.307 -38.9107 602.445 183.911 -49.5278 619.217 183.548 -63.9392 627.525 145.943 -53.3221 644.296 145.58 -67.7335 640.142 164.382 -73.0421 663.144 163.884 -92.8071 589.381 456.435 -167.469 567.813 455.467 -148.255 572.757 436.702 -143.651 557.763 436.029 -130.294 547.876 473.559 -139.502 532.883 472.886 -126.145 542.77 435.357 -116.937 527.777 434.684 -103.58 522.833 453.448 -108.184 501.442 452.489 -89.1277 490.412 429.776 -68.7599 504.536 417.238 -75.0928 496.294 400.266 -59.8736 468.046 425.342 -47.2079 459.805 408.371 -31.9887 488.052 383.295 -44.6545 479.81 366.324 -29.4353 465.687 378.862 -23.1025 454.664 356.164 -2.74809
  poly 1: 478.593 374.909 36.9152 499.979 338.594 35.5498 488.268 331.182 49.2492 503.239 305.758 48.2933 526.66 320.58 20.8944 541.632 295.156 19.9385 518.211 280.334 47.3374 533.182 254.91 46.3814 556.603 269.732 18.9826 571.575 244.308 18.0266 548.154 229.486 45.4255 563.125 204.062 44.4696 574.836 211.473 30.7702 596.484 174.71 29.3879 622.024 174.157 7.4411 626.178 155.354 12.7497 642.95 154.991 -1.66173 634.641 192.596 -12.2789 651.413 192.232 -26.6903 659.721 154.628 -16.0731 676.492 154.264 -30.4846 672.338 173.066 -35.7931 698.046 172.509 -57.8838 620.401 480.458 -136.475 596.334 479.378 -115.035 601.278 460.613 -110.431 586.285 459.94 -97.0743 576.397 497.469 -106.283 561.404 496.797 -92.9256 571.291 459.267 -83.7173 556.298 458.595 -70.3603 551.354 477.359 -74.9645 527.834 476.304 -54.0108 515.58 451.071 -31.3832 529.704 438.533 -37.7161 521.462 421.562 -22.497 493.214 446.638 -9.83122 484.973 429.666 5.38792 513.22 404.59 -7.27782 504.978 387.619 7.94133 490.855 400.157 14.2742 478.593 374.909 36.9152
element 18
  poly 0: -457.883 344.518 -0.0220153 -426.986 344.914 12.854 -430.687 328.101 22.2519 -405.919 328.418 32.5734 -398.517 362.045 13.7774 -373.75 362.362 24.0989 -381.152 328.736 42.8949 -356.384 329.053 53.2163 -348.982 362.679 34.4204 -324.215 362.997 44.7418 -331.617 329.37 63.5378 -306.849 329.688 73.8593 -299.447 363.314 55.0633 -274.68 363.632 65.3847 -282.082 330.005 84.1807 -257.314 330.322 94.5022 -253.613 347.136 85.1042 -222.705 347.532 97.9849 -205.601 378.963 84.7453 -189.314 374.299 94.7125 -175.395 399.877 83.9386 -207.969 409.206 64.0042 -194.05 434.784 53.2303 -161.476 425.455 73.1646 -147.558 451.034 62.3907 -180.132 460.362 42.4564 -166.213 485.94 31.6824 -133.639 476.612 51.6167 -119.72 502.19 40.8428 -136.007 506.854 30.8756 -119.037 538.041 17.7391 -135.198 558.433 -2.43743 -151.208 546.63 -1.54157 -163.53 562.177 -16.9239 -131.51 585.782 -18.7156 -143.831 601.328 -34.098 -175.851 577.723 -32.3063 -188.173 593.269 -47.6886 -156.153 616.874 -49.4803 -168.474 632.42 -64.8627 -200.494 608.815 -63.071 -212.816 624.362 -78.4533 -196.806 636.164 -79.3492 -212.641 656.144 -99.1179 -419.314 604.215 -153.089 -432.871 576.231 -140.591 -415.97 572.375 -130.89 -426.193 551.272 -121.465 -459.995 558.982 -140.866 -470.218 537.879 -131.441 -436.417 530.168 -112.04 -446.64 509.065 -102.615 -480.442 516.775 -122.016 -490.665 495.672 -112.591 -456.863 487.961 -93.1905 -467.087 466.858 -83.7655 -483.987 470.713 -93.4657 -497.372 443.083 -81.1262 -487.991 419.668 -61.8586 -506.003 410.873 -63.7767 -499.08 393.592 -49.557 -463.055 411.181 -45.7209 -456.132 393.9 -31.5012 -492.156 376.311 -35.3374 -485.233 359.03 -21.1177 -467.22 367.824 -19.1996 -457.883 344.518 -0.0220153
  poly 1: -481.982 362.651 39.7847 -444.885 363.126 55.2445 -448.586 346.313 64.6425 -423.818 346.63 74.964 -416.416 380.257 56.168 -391.649 380.574 66.4895 -399.051 346.947 85.2854 -374.283 347.265 95.6069 -366.881 380.891 76.8109 -342.114 381.209 87.1324 -349.516 347.582 105.928 -324.748 347.9 116.25 -317.346 381.526 97.4539 -292.579 381.843 107.775 -299.981 348.217 126.571 -275.213 348.534 136.893 -271.512 365.348 127.495 -234.426 365.823 142.95 -214.727 402.023 127.702 -198.44 397.359 137.669 -184.521 422.937 126.895 -217.095 432.266 106.96 -203.176 457.844 96.1865 -170.603 448.515 116.121 -156.684 474.094 105.347 -189.258 483.422 85.4126 -175.339 509 74.6387 -142.765 499.672 94.573 -128.847 525.25 83.7991 -145.134 529.914 73.8319 -125.302 566.359 58.4806 -143.6 589.447 35.6367 -159.61 577.644 36.5326 -171.931 593.19 21.1502 -139.912 616.795 19.3585 -152.233 632.342 3.97615 -184.253 608.737 5.76788 -196.574 624.283 -9.61447 -164.555 647.888 -11.4062 -176.876 663.434 -26.7885 -208.896 639.829 -24.9968 -221.217 655.375 -40.3792 -205.207 667.178 -41.275 -223.832 690.677 -64.5267 -441.383 636.016 -121.338 -457.281 603.199 -106.682 -440.38 599.344 -96.9819 -450.603 578.241 -87.5569 -484.405 585.951 -106.957 -494.628 564.848 -97.5323 -460.827 557.137 -78.1319 -471.05 536.034 -68.707 -504.852 543.744 -88.1073 -515.075 522.64 -78.6823 -481.273 514.93 -59.282 -491.497 493.826 -49.857 -508.397 497.682 -59.5572 -523.55 466.403 -45.5882 -513.173 440.503 -24.2762 -531.185 431.709 -26.1942 -524.262 414.428 -11.9746 -488.237 432.017 -8.13845 -481.314 414.736 6.08121 -517.338 397.146 2.24509 -510.415 379.865 16.4648 -492.403 388.66 18.3828 -481.982 362.651 39.7847
element 19
  poly 0: 238.785 380.979 136.566 281.805 379.89 118.689 285.466 363.276 128.51 316.23 362.497 115.727 308.909 395.726 96.0842 339.673 394.947 83.3004 346.994 361.719 102.943 377.758 360.94 90.159 370.437 394.169 70.5166 401.201 393.39 57.7327 408.522 360.161 77.3752 439.286 359.383 64.5914 435.626 375.997 54.7701 478.593 374.909 36.9152 490.855 400.157 14.2742 508.551 390.586 13.1841 516.792 407.557 -2.03506 481.4 426.7 0.145168 489.642 443.671 -15.074 525.034 424.528 -17.2542 533.276 441.5 -32.4734 515.58 451.071 -31.3832 527.834 476.304 -54.0108 512.391 505.792 -67.5692 495.749 501.685 -57.5455 485.687 520.899 -66.3796 518.97 529.112 -86.4271 508.908 548.325 -95.2612 475.625 540.112 -75.2138 465.563 559.325 -84.0479 498.846 567.538 -104.095 488.784 586.752 -112.929 455.501 578.539 -92.882 445.438 597.752 -101.716 462.08 601.858 -111.74 446.073 632.424 -125.794 212.526 691.178 -65.0222 196.075 667.668 -41.7602 212.578 656.581 -41.2936 201.685 641.014 -25.8906 168.678 663.188 -26.8238 157.785 647.621 -11.4209 190.792 625.447 -10.4877 179.898 609.88 4.91518 146.891 632.054 3.98199 135.998 616.487 19.3849 169.005 594.313 20.3181 158.112 578.746 35.721 141.608 589.833 35.2544 125.182 566.359 58.4806 145.963 532.449 72.764 130.153 527.171 83.2324 144.571 503.642 93.1428 176.191 514.2 72.206 190.609 490.672 82.1164 158.989 480.114 103.053 173.408 456.586 112.964 205.027 467.144 92.0268 219.446 443.616 101.937 187.826 433.058 122.874 202.244 409.53 132.784 218.054 414.809 122.316 238.785 380.979 136.566
  poly 1: 226.846 361.93 91.92 263.819 360.994 76.5563 267.479 344.38 86.3775 298.243 343.601 73.5937 290.922 376.83 53.9512 321.686 376.051 41.1674 329.008 342.823 60.8098 359.772 342.044 48.026 352.45 375.273 28.3836 383.215 374.494 15.5998 390.536 341.265 35.2422 421.3 340.487 22.4584 417.639 357.101 12.6371 454.664 356.164 -2.74809 465.687 378.862 -23.1025 483.383 369.29 -24.1926 491.624 386.262 -39.4117 456.232 405.404 -37.2315 464.474 422.376 -52.4506 499.866 403.233 -54.6309 508.108 420.204 -69.85 490.412 429.776 -68.7599 501.442 452.489 -89.1277 488.168 477.835 -100.782 471.526 473.729 -90.7582 461.464 492.942 -99.5924 494.747 501.155 -119.64 484.685 520.369 -128.474 451.402 512.155 -108.426 441.34 531.369 -117.261 474.623 539.582 -137.308 464.561 558.795 -146.142 431.278 550.582 -126.095 421.216 569.795 -134.929 437.857 573.902 -144.953 423.769 600.803 -157.321 201.9 656.619 -99.5886 187.657 636.266 -79.4499 204.161 625.179 -78.9833 193.267 609.612 -63.5804 160.261 631.786 -64.5136 149.367 616.219 -49.1107 182.374 594.045 -48.1775 171.481 578.478 -32.7746 138.474 600.652 -33.7078 127.581 585.085 -18.3049 160.588 562.911 -17.3717 149.694 547.344 -1.96877 133.191 558.431 -2.43536 118.923 538.041 17.7391 136.815 508.846 30.0367 121.005 503.567 40.5051 135.423 480.039 50.4155 167.043 490.597 29.4787 181.461 467.069 39.3891 149.841 456.511 60.3259 164.26 432.983 70.2363 195.879 443.541 49.2995 210.297 420.013 59.2099 178.678 409.455 80.1467 193.096 385.927 90.0572 208.906 391.206 79.5887 226.846 361.93 91.92
element 20
  poly 0: -591.038 448.812 -165.294 -568.623 447.441 -145.152 -576.408 430.946 -137.611 -560.154 429.952 -123.005 -544.584 462.942 -138.087 -528.33 461.948 -123.481 -543.9 428.958 -108.4 -527.646 427.964 -93.7937 -519.861 444.459 -101.335 -497.372 443.083 -81.1262 -483.987 470.713 -93.4657 -469.63 469.607 -80.3689 -459.407 490.71 -89.7938 -488.122 492.923 -115.988 -477.898 514.026 -125.413 -449.183 511.814 -99.2188 -438.96 532.917 -108.644 -467.675 535.13 -134.837 -457.452 556.233 -144.262 -428.737 554.021 -118.069 -418.513 575.124 -127.494 -432.871 576.231 -140.591 -419.761 603.293 -152.677 -546.138 546.11 -210.638 -591.038 448.812 -165.294
  poly 1: -622.146 472.434 -134.186 -597.192 470.908 -111.762 -604.977 454.413 -104.221 -588.723 453.418 -89.6156 -573.153 486.409 -104.698 -556.898 485.415 -90.0918 -572.469 452.424 -75.0099 -556.215 451.43 -60.4041 -548.43 467.925 -67.9451 -523.55 466.403 -45.5882 -508.397 497.682 -59.5572 -494.04 496.576 -46.4603 -483.817 517.679 -55.8853 -512.532 519.891 -82.079 -502.308 540.995 -91.504 -473.593 538.783 -65.3103 -463.37 559.886 -74.7352 -492.085 562.099 -100.929 -481.862 583.202 -110.354 -453.147 580.99 -84.1602 -442.923 602.093 -93.5852 -457.281 603.199 -106.682 -441.854 635.045 -120.904 -574.882 574.852 -181.916 -622.146 472.434 -134.186
element 21
  poly 0: -119.037 538.041 17.7391 -80.1373 538.041 17.7391 -80.1373 524.083 31.5501 -48.1057 524.083 31.5501 -48.1057 552 3.92809 -16.074 552 3.92809 -16.074 524.083 31.5501 15.9577 524.083 31.5501 15.9577 552 3.92809 47.9894 552 3.92809 47.9894 524.083 31.5501 80.0211 524.083 31.5501 80.0211 538.041 17.7391 118.923 538.041 17.7391 133.191 558.431 -2.43536 150.976 552.142 3.78691 161.869 567.709 -11.616 126.299 580.286 -24.0606 137.193 595.853 -39.4635 172.762 583.276 -27.0189 183.656 598.843 -42.4218 148.086 611.421 -54.8664 158.979 626.988 -70.2693 194.549 614.41 -57.8247 205.442 629.977 -73.2277 187.657 636.266 -79.4499 201.95 656.691 -99.6594 -213.075 656.691 -99.6594 -196.806 636.164 -79.3492 -214.128 629.227 -72.4849 -201.807 613.681 -57.1026 -167.162 627.555 -70.8311 -154.84 612.009 -55.4487 -189.485 598.134 -41.7202 -177.164 582.588 -26.3379 -142.519 596.463 -40.0664 -130.197 580.917 -24.684 -164.842 567.042 -10.9555 -152.521 551.495 4.42682 -135.198 558.433 -2.43743 -119.037 538.041 17.7391
  poly 1: -125.302 566.359 58.4806 -80.1373 566.359 58.4806 -80.1373 552.401 72.2917 -48.1057 552.401 72.2917 -48.1057 580.317 44.6696 -16.074 580.317 44.6696 -16.074 552.401 72.2917 15.9577 552.401 72.2917 15.9577 580.317 44.6696 47.9894 580.317 44.6696 47.9894 552.401 72.2917 80.0211 552.401 72.2917 80.0211 566.359 58.4806 125.182 566.359 58.4806 141.608 589.833 35.2544 159.393 583.544 41.4767 170.287 599.111 26.0738 134.717 611.689 13.6292 145.61 627.256 -1.77369 181.18 614.679 10.6709 192.073 630.246 -4.73205 156.503 642.823 -17.1766 167.396 658.39 -32.5795 202.966 645.813 -20.135 213.86 661.38 -35.5379 196.075 667.668 -41.7602 212.579 691.254 -65.0967 -224.289 691.254 -65.0967 -205.207 667.178 -41.275 -222.53 660.241 -34.4108 -210.208 644.694 -19.0284 -175.564 658.569 -32.7569 -163.242 643.023 -17.3746 -197.887 629.148 -3.64608 -185.565 613.602 11.7363 -150.92 627.477 -1.99223 -138.599 611.93 13.3901 -173.244 598.056 27.1186 -160.922 582.509 42.501 -143.6 589.447 35.6367 -125.302 566.359 58.4806
element 22
  poly 0: 501.442 452.489 -89.1277 522.833 453.448 -108.184 530.711 437.183 -100.161 545.704 437.856 -113.518 529.949 470.387 -129.565 544.942 471.06 -142.922 560.697 438.529 -126.875 575.691 439.201 -140.232 567.813 455.467 -148.255 589.029 456.419 -167.156 545.761 545.585 -211.069 424.44 599.521 -156.732 437.857 573.902 -144.953 423.675 572.572 -131.69 433.737 553.359 -122.856 462.102 556.018 -149.381 472.164 536.805 -140.547 443.799 534.146 -114.022 453.861 514.932 -105.188 482.226 517.592 -131.712 492.288 498.378 -122.878 463.923 495.719 -96.3538 473.985 476.506 -87.5197 488.168 477.835 -100.782 501.442 452.489 -89.1277
  poly 1: 527.834 476.304 -54.0108 551.354 477.359 -74.9645 559.232 461.094 -66.941 574.225 461.767 -80.298 558.47 494.298 -96.3449 573.463 494.97 -109.702 589.219 462.439 -93.655 604.212 463.112 -107.012 596.334 479.378 -115.035 620.03 480.441 -136.145 574.485 574.3 -182.37 446.78 631.075 -125.173 462.08 601.858 -111.74 447.897 600.529 -98.4776 457.96 581.316 -89.6435 486.325 583.975 -116.168 496.387 564.762 -107.334 468.022 562.102 -80.8093 478.084 542.889 -71.9752 506.449 545.548 -98.4998 516.511 526.335 -89.6656 488.146 523.676 -63.1411 498.208 504.462 -54.307 512.391 505.792 -67.5692 527.834 476.304 -54.0108
