element 0
  poly 0: -146.649 -287.219 172.009 -146.649 -294.089 98.798 -140.841 -297.577 99.1253 -140.841 -290.707 172.337 -146.649 -287.219 172.009
  poly 1: -152.457 -290.707 172.337 -152.457 -297.577 99.1253 -146.649 -301.065 99.4526 -146.649 -294.195 172.664 -152.457 -290.707 172.337
  poly 2: -48.6418 -352.992 103.884 -87.5752 -322.494 177.513 -93.683 -318.826 177.169 -54.7495 -349.324 103.54 -48.6418 -352.992 103.884
  poly 3: -52.9659 -357.372 104.295 -91.8994 -326.874 177.924 -98.0072 -323.205 177.58 -59.0737 -353.703 103.951 -52.9659 -357.372 104.295
  poly 4: -134.661 -311.335 -7.58917 -146.649 -302.827 5.674 -146.649 -300.959 25.5865 -152.457 -297.47 25.2592 -152.457 -276.861 244.894 -146.649 -280.349 245.221 -146.649 -278.643 263.397 -140.504 -282.149 265.714 -132.616 -288.328 250.798 -120.401 -295.664 251.486 -3.60053 -387.159 30.5989 -15.816 -379.822 29.9105 -6.14527 -387.398 11.6216 -11.9878 -385.012 -0.6756 -134.661 -311.335 -7.58917
  poly 5: -134.661 -318.311 -6.93452 -146.649 -309.804 6.32865 -146.649 -307.935 26.2412 -158.265 -300.959 25.5865 -158.265 -280.349 245.221 -146.649 -287.325 245.876 -146.649 -285.294 267.525 -140.504 -288.8 269.842 -130.833 -296.375 251.553 -124.725 -300.044 251.897 -7.92471 -391.538 31.0099 -14.0325 -387.87 30.6657 -4.3617 -395.445 12.3768 -10.2042 -393.059 0.0795661 -134.661 -318.311 -6.93452
element 1
  poly 0: -206.14 -322.821 176.723 -245.371 -353.552 102.532 -240.506 -350.858 99.837 -201.275 -320.127 174.028 -206.14 -322.821 176.723
  poly 1: -200.332 -326.038 179.94 -239.563 -356.769 105.749 -234.698 -354.075 103.054 -195.467 -323.344 177.245 -200.332 -326.038 179.94
  poly 2: -152.794 -282.149 265.714 -146.649 -278.643 263.397 -146.649 -280.349 245.221 -152.457 -283.837 245.548 -152.457 -290.707 172.337 -145.197 -286.347 171.928 -140.841 -284.589 162.531 -140.841 -289.742 107.622 -145.197 -293.217 98.7162 -152.457 -297.577 99.1253 -152.457 -304.447 25.9138 -146.649 -300.959 25.5865 -146.649 -302.827 5.67399 -158.637 -311.335 -7.58917 -281.31 -385.012 -0.675601 -287.153 -387.398 11.6216 -279.737 -381.589 25.6457 -289.467 -386.978 31.0351 -171.774 -294.785 253.609 -162.045 -289.396 248.22 -152.794 -282.149 265.714
  poly 3: -152.794 -288.8 269.842 -146.649 -285.294 267.525 -146.649 -287.325 245.876 -146.707 -287.36 245.879 -146.649 -294.195 172.664 -139.389 -289.835 172.255 -135.033 -288.078 162.858 -135.033 -293.23 107.949 -139.389 -296.705 99.0435 -146.649 -301.065 99.4526 -146.707 -307.97 26.2444 -146.649 -307.935 26.2412 -146.649 -309.804 6.32864 -158.637 -318.311 -6.93452 -283.094 -393.059 0.0795656 -288.936 -395.445 12.3768 -278.794 -387.501 31.5575 -283.659 -390.195 34.2521 -165.966 -298.002 256.826 -161.102 -295.307 254.131 -152.794 -288.8 269.842
element 2
  poly 0: -4.24549e-06 -253.509 138.703 -4.24549e-06 -138.217 253.994 -4.86488 -140.912 256.689 -4.86488 -256.204 141.397 -4.24549e-06 -253.509 138.703
  poly 1: 4.86487 -256.204 141.397 4.86487 -140.912 256.689 -4.24549e-06 -143.607 259.384 -4.24549e-06 -258.898 144.092 4.86487 -256.204 141.397
  poly 2: -58.7226 -103.432 353.833 -97.6561 -177.061 323.335 -93.6259 -177.061 318.871 -54.6924 -103.432 349.369 -58.7226 -103.432 353.833
  poly 3: -53.023 -103.432 358.298 -91.9565 -177.061 327.8 -87.9263 -177.061 323.335 -48.9928 -103.432 353.833 -53.023 -103.432 358.298
  poly 4: -6.14527 -11.6216 387.398 -2.97346e-06 -9.89949 382.312 -4.24549e-06 -22.9255 369.286 4.86487 -20.2308 366.591 4.86487 -366.106 20.7164 -4.2455e-06 -368.801 23.411 -2.97346e-06 -382.312 9.89949 -6.14528 -387.398 11.6216 -15.816 -379.822 29.9105 -15.7728 -379.778 29.9064 -54.7495 -349.324 103.54 -60.1547 -354.798 104.053 -68.2645 -354.271 113.565 -97.4646 -331.397 168.787 -99.0882 -324.3 177.682 -93.683 -318.826 177.169 -132.573 -288.284 250.794 -132.616 -288.328 250.798 -140.504 -282.149 265.714 -140.504 -265.714 282.149 -132.559 -250.69 288.372 -140.62 -250.69 297.302 -23.8193 -29.8025 388.796 -15.7589 -29.8025 379.867 -6.14527 -11.6216 387.398
  poly 5: -6.14527 -14.7787 395.019 -2.97346e-06 -13.0565 389.934 -4.24549e-06 -28.3148 374.675 9.72974 -22.9255 369.286 9.72974 -368.801 23.411 -4.24549e-06 -374.19 28.8004 -2.97346e-06 -388.963 14.0277 -6.14528 -394.048 15.7498 -14.0325 -387.87 30.6657 -9.70828 -383.49 30.2547 -48.6418 -352.992 103.884 -54.047 -358.467 104.398 -62.1568 -357.939 113.909 -91.3569 -335.065 169.131 -92.9805 -327.968 178.027 -87.5752 -322.494 177.513 -126.509 -291.996 251.142 -130.833 -296.375 251.553 -141.81 -287.777 272.312 -141.81 -271.341 288.748 -130.89 -250.69 297.302 -134.92 -250.69 301.766 -18.1197 -29.8025 393.261 -14.0896 -29.8025 388.796 -6.14527 -14.7787 395.019
element 3
  poly 0: -195.92 -176.535 323.553 -235.132 -102.379 354.269 -240.831 -99.2223 351.112 -201.62 -173.378 320.396 -195.92 -176.535 323.553
  poly 1: -199.95 -179.692 326.71 -239.162 -105.536 357.426 -244.861 -102.379 354.269 -205.65 -176.535 323.553 -199.95 -179.692 326.71
  poly 2: -287.153 -387.398 11.6216 -293.298 -382.312 9.89948 -293.298 -9.89948 382.312 -287.153 -11.6216 387.398 -280.043 -25.067 381.828 -268.644 -31.381 388.142 -151.009 -253.847 295.994 -162.408 -247.533 289.68 -152.794 -265.714 282.149 -152.794 -282.149 265.714 -162.045 -289.396 248.22 -162.103 -289.363 248.187 -201.275 -320.127 174.028 -194.015 -324.148 178.05 -194.563 -330.402 171.189 -223.986 -353.45 115.545 -233.246 -354.879 103.858 -240.506 -350.858 99.837 -279.795 -381.557 25.6135 -279.737 -381.589 25.6457 -287.153 -387.398 11.6216
  poly 3: -290.853 -396.947 8.75255 -296.998 -391.861 7.0304 -296.998 -6.05924 392.832 -290.853 -7.78139 397.918 -278.374 -31.381 388.142 -272.674 -34.538 391.3 -155.039 -257.004 299.151 -160.738 -253.847 295.994 -151.488 -271.341 288.748 -151.488 -287.777 272.312 -161.102 -295.307 254.131 -166.91 -292.09 250.914 -206.14 -322.821 176.723 -198.88 -326.843 180.744 -199.428 -333.097 173.883 -228.851 -356.145 118.24 -238.111 -357.574 106.553 -245.371 -353.552 102.532 -284.602 -384.283 28.3404 -278.794 -387.501 31.5575 -290.853 -396.947 8.75255
element 4
  poly 0: -146.649 81.638 277.335 -146.649 -81.638 277.335 -141.784 -81.638 281.146 -141.784 81.638 281.146 -146.649 81.638 277.335
  poly 1: -151.514 81.638 281.146 -151.514 -81.638 281.146 -146.649 -81.638 284.957 -146.649 81.638 284.957 -151.514 81.638 281.146
  poly 2: -48.9928 103.432 353.833 -87.9263 177.061 323.335 -93.6259 177.061 318.871 -54.6924 103.432 349.369 -48.9928 103.432 353.833
  poly 3: -53.023 103.432 358.298 -91.9565 177.061 327.8 -97.6561 177.061 323.335 -58.7226 103.432 353.833 -53.023 103.432 358.298
  poly 4: -140.504 -265.714 282.149 -146.649 -263.335 277.335 -146.649 -244.914 277.335 -151.514 -244.914 273.525 -151.514 244.914 273.525 -146.649 244.914 277.335 -146.649 263.335 277.335 -140.504 265.714 282.149 -132.559 250.69 288.372 -121.16 250.69 297.302 -4.35981 29.8025 388.796 -15.7589 29.8025 379.867 -6.14527 11.6216 387.398 -6.14527 -11.6216 387.398 -15.7589 -29.8025 379.867 -15.8159 -29.8025 379.822 -54.6924 -103.432 349.369 -47.568 -103.432 354.95 -48.16 -112.635 354.486 -77.3601 -167.857 331.612 -86.5014 -177.061 324.451 -93.6259 -177.061 318.871 -132.616 -250.69 288.328 -132.559 -250.69 288.372 -140.504 -265.714 282.149
  poly 5: -140.504 -268.871 289.771 -146.649 -266.492 284.957 -146.649 -244.914 284.957 -156.379 -244.914 277.335 -156.379 244.914 277.335 -146.649 244.914 284.957 -146.649 266.492 284.957 -140.504 268.871 289.771 -130.89 250.69 297.302 -125.19 250.69 301.766 -8.39 29.8025 393.261 -14.0896 29.8025 388.796 -4.47591 11.6216 396.327 -4.47591 -11.6216 396.327 -14.0896 -29.8025 388.796 -19.7891 -29.8025 384.332 -58.7226 -103.432 353.833 -51.5981 -103.432 359.414 -52.1902 -112.635 358.951 -81.3903 -167.857 336.077 -90.5316 -177.061 328.916 -97.6561 -177.061 323.335 -136.59 -250.69 292.837 -130.89 -250.69 297.302 -140.504 -268.871 289.771
element 5
  poly 0: -205.65 176.535 323.553 -244.861 102.379 354.269 -240.831 99.2223 351.112 -201.62 173.378 320.396 -205.65 176.535 323.553
  poly 1: -199.95 179.692 326.71 -239.162 105.536 357.426 -235.132 102.379 354.269 -195.92 176.535 323.553 -199.95 179.692 326.71
  poly 2: -152.794 265.714 282.149 -146.649 263.335 277.335 -146.649 244.914 277.335 -151.514 244.914 281.146 -151.514 81.638 281.146 -145.433 81.638 276.383 -141.784 61.2285 273.525 -141.784 -61.2285 273.525 -145.433 -81.638 276.383 -151.514 -81.638 281.146 -151.514 -244.914 281.146 -146.649 -244.914 277.335 -146.649 -263.335 277.335 -152.794 -265.714 282.149 -162.408 -247.533 289.68 -162.368 -247.501 289.648 -201.62 -173.378 320.396 -206.657 -177.324 324.342 -214.581 -170.422 330.55 -243.99 -114.806 353.587 -245.869 -103.169 355.059 -240.831 -99.2223 351.112 -280.003 -25.0354 381.797 -280.043 -25.067 381.828 -287.153 -11.6217 387.398 -287.153 11.6216 387.398 -280.043 25.067 381.828 -288.103 31.381 388.142 -170.468 253.847 295.994 -162.408 247.533 289.68 -152.794 265.714 282.149
  poly 3: -152.794 268.871 289.771 -146.649 266.492 284.957 -146.649 244.914 284.957 -146.698 244.914 284.995 -146.649 81.638 284.957 -140.568 81.638 280.194 -136.919 61.2285 277.335 -136.919 -61.2285 277.335 -140.568 -81.638 280.194 -146.649 -81.638 284.957 -146.698 -244.914 284.995 -146.649 -244.914 284.957 -146.649 -266.492 284.957 -152.794 -268.871 289.771 -160.738 -253.847 295.994 -156.708 -250.69 292.837 -195.92 -176.535 323.553 -200.958 -180.481 327.499 -208.882 -173.579 333.707 -238.291 -117.963 356.744 -240.169 -106.326 358.216 -235.132 -102.379 354.269 -274.343 -28.224 384.985 -278.374 -31.381 388.142 -288.822 -11.6217 396.327 -288.822 11.6216 396.327 -278.374 31.381 388.142 -282.404 34.538 391.3 -164.769 257.004 299.151 -160.738 253.847 295.994 -152.794 268.871 289.771
element 6
  poly 0: -4.24549e-06 138.217 253.994 -4.24549e-06 253.509 138.703 -4.86488 256.204 141.397 -4.86488 140.912 256.689 -4.24549e-06 138.217 253.994
  poly 1: 4.86487 140.912 256.689 4.86487 256.204 141.397 -4.24549e-06 258.898 144.092 -4.24549e-06 143.607 259.384 4.86487 140.912 256.689
  poly 2: -59.0737 353.703 103.951 -98.0072 323.205 177.58 -93.683 318.826 177.169 -54.7495 349.324 103.54 -59.0737 353.703 103.951
  poly 3: -52.9659 357.372 104.295 -91.8994 326.874 177.924 -87.5752 322.494 177.513 -48.6418 352.992 103.884 -52.9659 357.372 104.295
  poly 4: -6.14527 387.398 11.6216 -2.97346e-06 382.312 9.89949 -4.24549e-06 368.801 23.411 4.86487 366.106 20.7164 4.86487 20.2308 366.591 -4.24549e-06 22.9255 369.286 -2.97346e-06 9.89949 382.312 -6.14527 11.6216 387.398 -15.7589 29.8025 379.867 -15.7186 29.8025 379.822 -54.6924 103.432 349.369 -59.7301 103.432 354.95 -67.6195 112.635 354.486 -96.8196 167.857 331.612 -98.6636 177.061 324.451 -93.6259 177.061 318.871 -132.519 250.69 288.328 -132.559 250.69 288.372 -140.504 265.714 282.149 -140.504 282.149 265.714 -132.616 288.328 250.798 -141.265 297.086 251.62 -24.4644 388.581 30.7324 -15.816 379.822 29.9105 -6.14527 387.398 11.6216
  poly 5: -6.14527 394.048 15.7498 -2.97346e-06 388.963 14.0277 -4.24549e-06 374.19 28.8004 9.72974 368.801 23.411 9.72974 22.9255 369.286 -4.24549e-06 28.3148 374.675 -2.97346e-06 13.0565 389.934 -6.14527 14.7787 395.019 -14.0896 29.8025 388.796 -10.0594 29.8025 384.332 -48.9928 103.432 353.833 -54.0306 103.432 359.414 -61.9199 112.635 358.951 -91.12 167.857 336.077 -92.9641 177.061 328.916 -87.9263 177.061 323.335 -126.86 250.69 292.837 -130.89 250.69 297.302 -141.81 271.341 288.748 -141.81 287.777 272.312 -130.833 296.375 251.553 -135.157 300.755 251.964 -18.3566 392.249 31.0766 -14.0325 387.87 30.6657 -6.14527 394.048 15.7498
element 7
  poly 0: -195.467 323.344 177.245 -234.698 354.075 103.054 -240.506 350.858 99.837 -201.275 320.127 174.028 -195.467 323.344 177.245
  poly 1: -200.332 326.038 179.94 -239.563 356.769 105.749 -245.371 353.552 102.532 -206.14 322.821 176.723 -200.332 326.038 179.94
  poly 2: -287.153 11.6216 387.398 -293.298 9.89948 382.312 -293.298 382.312 9.89948 -287.153 387.398 11.6216 -279.737 381.589 25.6457 -268.121 388.023 32.0799 -150.429 295.83 254.654 -162.045 289.396 248.22 -152.794 282.149 265.714 -152.794 265.714 282.149 -162.408 247.533 289.68 -162.465 247.501 289.648 -201.62 173.378 320.396 -194.495 177.324 324.342 -195.122 170.422 330.55 -224.531 114.806 353.587 -233.707 103.169 355.059 -240.831 99.2223 351.112 -280.1 25.0354 381.797 -280.043 25.067 381.828 -287.153 11.6216 387.398
  poly 3: -290.853 7.78139 397.918 -296.998 6.05924 392.832 -296.998 391.861 7.0304 -290.853 396.947 8.75255 -278.794 387.501 31.5575 -272.986 390.718 34.7745 -155.294 298.524 257.349 -161.102 295.307 254.131 -151.488 287.777 272.312 -151.488 271.341 288.748 -160.738 253.847 295.994 -166.438 250.69 292.837 -205.65 176.535 323.553 -198.525 180.481 327.499 -199.152 173.579 333.707 -228.561 117.963 356.744 -237.737 106.326 358.216 -244.861 102.379 354.269 -284.073 28.224 384.985 -278.374 31.381 388.142 -290.853 7.78139 397.918
element 8
  poly 0: -146.649 294.089 98.798 -146.649 287.219 172.009 -140.841 290.707 172.337 -140.841 297.577 99.1253 -146.649 294.089 98.798
  poly 1: -152.457 297.577 99.1253 -152.457 290.707 172.337 -146.649 294.195 172.664 -146.649 301.065 99.4526 -152.457 297.577 99.1253
  poly 2: -140.504 282.149 265.714 -146.649 278.643 263.397 -146.649 280.349 245.221 -152.457 276.861 244.894 -152.457 297.47 25.2592 -146.649 300.959 25.5865 -146.649 302.827 5.674 -134.661 311.335 -7.58917 -11.9878 385.012 -0.6756 -6.14527 387.398 11.6216 -15.816 379.822 29.9105 -15.8771 379.786 29.9071 -54.7495 349.324 103.54 -47.1148 353.909 103.97 -47.4007 352.848 113.432 -76.6008 329.975 168.654 -86.0483 323.411 177.599 -93.683 318.826 177.169 -132.678 288.291 250.795 -132.616 288.328 250.798 -140.504 282.149 265.714
  poly 3: -140.504 288.8 269.842 -146.649 285.294 267.525 -146.649 287.325 245.876 -158.265 280.349 245.221 -158.265 300.959 25.5865 -146.649 307.935 26.2412 -146.649 309.804 6.32865 -134.661 318.311 -6.93452 -10.2042 393.059 0.0795661 -4.3617 395.445 12.3768 -14.0325 387.87 30.6657 -20.1402 384.202 30.3214 -59.0737 353.703 103.951 -51.439 358.289 104.381 -51.7249 357.228 113.843 -80.925 334.354 169.065 -90.3725 327.791 178.01 -98.0072 323.205 177.58 -136.941 292.707 251.209 -130.833 296.375 251.553 -140.504 288.8 269.842
element 9
  poly 0: -158.637 311.335 -7.58917 -146.649 302.827 5.67399 -146.649 300.959 25.5865 -152.457 304.447 25.9138 -152.457 297.577 99.1253 -145.197 293.217 98.7162 -140.841 289.742 107.622 -140.841 284.589 162.531 -145.197 286.347 171.928 -152.457 290.707 172.337 -152.457 283.837 245.548 -146.649 280.349 245.221 -146.649 278.643 263.397 -152.794 282.149 265.714 -162.045 289.396 248.22 -161.996 289.369 248.193 -201.275 320.127 174.028 -207.357 323.495 177.397 -215.909 329.357 170.144 -245.332 352.406 114.5 -246.587 354.226 103.205 -240.506 350.858 99.837 -279.688 381.562 25.6187 -279.737 381.589 25.6457 -287.153 387.398 11.6216 -281.31 385.012 -0.675601 -158.637 311.335 -7.58917
  poly 1: -158.637 318.311 -6.93452 -146.649 309.804 6.32864 -146.649 307.935 26.2412 -146.707 307.97 26.2444 -146.649 301.065 99.4526 -139.389 296.705 99.0435 -135.033 293.23 107.949 -135.033 288.078 162.858 -139.389 289.835 172.255 -146.649 294.195 172.664 -146.707 287.36 245.879 -146.649 287.325 245.876 -146.649 285.294 267.525 -152.794 288.8 269.842 -161.102 295.307 254.131 -156.237 292.613 251.437 -195.467 323.344 177.245 -201.549 326.712 180.614 -210.101 332.574 173.361 -239.524 355.623 117.717 -240.779 357.443 106.422 -234.698 354.075 103.054 -273.929 384.806 28.8628 -278.794 387.501 31.5575 -288.936 395.445 12.3768 -283.094 393.059 0.0795656 -158.637 318.311 -6.93452
element 10
  poly 0: 146.649 -287.219 172.009 146.649 -294.089 98.798 152.457 -297.577 99.1253 152.457 -290.707 172.337 146.649 -287.219 172.009
  poly 1: 140.841 -290.707 172.337 140.841 -297.577 99.1253 146.649 -301.065 99.4526 146.649 -294.195 172.664 140.841 -290.707 172.337
  poly 2: 245.251 -353.458 102.76 206.02 -322.727 176.951 199.912 -319.059 176.607 239.143 -349.79 102.415 245.251 -353.458 102.76
  poly 3: 240.926 -357.837 103.17 201.696 -327.106 177.362 195.588 -323.438 177.018 234.819 -354.169 102.826 240.926 -357.837 103.17
  poly 4: 158.637 -311.335 -7.58917 146.649 -302.827 5.674 146.649 -300.959 25.5865 140.841 -297.47 25.2592 140.841 -276.861 244.894 146.649 -280.349 245.221 146.649 -278.643 263.397 152.794 -282.149 265.714 160.681 -288.328 250.798 172.897 -295.664 251.486 290.589 -387.857 28.9124 278.374 -380.521 28.224 287.153 -387.398 11.6216 281.31 -385.012 -0.6756 158.637 -311.335 -7.58917
  poly 5: 158.637 -318.311 -6.93452 146.649 -309.804 6.32865 146.649 -307.935 26.2412 135.033 -300.959 25.5865 135.033 -280.349 245.221 146.649 -287.325 245.876 146.649 -285.294 267.525 152.794 -288.8 269.842 162.465 -296.375 251.553 168.573 -300.044 251.897 286.265 -392.237 29.3234 280.157 -388.568 28.9792 288.936 -395.445 12.3768 283.094 -393.059 0.0795665 158.637 -318.311 -6.93452
element 11
  poly 0: 87.4548 -322.588 177.285 48.5213 -353.087 103.656 53.3861 -350.392 100.961 92.3196 -319.894 174.591 87.4548 -322.588 177.285
  poly 1: 93.2628 -325.806 180.502 54.3293 -356.304 106.873 59.1941 -353.609 104.178 98.1276 -323.111 177.808 93.2628 -325.806 180.502
  poly 2: 140.504 -282.149 265.714 146.649 -278.643 263.397 146.649 -280.349 245.221 140.841 -283.837 245.548 140.841 -290.707 172.337 148.101 -286.347 171.928 152.457 -284.589 162.531 152.457 -289.742 107.622 148.101 -293.217 98.7162 140.841 -297.577 99.1253 140.841 -304.447 25.9138 146.649 -300.959 25.5865 146.649 -302.827 5.67399 134.661 -311.335 -7.58917 11.9878 -385.012 -0.675601 6.14527 -387.398 11.6216 14.4527 -380.89 27.3322 4.72292 -386.28 32.7216 121.523 -294.785 253.609 131.253 -289.396 248.22 140.504 -282.149 265.714
  poly 3: 140.504 -288.8 269.842 146.649 -285.294 267.525 146.649 -287.325 245.876 146.591 -287.36 245.879 146.649 -294.195 172.664 153.909 -289.835 172.255 158.265 -288.078 162.858 158.265 -293.23 107.949 153.909 -296.705 99.0435 146.649 -301.065 99.4526 146.591 -307.97 26.2444 146.649 -307.935 26.2412 146.649 -309.804 6.32864 134.661 -318.311 -6.93452 10.2042 -393.059 0.0795656 4.36169 -395.445 12.3768 15.3958 -386.802 33.244 10.5309 -389.497 35.9386 127.331 -298.002 256.826 132.196 -295.307 254.131 140.504 -288.8 269.842
element 12
  poly 0: 235.132 -102.379 354.269 195.92 -176.535 323.553 199.95 -176.535 319.089 239.162 -102.379 349.805 235.132 -102.379 354.269
  poly 1: 240.831 -102.379 358.734 201.62 -176.535 328.018 205.65 -176.535 323.553 244.861 -102.379 354.269 240.831 -102.379 358.734
  poly 2: 287.153 -11.6217 387.398 293.298 -9.89952 382.312 293.298 -382.312 9.89952 287.153 -387.398 11.6217 278.374 -380.521 28.224 278.417 -380.477 28.2199 239.143 -349.79 102.415 233.738 -355.264 102.929 225.591 -354.707 112.511 196.168 -331.659 168.155 194.507 -324.533 177.12 199.912 -319.059 176.607 160.725 -288.284 250.794 160.681 -288.328 250.798 152.794 -282.149 265.714 152.794 -265.714 282.149 160.738 -250.69 288.372 152.678 -250.69 297.302 270.313 -28.224 389.45 278.374 -28.224 380.521 287.153 -11.6217 387.398
  poly 3: 290.853 -7.78143 397.918 296.998 -6.05928 392.832 296.998 -391.861 7.03044 290.852 -396.947 8.75259 280.157 -388.568 28.9792 284.481 -384.189 28.5682 245.251 -353.458 102.76 239.845 -358.932 103.273 231.698 -358.375 112.855 202.275 -335.327 168.499 200.615 -328.201 177.465 206.02 -322.727 176.951 166.789 -291.996 251.142 162.465 -296.375 251.553 151.488 -287.777 272.312 151.488 -271.341 288.748 162.408 -250.69 297.302 158.378 -250.69 301.766 276.013 -28.224 393.915 280.043 -28.224 389.45 290.853 -7.78143 397.918
element 13
  poly 0: 97.6561 -177.061 323.335 58.7226 -103.432 353.833 53.023 -100.275 350.676 91.9565 -173.904 320.178 97.6561 -177.061 323.335
  poly 1: 93.6259 -180.218 326.492 54.6924 -106.589 356.99 48.9928 -103.432 353.833 87.9263 -177.061 323.335 93.6259 -180.218 326.492
  poly 2: 6.14527 -387.398 11.6216 -4.2455e-06 -382.312 9.8995 -4.2455e-06 -368.801 23.411 4.86487 -371.495 26.1057 4.86487 -256.204 141.397 -1.21622 -252.835 138.029 -4.86488 -236.403 150.42 -4.86488 -149.934 236.888 -1.21622 -137.543 253.321 4.86487 -140.912 256.689 4.86487 -25.6201 371.981 -4.24549e-06 -22.9255 369.286 -4.24549e-06 -9.8995 382.312 6.14527 -11.6216 387.398 14.0895 -26.6455 381.175 25.4886 -32.9595 387.489 142.289 -253.847 295.994 130.89 -247.533 289.68 140.504 -265.714 282.149 140.504 -282.149 265.714 131.253 -289.396 248.22 131.195 -289.363 248.187 92.3196 -319.894 174.591 99.5796 -323.915 178.612 99.0689 -330.14 171.821 69.8688 -353.014 116.599 60.6461 -354.413 104.983 53.3861 -350.392 100.961 14.3946 -380.858 27.3 14.4527 -380.89 27.3322 6.14527 -387.398 11.6216
  poly 3: 6.14527 -394.048 15.7498 -4.2455e-06 -388.963 14.0277 -4.24549e-06 -374.19 28.8004 0.0486445 -374.217 28.8273 -4.24549e-06 -258.898 144.092 -6.08109 -255.53 140.724 -9.72975 -239.097 153.114 -9.72975 -152.629 239.583 -6.08109 -140.238 256.015 -4.24549e-06 -143.607 259.384 0.0486445 -28.3418 374.702 -4.24549e-06 -28.3148 374.675 -4.24549e-06 -13.0565 389.934 6.14527 -14.7787 395.019 15.7589 -32.9595 387.489 21.4585 -36.1165 390.646 138.259 -257.004 299.151 132.559 -253.847 295.994 141.81 -271.341 288.748 141.81 -287.777 272.312 132.196 -295.307 254.131 126.388 -292.09 250.914 87.4548 -322.588 177.285 94.7147 -326.61 181.307 94.2041 -332.835 174.516 65.004 -355.709 119.294 55.7813 -357.108 107.677 48.5213 -353.087 103.656 9.58779 -383.585 30.0269 15.3958 -386.802 33.244 6.14527 -394.048 15.7498
element 14
  poly 0: 146.649 81.638 277.335 146.649 -81.638 277.335 151.514 -81.638 281.146 151.514 81.638 281.146 146.649 81.638 277.335
  poly 1: 141.784 81.638 281.146 141.784 -81.638 281.146 146.649 -81.638 284.957 146.649 81.638 284.957 141.784 81.638 281.146
  poly 2: 244.861 102.379 354.269 205.65 176.535 323.553 199.95 176.535 319.089 239.162 102.379 349.805 244.861 102.379 354.269
  poly 3: 240.831 102.379 358.734 201.62 176.535 328.018 195.92 176.535 323.553 235.132 102.379 354.269 240.831 102.379 358.734
  poly 4: 152.794 -265.714 282.149 146.649 -263.335 277.335 146.649 -244.914 277.335 141.784 -244.914 273.525 141.784 244.914 273.525 146.649 244.914 277.335 146.649 263.335 277.335 152.794 265.714 282.149 160.738 250.69 288.372 172.138 250.69 297.302 289.773 28.224 389.45 278.374 28.224 380.521 287.153 11.6216 387.398 287.153 -11.6216 387.398 278.374 -28.224 380.521 278.317 -28.224 380.476 239.162 -102.379 349.805 246.286 -102.379 355.386 245.659 -111.649 354.895 216.251 -167.265 331.857 207.075 -176.535 324.669 199.95 -176.535 319.089 160.681 -250.69 288.328 160.738 -250.69 288.372 152.794 -265.714 282.149
  poly 5: 152.794 -268.871 289.771 146.649 -266.492 284.957 146.649 -244.914 284.957 136.919 -244.914 277.335 136.919 244.914 277.335 146.649 244.914 284.957 146.649 266.492 284.957 152.794 268.871 289.771 162.408 250.69 297.302 168.107 250.69 301.766 285.742 28.224 393.915 280.043 28.224 389.45 288.822 11.6216 396.327 288.822 -11.6216 396.327 280.043 -28.224 389.45 274.343 -28.224 384.985 235.132 -102.379 354.269 242.256 -102.379 359.85 241.629 -111.649 359.359 212.221 -167.265 336.322 203.044 -176.535 329.134 195.92 -176.535 323.553 156.708 -250.69 292.837 162.408 -250.69 297.302 152.794 -268.871 289.771
element 15
  poly 0: 87.9263 177.061 323.335 48.9928 103.432 353.833 53.023 100.275 350.676 91.9565 173.904 320.178 87.9263 177.061 323.335
  poly 1: 93.6259 180.218 326.492 54.6924 106.589 356.99 58.7226 103.432 353.833 97.6561 177.061 323.335 93.6259 180.218 326.492
  poly 2: 140.504 265.714 282.149 146.649 263.335 277.335 146.649 244.914 277.335 141.784 244.914 281.146 141.784 81.638 281.146 147.865 81.638 276.383 151.514 61.2285 273.525 151.514 -61.2285 273.525 147.865 -81.638 276.383 141.784 -81.638 281.146 141.784 -244.914 281.146 146.649 -244.914 277.335 146.649 -263.335 277.335 140.504 -265.714 282.149 130.89 -247.533 289.68 130.93 -247.501 289.648 91.9565 -173.904 320.178 86.9188 -177.85 324.125 79.0294 -171.014 330.305 49.8293 -115.792 353.178 47.9853 -104.221 354.623 53.023 -100.275 350.676 14.1298 -26.6139 381.143 14.0895 -26.6455 381.175 6.14527 -11.6216 387.398 6.14527 11.6216 387.398 14.0895 26.6455 381.175 6.02916 32.9595 387.489 122.83 253.847 295.994 130.89 247.533 289.68 140.504 265.714 282.149
  poly 3: 140.504 268.871 289.771 146.649 266.492 284.957 146.649 244.914 284.957 146.6 244.914 284.995 146.649 81.638 284.957 152.73 81.638 280.194 156.379 61.2285 277.335 156.379 -61.2285 277.335 152.73 -81.638 280.194 146.649 -81.638 284.957 146.6 -244.914 284.995 146.649 -244.914 284.957 146.649 -266.492 284.957 140.504 -268.871 289.771 132.559 -253.847 295.994 136.59 -250.69 292.837 97.6561 -177.061 323.335 92.6183 -181.007 327.282 84.729 -174.171 333.462 55.5289 -118.949 356.335 53.6848 -107.378 357.78 58.7226 -103.432 353.833 19.7891 -29.8025 384.332 15.7589 -32.9595 387.489 4.47591 -11.6216 396.327 4.47591 11.6216 396.327 15.7589 32.9595 387.489 11.7287 36.1165 390.646 128.529 257.004 299.151 132.559 253.847 295.994 140.504 268.871 289.771
element 16
  poly 0: 234.819 354.169 102.826 195.588 323.438 177.018 199.912 319.059 176.607 239.143 349.79 102.415 234.819 354.169 102.826
  poly 1: 240.926 357.837 103.17 201.696 327.106 177.362 206.02 322.727 176.951 245.251 353.458 102.76 240.926 357.837 103.17
  poly 2: 287.153 387.398 11.6217 293.298 382.312 9.89952 293.298 9.89952 382.312 287.153 11.6217 387.398 278.374 28.224 380.521 278.414 28.224 380.476 239.162 102.379 349.805 234.124 102.379 355.386 226.2 111.649 354.895 196.791 167.265 331.857 194.912 176.535 324.669 199.95 176.535 319.089 160.779 250.69 288.328 160.738 250.69 288.372 152.794 265.714 282.149 152.794 282.149 265.714 160.681 288.328 250.798 152.033 297.086 251.62 269.725 389.28 29.0459 278.374 380.521 28.224 287.153 387.398 11.6217
  poly 3: 290.853 396.947 8.75258 296.998 391.861 7.03044 296.998 6.05928 392.832 290.853 7.78143 397.918 280.043 28.224 389.45 284.073 28.224 384.985 244.861 102.379 354.269 239.824 102.379 359.85 231.9 111.649 359.359 202.491 167.265 336.322 200.612 176.535 329.134 205.65 176.535 323.553 166.438 250.69 292.837 162.408 250.69 297.302 151.488 271.341 288.748 151.488 287.777 272.312 162.465 296.375 251.553 158.141 300.755 251.964 275.833 392.948 29.3901 280.157 388.568 28.9792 290.853 396.947 8.75258
element 17
  poly 0: 98.1276 323.111 177.808 59.1941 353.609 104.178 53.3861 350.392 100.961 92.3196 319.894 174.591 98.1276 323.111 177.808
  poly 1: 93.2628 325.806 180.502 54.3293 356.304 106.873 48.5213 353.087 103.656 87.4548 322.588 177.285 93.2628 325.806 180.502
  poly 2: 6.14526 11.6216 387.398 -4.24549e-06 9.8995 382.312 -4.24549e-06 22.9255 369.286 4.86487 25.6201 371.981 4.86487 140.912 256.689 -1.21622 137.543 253.321 -4.86488 149.934 236.888 -4.86488 236.403 150.42 -1.21622 252.835 138.029 4.86487 256.204 141.397 4.86487 371.495 26.1057 -4.24549e-06 368.801 23.411 -4.24549e-06 382.312 9.8995 6.14527 387.398 11.6216 14.4527 380.89 27.3322 26.0687 387.324 33.7664 142.869 295.83 254.654 131.253 289.396 248.22 140.504 282.149 265.714 140.504 265.714 282.149 130.89 247.533 289.68 130.833 247.501 289.648 91.9565 173.904 320.178 99.0809 177.85 324.125 98.4889 171.014 330.305 69.2888 115.792 353.178 60.1475 104.221 354.623 53.023 100.275 350.676 14.0325 26.6139 381.143 14.0895 26.6455 381.175 6.14526 11.6216 387.398
  poly 3: 6.14526 14.7787 395.019 -4.24549e-06 13.0565 389.934 -4.24549e-06 28.3148 374.675 0.0486445 28.3418 374.702 -4.24549e-06 143.607 259.384 -6.08109 140.238 256.015 -9.72975 152.629 239.583 -9.72975 239.097 153.114 -6.08109 255.53 140.724 -4.24549e-06 258.898 144.092 0.0486445 374.217 28.8273 -4.24549e-06 374.19 28.8004 -4.24549e-06 388.963 14.0277 6.14527 394.048 15.7498 15.3958 386.802 33.244 21.2038 390.019 36.461 138.004 298.524 257.349 132.196 295.307 254.131 141.81 287.777 272.312 141.81 271.341 288.748 132.559 253.847 295.994 126.86 250.69 292.837 87.9263 177.061 323.335 95.0508 181.007 327.282 94.4587 174.171 333.462 65.2586 118.949 356.335 56.1173 107.378 357.78 48.9928 103.432 353.833 10.0593 29.8025 384.332 15.7589 32.9595 387.489 6.14526 14.7787 395.019
element 18
  poly 0: 146.649 294.089 98.798 146.649 287.219 172.009 152.457 290.707 172.337 152.457 297.577 99.1253 146.649 294.089 98.798
  poly 1: 140.841 297.577 99.1253 140.841 290.707 172.337 146.649 294.195 172.664 146.649 301.065 99.4526 140.841 297.577 99.1253
  poly 2: 152.794 282.149 265.714 146.649 278.643 263.397 146.649 280.349 245.221 140.841 276.861 244.894 140.841 297.47 25.2592 146.649 300.959 25.5865 146.649 302.827 5.674 158.637 311.335 -7.58917 281.31 385.012 -0.6756 287.153 387.398 11.6216 278.374 380.521 28.224 278.312 380.484 28.2206 239.143 349.79 102.415 246.777 354.375 102.846 246.454 353.285 112.378 217.031 330.237 168.021 207.547 323.644 177.037 199.912 319.059 176.607 160.62 288.291 250.795 160.681 288.328 250.798 152.794 282.149 265.714
  poly 3: 152.794 288.8 269.842 146.649 285.294 267.525 146.649 287.325 245.876 135.033 280.349 245.221 135.033 300.959 25.5865 146.649 307.935 26.2412 146.649 309.804 6.32865 158.637 318.311 -6.93452 283.094 393.059 0.0795665 288.936 395.445 12.3768 280.157 388.568 28.9792 274.049 384.9 28.6349 234.819 354.169 102.826 242.453 358.755 103.257 242.13 357.664 112.789 212.707 334.616 168.432 203.223 328.023 177.448 195.588 323.438 177.018 156.357 292.707 251.209 162.465 296.375 251.553 152.794 288.8 269.842
element 19
  poly 0: 134.661 311.335 -7.58917 146.649 302.827 5.67399 146.649 300.959 25.5865 140.841 304.447 25.9138 140.841 297.577 99.1253 148.101 293.217 98.7162 152.457 289.742 107.622 152.457 284.589 162.531 148.101 286.347 171.928 140.841 290.707 172.337 140.841 283.837 245.548 146.649 280.349 245.221 146.649 278.643 263.397 140.504 282.149 265.714 131.253 289.396 248.22 131.302 289.369 248.193 92.3196 319.894 174.591 86.2385 323.262 177.959 77.7232 329.095 170.776 48.5231 351.969 115.554 47.3051 353.76 104.33 53.3861 350.392 100.961 14.5013 380.863 27.3053 14.4527 380.89 27.3322 6.14527 387.398 11.6216 11.9878 385.012 -0.675601 134.661 311.335 -7.58917
  poly 1: 134.661 318.311 -6.93452 146.649 309.804 6.32864 146.649 307.935 26.2412 146.591 307.97 26.2444 146.649 301.065 99.4526 153.909 296.705 99.0435 158.265 293.23 107.949 158.265 288.078 162.858 153.909 289.835 172.255 146.649 294.195 172.664 146.591 287.36 245.879 146.649 287.325 245.876 146.649 285.294 267.525 140.504 288.8 269.842 132.196 295.307 254.131 137.061 292.613 251.437 98.1276 323.111 177.808 92.0465 326.479 181.176 83.5312 332.313 173.993 54.3311 355.186 118.771 53.1131 356.977 107.547 59.1941 353.609 104.178 20.2607 384.107 30.5493 15.3958 386.802 33.244 4.3617 395.445 12.3768 10.2042 393.059 0.0795656 134.661 318.311 -6.93452
