2 13 13
2 17 17
2 17 17
2 13 13
2 27 27
2 27 27
2 27 27
2 22 22
2 31 31
2 31 31
2 22 22
2 31 31
2 31 31
2 31 31
2 22 22
2 31 31
2 31 31
2 22 22
2 31 31
2 31 31
2 31 31
2 22 22
2 31 31
2 31 31
2 22 22
2 31 31
2 31 31
2 31 31
2 22 22
2 31 31
2 31 31
2 22 22
2 31 31
2 31 31
2 31 31
2 18 18
2 27 27
2 27 27
2 18 18
2 17 17
2 17 17
2 17 17
2 13 13
2 13 13
2 13 13
2 13 13
2 13 13
2 13 13
2 13 13
2 13 13
2 13 13
2 13 13
2 13 13
2 13 13
2 13 13
2 13 13
2 13 13
2 13 13
2 13 13
2 13 13
2 13 13
2 13 13
2 13 13
2 13 13
2 13 13
2 13 13
2 13 13
2 13 13
2 13 13
2 13 13
2 13 13
2 13 13
2 13 13
2 13 13
2 13 13
2 13 13
2 13 13
2 13 13
2 13 13
2 13 13
2 13 13
2 13 13
2 13 13
2 13 13
2 13 13
2 13 13
2 13 13
2 13 13
2 13 13
2 13 13
2 13 13
2 13 13
2 13 13
2 13 13
2 13 13
2 13 13
2 13 13
2 13 13
2 13 13
2 13 13
2 13 13
2 13 13
2 13 13
2 13 13
2 13 13
2 13 13
2 13 13
2 13 13
2 13 13
2 13 13
2 13 13
2 13 13
2 13 13
2 13 13
2 13 13
2 13 13
2 13 13
2 13 13
2 13 13
2 13 13
2 13 13
2 13 13
2 13 13
2 13 13
2 13 13
2 13 13
2 13 13
2 13 13
2 13 13
2 13 13
2 13 13
2 13 13
2 13 13
2 13 13
2 13 13
2 13 13
2 13 13
2 13 13
2 13 13
2 13 13
2 13 13
2 13 13
2 13 13
