element 0
  poly 0: -452.148 -376.785 57.6623 -395.006 -376.785 57.6623 -395.006 -421.399 57.6623 -337.863 -421.399 57.6623 -337.863 -376.785 57.6623 -280.72 -376.785 57.6623 -280.72 -421.399 57.6623 -223.577 -421.399 57.6623 -223.577 -376.785 57.6623 -166.434 -376.785 57.6623 -166.434 -421.399 57.6623 -109.291 -421.399 57.6623 -109.291 -376.785 57.6623 -52.1485 -376.785 57.6623 -52.1485 -198.027 57.6623 -84.406 -198.3 57.6623 -84.745 -158.301 57.6623 -52.1485 -158.025 57.6623 -52.1485 -42.2356 57.6623 -96.7438 -85.5137 57.6623 -124.601 -56.8086 57.6623 -88.1133 -21.3988 57.6623 -246.76 -21.3988 57.6623 -246.543 -47.0189 57.6623 -286.542 -47.3579 57.6623 -286.762 -21.3988 57.6623 -433.644 -21.3988 57.6623 -402.64 -71.6772 57.6623 -436.687 -92.6722 57.6623 -452.148 -67.5989 57.6623 -452.148 -376.785 57.6623
  poly 1: -452.148 -396.543 17.6623 -395.006 -396.543 17.6623 -395.006 -441.157 17.6623 -337.863 -441.157 17.6623 -337.863 -396.543 17.6623 -280.72 -396.543 17.6623 -280.72 -441.157 17.6623 -223.577 -441.157 17.6623 -223.577 -396.543 17.6623 -166.434 -396.543 17.6623 -166.434 -441.157 17.6623 -109.291 -441.157 17.6623 -109.291 -396.543 17.6623 -52.1485 -396.543 17.6623 -52.1485 -198.027 17.6623 -84.406 -198.3 17.6623 -84.745 -158.301 17.6623 -52.1485 -158.025 17.6623 -52.1485 -42.2356 17.6623 -96.7438 -85.5137 17.6623 -124.601 -56.8086 17.6623 -88.1133 -21.3988 17.6623 -246.76 -21.3988 17.6623 -246.543 -47.0189 17.6623 -286.542 -47.3579 17.6623 -286.762 -21.3988 17.6623 -433.644 -21.3988 17.6623 -402.64 -71.6772 17.6623 -436.687 -92.6722 17.6623 -452.148 -67.5989 17.6623 -452.148 -396.543 17.6623
element 1
  poly 0: -117.342 -158.578 199.712 282.644 -155.188 199.712 282.644 -155.188 104.378 262.645 -155.357 115.712 262.645 -155.357 83.7117 282.644 -155.188 95.045 282.644 -155.188 -95.6216 262.645 -155.357 -84.2883 262.645 -155.357 -116.288 282.644 -155.188 -104.955 282.644 -155.188 -200.288 -117.342 -158.578 -200.288 -117.342 -158.578 17.6623 -84.745 -158.301 17.6623 -84.745 -158.301 57.6623 -117.342 -158.578 57.6623 -117.342 -158.578 199.712
  poly 1: -117.003 -198.576 199.712 282.983 -195.186 199.712 282.983 -195.186 104.378 262.984 -195.356 115.712 262.984 -195.356 83.7117 282.983 -195.186 95.045 282.983 -195.186 -95.6216 262.984 -195.356 -84.2883 262.984 -195.356 -116.288 282.983 -195.186 -104.955 282.983 -195.186 -200.288 -117.003 -198.576 -200.288 -117.003 -198.576 17.6623 -84.406 -198.3 17.6623 -84.406 -198.3 57.6623 -117.003 -198.576 57.6623 -117.003 -198.576 199.712
element 2
  poly 0: 16.1868 79.8205 268.792 16.1868 79.8205 228.793 79.6045 141.365 228.793 79.6045 141.365 268.792 16.1868 79.8205 268.792
  poly 1: 44.0438 51.1156 268.792 44.0438 51.1156 228.793 107.461 112.66 228.793 107.461 112.66 268.792 44.0438 51.1156 268.792
  poly 2: 117.854 178.485 318.687 117.854 178.485 -81.313 -169.196 -100.087 -81.313 -169.196 -100.087 17.6623 -124.601 -56.8086 17.6623 -124.601 -56.8086 57.6623 -169.196 -100.087 57.6623 -169.196 -100.087 318.687 117.854 178.485 318.687
  poly 3: 145.711 149.78 318.687 145.711 149.78 -81.313 -141.339 -128.792 -81.313 -141.339 -128.792 17.6623 -96.7438 -85.5137 17.6623 -96.7438 -85.5137 57.6623 -141.339 -128.792 57.6623 -141.339 -128.792 318.687 145.711 149.78 318.687
element 3
  poly 0: -249.215 268.157 268.792 -249.215 268.157 228.793 -248.466 179.789 228.793 -248.466 179.789 268.792 -249.215 268.157 268.792
  poly 1: -289.213 267.818 268.792 -289.213 267.818 228.793 -288.464 179.45 228.793 -288.464 179.45 268.792 -289.213 267.818 268.792
  poly 2: -249.713 327.008 318.687 -246.323 -72.978 318.687 -246.323 -72.978 57.6623 -246.543 -47.0189 57.6623 -246.543 -47.0189 17.6623 -246.323 -72.978 17.6623 -246.323 -72.978 -81.313 -249.713 327.008 -81.313 -249.713 327.008 318.687
  poly 3: -289.712 326.669 318.687 -286.322 -73.317 318.687 -286.322 -73.317 57.6623 -286.542 -47.3579 57.6623 -286.542 -47.3579 17.6623 -286.322 -73.317 17.6623 -286.322 -73.317 -81.313 -289.712 326.669 -81.313 -289.712 326.669 318.687
element 4
  poly 0: -615.633 197.521 237.662 -615.633 197.521 142.329 -604.94 180.18 153.662 -604.94 180.18 121.662 -615.633 197.521 132.996 -615.633 197.521 -57.671 -604.94 180.18 -46.3377 -604.94 180.18 -78.3377 -615.633 197.521 -67.0044 -615.633 197.521 -162.338 -405.683 -142.951 -162.338 -405.683 -142.951 17.6623 -436.687 -92.6722 17.6623 -436.687 -92.6722 57.6623 -405.683 -142.951 57.6623 -405.683 -142.951 237.662 -615.633 197.521 237.662
  poly 1: -577.511 211.908 237.662 -577.511 211.908 142.329 -566.817 194.566 153.662 -566.817 194.566 121.662 -577.511 211.908 132.996 -577.511 211.908 -57.671 -566.817 194.566 -46.3377 -566.817 194.566 -78.3377 -577.511 211.908 -67.0044 -577.511 211.908 -162.338 -371.636 -121.956 -162.338 -371.636 -121.956 17.6623 -402.64 -71.6772 17.6623 -402.64 -71.6772 57.6623 -371.636 -121.956 57.6623 -371.636 -121.956 237.662 -577.511 211.908 237.662
element 5
  poly 0: -643.54 598.546 237.662 -643.54 598.546 -162.338 -577.511 211.908 -162.338 -577.511 211.908 -67.0044 -580.94 231.99 -78.3377 -580.94 231.99 -46.3377 -577.511 211.908 -57.671 -577.511 211.908 132.996 -580.94 231.99 121.662 -580.94 231.99 153.662 -577.511 211.908 142.329 -577.511 211.908 237.662 -643.54 598.546 237.662
  poly 1: -682.969 591.813 237.662 -682.969 591.813 -162.338 -615.633 197.521 -162.338 -615.633 197.521 -67.0044 -619.063 217.604 -78.3377 -619.063 217.604 -46.3377 -615.633 197.521 -57.671 -615.633 197.521 132.996 -619.063 217.604 121.662 -619.063 217.604 153.662 -615.633 197.521 142.329 -615.633 197.521 237.662 -682.969 591.813 237.662
element 6
  poly 0: -247.967 120.939 268.792 -22.0627 42.7007 268.792 1.16688 65.2441 268.792 -79.8126 148.688 268.792 -64.7927 163.265 268.792 29.4675 66.1356 268.792 36.9775 73.4238 268.792 51.5538 58.4038 268.792 41.5405 48.6862 268.792 44.4346 45.7041 268.792 59.942 38.0728 268.792 82.4719 59.9373 268.792 -40.5938 186.749 268.792 -25.5739 201.325 268.792 97.4919 74.5136 268.792 120.022 96.3781 268.792 112.859 112.107 268.792 109.965 115.089 268.792 99.9514 105.372 268.792 85.3751 120.392 268.792 92.8851 127.68 268.792 -1.37505 224.809 268.792 13.6449 239.385 268.792 94.6244 155.941 268.792 261.379 317.771 268.792 -251.408 527.001 268.792 -249.392 289.087 268.792 -133.118 290.072 268.792 -132.941 269.143 268.792 -268.284 267.996 268.792 -268.195 257.531 268.792 -289.124 257.354 268.792 -289.242 271.307 268.792 -293.398 271.271 268.792 -309.624 265.32 268.792 -309.358 233.926 268.792 -132.655 235.423 268.792 -132.477 214.494 268.792 -309.181 212.996 268.792 -308.915 181.602 268.792 -292.59 175.927 268.792 -288.434 175.962 268.792 -288.553 189.915 268.792 -267.623 190.092 268.792 -267.535 179.627 268.792 -132.192 180.775 268.792 -132.014 159.845 268.792 -248.288 158.86 268.792 -247.967 120.939 268.792
  poly 1: -247.967 120.939 228.792 -22.0627 42.7007 228.792 1.16688 65.2441 228.793 -79.8126 148.688 228.793 -64.7927 163.265 228.793 29.4675 66.1356 228.793 36.9775 73.4238 228.793 51.5538 58.4038 228.793 41.5405 48.6862 228.793 44.4346 45.7041 228.793 59.942 38.0728 228.793 82.4719 59.9373 228.793 -40.5938 186.749 228.793 -25.5739 201.325 228.793 97.4919 74.5136 228.793 120.022 96.3781 228.793 112.859 112.107 228.793 109.965 115.089 228.793 99.9514 105.372 228.793 85.3751 120.392 228.793 92.8851 127.68 228.793 -1.37505 224.809 228.793 13.6449 239.385 228.793 94.6244 155.941 228.793 261.379 317.771 228.792 -251.408 527.001 228.792 -249.392 289.087 228.793 -133.118 290.072 228.793 -132.941 269.143 228.793 -268.284 267.996 228.793 -268.195 257.531 228.793 -289.124 257.354 228.793 -289.242 271.307 228.793 -293.398 271.271 228.793 -309.624 265.32 228.793 -309.358 233.926 228.793 -132.655 235.423 228.793 -132.477 214.494 228.793 -309.181 212.996 228.793 -308.915 181.602 228.793 -292.59 175.927 228.793 -288.434 175.962 228.793 -288.553 189.915 228.793 -267.623 190.092 228.793 -267.535 179.627 228.793 -132.192 180.775 228.793 -132.014 159.845 228.793 -248.288 158.86 228.793 -247.967 120.939 228.792
element 7
  poly 0: 282.644 -155.188 199.712 682.63 -151.798 199.712 682.63 -151.798 -200.288 282.644 -155.188 -200.288 282.644 -155.188 -104.955 302.643 -155.018 -116.288 302.643 -155.018 -84.2883 282.644 -155.188 -95.6216 282.644 -155.188 95.045 302.643 -155.018 83.7117 302.643 -155.018 115.712 282.644 -155.188 104.378 282.644 -155.188 199.712
  poly 1: 282.983 -195.186 199.712 682.969 -191.796 199.712 682.969 -191.796 -200.288 282.983 -195.186 -200.288 282.983 -195.186 -104.955 302.982 -195.017 -116.288 302.982 -195.017 -84.2883 282.983 -195.186 -95.6216 282.983 -195.186 95.045 302.982 -195.017 83.7117 302.982 -195.017 115.712 282.983 -195.186 104.378 282.983 -195.186 199.712
element 8
  poly 0: -452.148 -421.399 57.6623 -452.148 -598.546 -300.972 -52.1485 -598.546 -300.972 -52.1485 -421.399 57.6623 -109.291 -421.399 57.6623 -109.291 -441.157 17.6623 -166.434 -441.157 17.6623 -166.434 -421.399 57.6623 -223.577 -421.399 57.6623 -223.577 -441.157 17.6623 -280.72 -441.157 17.6623 -280.72 -421.399 57.6623 -337.863 -421.399 57.6623 -337.863 -441.157 17.6623 -395.006 -441.157 17.6623 -395.006 -421.399 57.6623 -452.148 -421.399 57.6623
  poly 1: -452.148 -376.785 57.6623 -452.148 -562.683 -318.687 -52.1485 -562.683 -318.687 -52.1485 -376.785 57.6623 -109.291 -376.785 57.6623 -109.291 -396.543 17.6623 -166.434 -396.543 17.6623 -166.434 -376.785 57.6623 -223.577 -376.785 57.6623 -223.577 -396.543 17.6623 -280.72 -396.543 17.6623 -280.72 -376.785 57.6623 -337.863 -376.785 57.6623 -337.863 -396.543 17.6623 -395.006 -396.543 17.6623 -395.006 -376.785 57.6623 -452.148 -376.785 57.6623
