element 0
  poly 0: 671.041 53.8481 196.292 677.512 53.9584 185.844 667.993 407.535 -158.883 657.581 438.57 -173.846 549.096 436.721 1.29431 549.664 415.628 21.8587 599.895 265.907 94.0473 590.383 284.965 89.8384 634.29 154.095 152.938 631.69 171.139 139.74 671.041 53.8481 196.292
  poly 1: 667.958 45.0964 200.486 677.746 45.2632 184.684 668.012 406.83 -167.833 657.365 438.566 -183.134 546.428 436.675 -4.03628 547.287 404.772 27.0681 594.383 264.396 94.7506 584.871 283.455 90.5417 628.777 152.585 153.641 626.178 169.628 140.443 667.958 45.0964 200.486
element 1
  poly 0: 671.136 7.45419 191.967 678.761 7.58416 179.656 668.094 403.775 -206.617 656.427 438.55 -223.384 534.867 436.478 -27.1355 535.536 411.626 -2.90512 593.151 239.898 79.8938 583.78 258.535 75.8881 626.662 130.72 137.514 624.203 147.342 124.52 671.136 7.45419 191.967
  poly 1: 668.053 -1.29753 196.162 678.995 -1.11101 178.496 668.113 403.07 -215.568 656.211 438.547 -232.673 532.199 436.433 -32.4661 533.16 400.77 2.30424 587.639 238.387 80.5971 578.268 257.024 76.5914 621.149 129.21 138.217 618.691 145.832 125.223 668.053 -1.29753 196.162
element 2
  poly 0: 574.377 -422.177 23.1568 574.947 -443.346 2.51766 681.499 -443.346 -173.71 690.061 -412.145 -158.84 680.541 -58.5335 185.921 674.162 -58.5335 196.471 636.861 -194.467 131.684 638.488 -177.522 144.76 602.405 -309.018 82.0885 610.732 -289.688 86.3016 574.377 -422.177 23.1568
  poly 1: 571.472 -411.441 28.2976 572.331 -443.346 -2.80867 681.287 -443.346 -183.012 690.042 -411.441 -167.806 680.307 -49.8526 184.732 670.693 -49.8526 200.632 631.346 -193.243 132.292 632.973 -176.298 145.367 596.89 -307.794 82.6958 605.217 -288.464 86.9089 571.472 -411.441 28.2976
element 3
  poly 0: 560.325 -418.423 -1.59038 560.996 -443.346 -25.8895 680.368 -443.346 -223.32 689.96 -408.391 -206.66 679.294 -12.2354 179.579 671.785 -12.2354 192 628.409 -170.308 116.662 629.915 -153.804 129.528 594.708 -282.106 68.3785 602.914 -263.217 72.3817 560.325 -418.423 -1.59038
  poly 1: 557.42 -407.688 3.5504 558.38 -443.346 -31.2158 680.156 -443.346 -232.622 689.941 -407.687 -215.627 679.061 -3.55448 178.39 668.316 -3.55448 196.162 622.894 -169.084 117.27 624.4 -152.58 130.135 589.193 -280.882 68.9858 597.399 -261.993 72.9891 557.42 -407.688 3.5504
element 4
  poly 0: 416.127 20.6498 216.191 422.817 0.709574 225.806 520.142 1.54655 225.806 508.54 -3.75636 228.307 592.976 -3.03023 228.307 581.285 2.07236 225.806 666.908 2.8087 225.806 675.069 32.5478 211.542 634.29 154.095 152.938 628.777 152.585 153.641 584.871 283.455 90.5417 590.383 284.965 89.8384 542.855 426.627 21.5357 527.493 426.495 21.5357 482.997 264.339 99.3108 482.434 283.722 89.9896 446.314 152.09 153.124 456.841 169.019 145.029 416.127 20.6498 216.191
  poly 1: 415.515 29.6075 206.889 426.946 -4.46421 223.317 520.187 -3.66236 223.317 508.585 -8.96526 225.818 593.021 -8.23913 225.818 581.33 -3.13654 223.317 663.015 -2.43407 223.317 675.121 41.6856 202.156 631.69 171.139 139.74 626.178 169.628 140.443 594.383 264.396 94.7506 599.895 265.907 94.0473 548.863 418.014 20.7084 522.032 417.783 20.7084 479.598 263.145 94.8777 479.036 282.528 85.5564 442.915 150.897 148.691 453.442 167.825 140.596 415.515 29.6075 206.889
element 5
  poly 0: 430.115 16.993 191.377 435.553 0.786265 199.192 523.146 1.53955 199.192 512.937 -3.75138 201.693 587.279 -3.11205 201.693 576.98 2.00251 199.192 653.776 2.66294 199.192 660.906 28.6489 186.728 626.662 130.72 137.514 621.149 129.21 138.217 578.268 257.024 76.5914 583.78 258.535 75.8881 542.889 380.416 17.1231 529.809 380.303 17.1231 490.961 238.732 85.025 490.277 257.672 75.9162 455.038 129.251 137.511 465.443 145.737 129.628 430.115 16.993 191.377
  poly 1: 429.503 25.9507 182.075 439.681 -4.38752 196.703 523.191 -3.66935 196.703 512.981 -8.96028 199.204 587.324 -8.32095 199.204 577.025 -3.20639 196.703 649.882 -2.57983 196.703 660.959 37.7867 177.342 624.203 147.342 124.52 618.691 145.832 125.223 587.639 238.387 80.5971 593.151 239.898 79.8938 548.897 371.803 16.2957 524.348 371.591 16.2957 487.563 237.538 80.5918 486.879 256.478 71.483 451.64 128.057 133.078 462.045 144.543 125.195 429.503 25.9507 182.075
element 6
  poly 0: 552.882 -433.726 22.715 568.221 -433.594 22.715 602.405 -309.018 82.0885 596.89 -307.794 82.6958 632.973 -176.298 145.367 638.488 -177.522 144.76 676.993 -37.201 211.637 665.32 -2.40809 228.307 592.976 -3.03023 228.307 593.021 -8.23913 225.818 508.585 -8.96526 225.818 508.54 -3.75636 228.307 424.254 -4.4812 228.307 417.333 -29.7029 216.286 473.119 -195.981 136.621 461.628 -179.462 144.56 505.446 -310.07 81.9845 504.85 -290.559 91.3078 552.882 -433.726 22.715
  poly 1: 546.956 -425.026 21.9084 573.658 -424.797 21.9084 610.732 -289.688 86.3016 605.217 -288.464 86.9089 631.346 -193.243 132.292 636.861 -194.467 131.684 677.57 -46.1128 202.39 661.174 2.75939 225.806 581.285 2.07236 225.806 581.33 -3.13654 223.317 520.187 -3.66236 223.317 520.142 1.54655 225.806 428.188 0.755765 225.806 417.353 -38.73 206.986 469.768 -194.957 132.137 458.276 -178.438 140.075 502.095 -309.046 77.5003 501.498 -289.535 86.8236 546.956 -425.026 21.9084
element 7
  poly 0: 552.91 -387.054 18.4132 565.94 -386.942 18.4132 594.708 -282.106 68.3785 589.193 -280.882 68.9858 624.4 -152.58 130.135 629.915 -153.804 129.528 662.908 -33.5682 186.832 652.502 -2.55115 201.693 587.279 -3.11205 201.693 587.324 -8.32095 199.204 512.981 -8.96028 199.204 512.937 -3.75138 201.693 437.597 -4.39928 201.693 431.718 -25.8252 191.481 480.528 -171.309 121.779 469.171 -155.191 129.525 512.013 -282.888 68.3447 511.551 -263.779 77.4757 552.91 -387.054 18.4132
  poly 1: 546.983 -378.354 17.6066 571.377 -378.145 17.6066 602.914 -263.217 72.3817 597.399 -261.993 72.9891 622.894 -169.084 117.27 628.409 -170.308 116.662 663.485 -42.48 177.586 648.356 2.61633 199.192 576.98 2.00251 199.192 577.025 -3.20639 196.703 523.191 -3.66935 196.703 523.146 1.53955 199.192 441.532 0.837687 199.192 431.739 -34.8523 182.182 477.176 -170.285 117.295 465.82 -154.167 125.041 508.662 -281.864 63.8605 508.2 -262.755 72.9915 546.983 -378.354 17.6066
element 8
  poly 0: 409.001 50.8772 186.118 418.585 51.0405 201.591 446.314 152.09 153.124 442.915 150.897 148.691 479.036 282.528 85.5564 482.434 283.722 89.9896 515.73 405.061 31.7919 514.717 436.135 1.33669 406.096 434.283 -174.023 397.524 403.046 -159.041 409.001 50.8772 186.118
  poly 1: 409.277 42.4076 184.855 422.158 42.6272 205.65 456.841 169.019 145.029 453.442 167.825 140.596 479.598 263.145 94.8777 482.997 264.339 99.3108 518.691 394.417 36.9216 517.33 436.179 -4.0098 406.308 434.287 -183.245 397.547 402.359 -167.932 409.277 42.4076 184.855
element 9
  poly 0: 410.473 5.70637 179.382 421.187 5.889 196.679 455.038 129.251 137.511 451.64 128.057 133.078 486.879 256.478 71.483 490.277 257.672 75.9162 529.782 401.636 6.86688 528.65 436.372 -27.1779 407.226 434.302 -223.207 397.644 399.384 -206.459 410.473 5.70637 179.382
  poly 1: 410.749 -2.76315 178.119 424.76 -2.52433 200.739 465.443 145.737 129.628 462.045 144.543 125.195 487.563 237.538 80.5918 490.961 238.732 85.025 532.742 390.991 11.9966 531.262 436.417 -32.5244 407.437 434.306 -232.429 397.666 398.697 -215.35 410.749 -2.76315 178.119
element 10
  poly 0: 424.098 -412.383 -158.35 434.486 -443.346 -173.185 540.782 -443.346 2.61833 539.773 -412.383 32.9651 505.446 -310.07 81.9845 502.095 -309.046 77.5003 458.276 -178.438 140.075 461.628 -179.462 144.56 422.041 -61.4688 201.091 412.662 -61.4688 185.579 424.098 -412.383 -158.35
  poly 1: 424.074 -411.655 -167.5 434.706 -443.346 -182.684 543.502 -443.346 -2.74576 542.146 -401.725 38.0471 504.85 -290.559 91.3078 501.498 -289.535 86.8236 469.768 -194.957 132.137 473.119 -195.981 136.621 424.977 -52.4874 205.37 412.369 -52.4874 184.518 424.074 -411.655 -167.5
element 11
  poly 0: 423.971 -408.499 -207.15 435.662 -443.346 -223.845 555.291 -443.346 -25.9901 554.156 -408.499 8.16313 512.013 -282.888 68.3447 508.662 -281.864 63.8605 465.82 -154.167 125.041 469.171 -155.191 129.525 421.657 -13.5678 197.378 411.101 -13.5678 179.921 423.971 -408.499 -207.15
  poly 1: 423.947 -407.771 -216.3 435.883 -443.346 -233.344 558.012 -443.346 -31.3542 556.529 -397.841 13.2452 511.551 -263.779 77.4757 508.2 -262.755 72.9915 477.176 -170.285 117.295 480.528 -171.309 121.779 424.592 -4.58639 201.657 410.808 -4.58639 178.86 423.947 -407.771 -216.3
