element 0
  poly 0: 112.929 348.197 -32.0224 106.522 308.197 -32.0224 106.522 308.197 -18.4141 112.929 348.197 -18.4141 112.929 348.197 -32.0224
  poly 1: 99.492 350.349 -32.0224 93.0853 310.349 -32.0224 93.0853 310.349 -18.4141 99.492 350.349 -18.4141 99.492 350.349 -32.0224
  poly 2: 87.3021 188.197 -32.0224 80.8954 148.197 -32.0224 80.8954 148.197 -18.4141 87.3021 188.197 -18.4141 87.3021 188.197 -32.0224
  poly 3: 73.8651 190.349 -32.0224 67.4583 150.349 -32.0224 67.4583 150.349 -18.4141 73.8651 190.349 -18.4141 73.8651 190.349 -32.0224
  poly 4: 112.929 348.197 -95.5558 106.522 308.197 -95.5558 106.522 308.197 -81.9475 112.929 348.197 -81.9475 112.929 348.197 -95.5558
  poly 5: 99.492 350.349 -95.5558 93.0853 310.349 -95.5558 93.0853 310.349 -81.9475 99.492 350.349 -81.9475 99.492 350.349 -95.5558
  poly 6: 87.3021 188.197 -95.5558 80.8954 148.197 -95.5558 80.8954 148.197 -81.9475 87.3021 188.197 -81.9475 87.3021 188.197 -95.5558
  poly 7: 73.8651 190.349 -95.5558 67.4583 150.349 -95.5558 67.4583 150.349 -81.9475 73.8651 190.349 -81.9475 73.8651 190.349 -95.5558
  poly 8: 119.681 390.349 -130.886 119.681 390.349 -58.5726 118.591 383.545 -62.4283 118.591 383.545 -51.5416 119.681 390.349 -55.3973 119.681 390.349 16.9164 62.0199 30.3488 16.9164 62.0199 30.3488 -39.2486 59.8403 16.7405 -32.3512 59.8403 16.7405 -88.5162 62.0199 30.3488 -81.6187 62.0199 30.3488 -130.886 119.681 390.349 -130.886
  poly 9: 105.899 390.35 -130.886 105.899 390.35 -58.5726 104.809 383.545 -62.4283 104.809 383.545 -51.5416 105.899 390.35 -55.3973 105.899 390.35 16.9164 48.2381 30.3488 16.9164 48.2381 30.3488 -39.2486 46.0585 16.7405 -32.3512 46.0585 16.7405 -88.5162 48.2381 30.3488 -81.6187 48.2381 30.3488 -130.886 105.899 390.35 -130.886
element 1
  poly 0: 54.6449 710.35 -32.0224 54.6449 710.35 -18.4141 61.0516 670.35 -18.4141 61.0516 670.35 -32.0224 54.6449 710.35 -32.0224
  poly 1: 68.0819 712.502 -32.0224 68.0819 712.502 -18.4141 74.4886 672.502 -18.4141 74.4886 672.502 -32.0224 68.0819 712.502 -32.0224
  poly 2: 80.2718 550.35 -32.0224 80.2718 550.35 -18.4141 86.6786 510.35 -18.4141 86.6786 510.35 -32.0224 80.2718 550.35 -32.0224
  poly 3: 93.7089 552.502 -32.0224 93.7089 552.502 -18.4141 100.116 512.502 -18.4141 100.116 512.502 -32.0224 93.7089 552.502 -32.0224
  poly 4: 54.6449 710.35 -95.5558 54.6449 710.35 -81.9475 61.0516 670.35 -81.9475 61.0516 670.35 -95.5558 54.6449 710.35 -95.5558
  poly 5: 68.0819 712.502 -95.5558 68.0819 712.502 -81.9475 74.4886 672.502 -81.9475 74.4886 672.502 -95.5558 68.0819 712.502 -95.5558
  poly 6: 80.2718 550.35 -95.5558 80.2718 550.35 -81.9475 86.6786 510.35 -81.9475 86.6786 510.35 -95.5558 80.2718 550.35 -95.5558
  poly 7: 93.7089 552.502 -95.5558 93.7089 552.502 -81.9475 100.116 512.502 -81.9475 100.116 512.502 -95.5558 93.7089 552.502 -95.5558
  poly 8: 48.2381 750.35 -130.886 48.2381 750.35 -74.7213 46.0585 763.958 -81.6187 46.0585 763.958 -25.4537 48.2381 750.35 -32.3512 48.2381 750.35 16.9164 105.899 390.35 16.9164 105.899 390.35 -55.3973 104.809 397.154 -51.5416 104.809 397.154 -62.4283 105.899 390.35 -58.5726 105.899 390.35 -130.886 48.2381 750.35 -130.886
  poly 9: 62.0199 750.35 -130.886 62.0199 750.35 -74.7213 59.8403 763.958 -81.6187 59.8403 763.958 -25.4537 62.0199 750.35 -32.3512 62.0199 750.35 16.9164 119.681 390.349 16.9164 119.681 390.349 -55.3973 118.591 397.154 -51.5416 118.591 397.154 -62.4283 119.681 390.349 -58.5726 119.681 390.349 -130.886 62.0199 750.35 -130.886
element 2
  poly 0: -37.5185 763.958 -32.0224 -26.799 763.958 -32.0224 -26.799 763.958 -18.4141 -37.5185 763.958 -18.4141 -37.5185 763.958 -32.0224
  poly 1: -37.5185 750.35 -32.0224 -26.799 750.35 -32.0224 -26.799 750.35 -18.4141 -37.5185 750.35 -18.4141 -37.5185 750.35 -32.0224
  poly 2: 5.35979 763.958 -32.0224 16.0794 763.958 -32.0224 16.0794 763.958 -18.4141 5.35979 763.958 -18.4141 5.35979 763.958 -32.0224
  poly 3: 5.35979 750.35 -32.0224 16.0794 750.35 -32.0224 16.0794 750.35 -18.4141 5.35979 750.35 -18.4141 5.35979 750.35 -32.0224
  poly 4: -37.5185 763.958 -95.5558 -26.799 763.958 -95.5558 -26.799 763.958 -81.9475 -37.5185 763.958 -81.9475 -37.5185 763.958 -95.5558
  poly 5: -37.5185 750.35 -95.5558 -26.799 750.35 -95.5558 -26.799 750.35 -81.9475 -37.5185 750.35 -81.9475 -37.5185 750.35 -95.5558
  poly 6: 5.35979 763.958 -95.5558 16.0794 763.958 -95.5558 16.0794 763.958 -81.9475 5.35979 763.958 -81.9475 5.35979 763.958 -95.5558
  poly 7: 5.35979 750.35 -95.5558 16.0794 750.35 -95.5558 16.0794 750.35 -81.9475 5.35979 750.35 -81.9475 5.35979 750.35 -95.5558
  poly 8: -46.0585 763.958 -130.886 -46.0585 763.958 -74.7213 -59.8403 763.958 -81.6187 -59.8403 763.958 -25.4537 -46.0585 763.958 -32.3512 -46.0585 763.958 16.9164 59.8403 763.958 16.9164 59.8403 763.958 -25.4537 46.0585 763.958 -25.4537 46.0585 763.958 -81.6187 59.8403 763.958 -81.6187 59.8403 763.958 -130.886 -46.0585 763.958 -130.886
  poly 9: -48.2381 750.35 -130.886 -48.2381 750.35 -74.7213 -62.0199 750.35 -81.6187 -62.0199 750.35 -25.4537 -48.2381 750.35 -32.3512 -48.2381 750.35 16.9164 62.0199 750.35 16.9164 62.0199 750.35 -32.3512 48.2381 750.35 -32.3512 48.2381 750.35 -74.7213 62.0199 750.35 -74.7213 62.0199 750.35 -130.886 -48.2381 750.35 -130.886
element 3
  poly 0: -112.929 432.502 -32.0224 -106.522 472.502 -32.0224 -106.522 472.502 -18.4141 -112.929 432.502 -18.4141 -112.929 432.502 -32.0224
  poly 1: -99.492 430.35 -32.0224 -93.0853 470.35 -32.0224 -93.0853 470.35 -18.4141 -99.492 430.35 -18.4141 -99.492 430.35 -32.0224
  poly 2: -87.3021 592.502 -32.0224 -80.8954 632.502 -32.0224 -80.8954 632.502 -18.4141 -87.3021 592.502 -18.4141 -87.3021 592.502 -32.0224
  poly 3: -73.8651 590.35 -32.0224 -67.4583 630.35 -32.0224 -67.4583 630.35 -18.4141 -73.8651 590.35 -18.4141 -73.8651 590.35 -32.0224
  poly 4: -112.929 432.502 -95.5558 -106.522 472.502 -95.5558 -106.522 472.502 -81.9475 -112.929 432.502 -81.9475 -112.929 432.502 -95.5558
  poly 5: -99.492 430.35 -95.5558 -93.0853 470.35 -95.5558 -93.0853 470.35 -81.9475 -99.492 430.35 -81.9475 -99.492 430.35 -95.5558
  poly 6: -87.3021 592.502 -95.5558 -80.8954 632.502 -95.5558 -80.8954 632.502 -81.9475 -87.3021 592.502 -81.9475 -87.3021 592.502 -95.5558
  poly 7: -73.8651 590.35 -95.5558 -67.4583 630.35 -95.5558 -67.4583 630.35 -81.9475 -73.8651 590.35 -81.9475 -73.8651 590.35 -95.5558
  poly 8: -119.681 390.35 -130.886 -119.681 390.35 -58.5726 -118.591 397.154 -62.4283 -118.591 397.154 -51.5416 -119.681 390.35 -55.3973 -119.681 390.35 16.9164 -59.8403 763.958 16.9164 -59.8403 763.958 -25.4537 -62.0199 750.35 -25.4537 -62.0199 750.35 -81.6187 -59.8403 763.958 -81.6187 -59.8403 763.958 -130.886 -119.681 390.35 -130.886
  poly 9: -105.899 390.35 -130.886 -105.899 390.35 -58.5726 -104.809 397.154 -62.4283 -104.809 397.154 -51.5416 -105.899 390.35 -55.3973 -105.899 390.35 16.9164 -46.0585 763.958 16.9164 -46.0585 763.958 -32.3512 -48.2381 750.35 -32.3512 -48.2381 750.35 -74.7213 -46.0585 763.958 -74.7213 -46.0585 763.958 -130.886 -105.899 390.35 -130.886
element 4
  poly 0: -68.0819 68.1967 -32.0224 -74.4886 108.197 -32.0224 -74.4886 108.197 -18.4141 -68.0819 68.1967 -18.4141 -68.0819 68.1967 -32.0224
  poly 1: -54.6449 70.3489 -32.0224 -61.0516 110.349 -32.0224 -61.0516 110.349 -18.4141 -54.6449 70.3489 -18.4141 -54.6449 70.3489 -32.0224
  poly 2: -93.7089 228.197 -32.0224 -100.116 268.197 -32.0224 -100.116 268.197 -18.4141 -93.7089 228.197 -18.4141 -93.7089 228.197 -32.0224
  poly 3: -80.2718 230.349 -32.0224 -86.6786 270.349 -32.0224 -86.6786 270.349 -18.4141 -80.2718 230.349 -18.4141 -80.2718 230.349 -32.0224
  poly 4: -68.0819 68.1967 -95.5558 -74.4886 108.197 -95.5558 -74.4886 108.197 -81.9475 -68.0819 68.1967 -81.9475 -68.0819 68.1967 -95.5558
  poly 5: -54.6449 70.3489 -95.5558 -61.0516 110.349 -95.5558 -61.0516 110.349 -81.9475 -54.6449 70.3489 -81.9475 -54.6449 70.3489 -95.5558
  poly 6: -93.7089 228.197 -95.5558 -100.116 268.197 -95.5558 -100.116 268.197 -81.9475 -93.7089 228.197 -81.9475 -93.7089 228.197 -95.5558
  poly 7: -80.2718 230.349 -95.5558 -86.6786 270.349 -95.5558 -86.6786 270.349 -81.9475 -80.2718 230.349 -81.9475 -80.2718 230.349 -95.5558
  poly 8: -62.0199 30.3488 -130.886 -62.0199 30.3488 -74.7213 -59.8403 16.7405 -81.6187 -59.8403 16.7405 -25.4537 -62.0199 30.3488 -32.3512 -62.0199 30.3488 16.9164 -119.681 390.35 16.9164 -119.681 390.35 -55.3973 -118.591 383.545 -51.5416 -118.591 383.545 -62.4283 -119.681 390.35 -58.5726 -119.681 390.35 -130.886 -62.0199 30.3488 -130.886
  poly 9: -48.2381 30.3488 -130.886 -48.2381 30.3488 -74.7213 -46.0585 16.7405 -81.6187 -46.0585 16.7405 -25.4537 -48.2381 30.3488 -32.3512 -48.2381 30.3488 16.9164 -105.899 390.35 16.9164 -105.899 390.35 -55.3973 -104.809 383.545 -51.5416 -104.809 383.545 -62.4283 -105.899 390.35 -58.5726 -105.899 390.35 -130.886 -48.2381 30.3488 -130.886
element 5
  poly 0: 37.5185 16.7405 -32.0224 26.799 16.7405 -32.0224 26.799 16.7405 -18.4141 37.5185 16.7405 -18.4141 37.5185 16.7405 -32.0224
  poly 1: 37.5185 30.3488 -32.0224 26.799 30.3488 -32.0224 26.799 30.3488 -18.4141 37.5185 30.3488 -18.4141 37.5185 30.3488 -32.0224
  poly 2: -5.35979 16.7405 -32.0224 -16.0794 16.7405 -32.0224 -16.0794 16.7405 -18.4141 -5.35979 16.7405 -18.4141 -5.35979 16.7405 -32.0224
  poly 3: -5.35979 30.3488 -32.0224 -16.0794 30.3488 -32.0224 -16.0794 30.3488 -18.4141 -5.35979 30.3488 -18.4141 -5.35979 30.3488 -32.0224
  poly 4: 37.5185 16.7405 -95.5558 26.799 16.7405 -95.5558 26.799 16.7405 -81.9475 37.5185 16.7405 -81.9475 37.5185 16.7405 -95.5558
  poly 5: 37.5185 30.3488 -95.5558 26.799 30.3488 -95.5558 26.799 30.3488 -81.9475 37.5185 30.3488 -81.9475 37.5185 30.3488 -95.5558
  poly 6: -5.35979 16.7405 -95.5558 -16.0794 16.7405 -95.5558 -16.0794 16.7405 -81.9475 -5.35979 16.7405 -81.9475 -5.35979 16.7405 -95.5558
  poly 7: -5.35979 30.3488 -95.5558 -16.0794 30.3488 -95.5558 -16.0794 30.3488 -81.9475 -5.35979 30.3488 -81.9475 -5.35979 30.3488 -95.5558
  poly 8: 59.8403 16.7405 -130.886 59.8403 16.7405 -88.5162 46.0585 16.7405 -88.5162 46.0585 16.7405 -32.3512 59.8403 16.7405 -32.3512 59.8403 16.7405 16.9164 -59.8403 16.7405 16.9164 -59.8403 16.7405 -25.4537 -46.0585 16.7405 -25.4537 -46.0585 16.7405 -81.6187 -59.8403 16.7405 -81.6187 -59.8403 16.7405 -130.886 59.8403 16.7405 -130.886
  poly 9: 62.0199 30.3488 -130.886 62.0199 30.3488 -81.6187 48.2381 30.3488 -81.6187 48.2381 30.3488 -39.2486 62.0199 30.3488 -39.2486 62.0199 30.3488 16.9164 -62.0199 30.3488 16.9164 -62.0199 30.3488 -32.3512 -48.2381 30.3488 -32.3512 -48.2381 30.3488 -74.7213 -62.0199 30.3488 -74.7213 -62.0199 30.3488 -130.886 62.0199 30.3488 -130.886
element 6
  poly 0: 48.2381 30.3488 -18.4141 54.6449 70.3489 -18.4141 67.4583 150.349 -18.4141 80.8954 148.197 -18.4141 87.3021 188.197 -18.4141 73.8651 190.349 -18.4141 93.0853 310.349 -18.4141 106.522 308.197 -18.4141 112.929 348.197 -18.4141 99.492 350.349 -18.4141 105.899 390.35 -18.4141 99.492 430.35 -18.4141 86.6786 510.35 -18.4141 100.116 512.502 -18.4141 93.7089 552.502 -18.4141 80.2718 550.35 -18.4141 61.0516 670.35 -18.4141 74.4886 672.502 -18.4141 68.0819 712.502 -18.4141 54.6449 710.35 -18.4141 48.2381 750.35 -18.4141 37.5185 750.35 -18.4141 16.0794 750.35 -18.4141 16.0794 763.958 -18.4141 5.35979 763.958 -18.4141 5.35979 750.35 -18.4141 -26.799 750.35 -18.4141 -26.799 763.958 -18.4141 -37.5185 763.958 -18.4141 -37.5185 750.35 -18.4141 -48.2381 750.35 -18.4141 -54.6449 710.35 -18.4141 -67.4583 630.35 -18.4141 -80.8954 632.502 -18.4141 -87.3021 592.502 -18.4141 -73.8651 590.35 -18.4141 -93.0853 470.35 -18.4141 -106.522 472.502 -18.4141 -112.929 432.502 -18.4141 -99.492 430.35 -18.4141 -105.899 390.35 -18.4141 -99.492 350.349 -18.4141 -86.6786 270.349 -18.4141 -100.116 268.197 -18.4141 -93.7089 228.197 -18.4141 -80.2718 230.349 -18.4141 -61.0516 110.349 -18.4141 -74.4886 108.197 -18.4141 -68.0819 68.1967 -18.4141 -54.6449 70.3489 -18.4141 -48.2381 30.3488 -18.4141 -37.5185 30.3488 -18.4141 -16.0794 30.3488 -18.4141 -16.0794 16.7405 -18.4141 -5.35979 16.7405 -18.4141 -5.35979 30.3488 -18.4141 26.799 30.3488 -18.4141 26.799 16.7405 -18.4141 37.5185 16.7405 -18.4141 37.5185 30.3488 -18.4141 48.2381 30.3488 -18.4141
  poly 1: 48.2381 30.3488 -32.0224 54.6449 70.3489 -32.0224 67.4583 150.349 -32.0224 80.8954 148.197 -32.0224 87.3021 188.197 -32.0224 73.8651 190.349 -32.0224 93.0853 310.349 -32.0224 106.522 308.197 -32.0224 112.929 348.197 -32.0224 99.492 350.349 -32.0224 105.899 390.35 -32.0224 99.492 430.35 -32.0224 86.6786 510.35 -32.0224 100.116 512.502 -32.0224 93.7089 552.502 -32.0224 80.2718 550.35 -32.0224 61.0516 670.35 -32.0224 74.4886 672.502 -32.0224 68.0819 712.502 -32.0224 54.6449 710.35 -32.0224 48.2381 750.35 -32.0224 37.5185 750.35 -32.0224 16.0794 750.35 -32.0224 16.0794 763.958 -32.0224 5.35979 763.958 -32.0224 5.35979 750.35 -32.0224 -26.799 750.35 -32.0224 -26.799 763.958 -32.0224 -37.5185 763.958 -32.0224 -37.5185 750.35 -32.0224 -48.2381 750.35 -32.0224 -54.6449 710.35 -32.0224 -67.4583 630.35 -32.0224 -80.8954 632.502 -32.0224 -87.3021 592.502 -32.0224 -73.8651 590.35 -32.0224 -93.0853 470.35 -32.0224 -106.522 472.502 -32.0224 -112.929 432.502 -32.0224 -99.492 430.35 -32.0224 -105.899 390.35 -32.0224 -99.492 350.349 -32.0224 -86.6786 270.349 -32.0224 -100.116 268.197 -32.0224 -93.7089 228.197 -32.0224 -80.2718 230.349 -32.0224 -61.0516 110.349 -32.0224 -74.4886 108.197 -32.0224 -68.0819 68.1967 -32.0224 -54.6449 70.3489 -32.0224 -48.2381 30.3488 -32.0224 -37.5185 30.3488 -32.0224 -16.0794 30.3488 -32.0224 -16.0794 16.7405 -32.0224 -5.35979 16.7405 -32.0224 -5.35979 30.3488 -32.0224 26.799 30.3488 -32.0224 26.799 16.7405 -32.0224 37.5185 16.7405 -32.0224 37.5185 30.3488 -32.0224 48.2381 30.3488 -32.0224
element 7
  poly 0: 48.2381 30.3488 -81.9475 54.6449 70.3489 -81.9475 67.4583 150.349 -81.9475 80.8954 148.197 -81.9475 87.3021 188.197 -81.9475 73.8651 190.349 -81.9475 93.0853 310.349 -81.9475 106.522 308.197 -81.9475 112.929 348.197 -81.9475 99.492 350.349 -81.9475 105.899 390.35 -81.9475 99.492 430.35 -81.9475 86.6786 510.35 -81.9475 100.116 512.502 -81.9475 93.7089 552.502 -81.9475 80.2718 550.35 -81.9475 61.0516 670.35 -81.9475 74.4886 672.502 -81.9475 68.0819 712.502 -81.9475 54.6449 710.35 -81.9475 48.2381 750.35 -81.9475 37.5185 750.35 -81.9475 16.0794 750.35 -81.9475 16.0794 763.958 -81.9475 5.35979 763.958 -81.9475 5.35979 750.35 -81.9475 -26.799 750.35 -81.9475 -26.799 763.958 -81.9475 -37.5185 763.958 -81.9475 -37.5185 750.35 -81.9475 -48.2381 750.35 -81.9475 -54.6449 710.35 -81.9475 -67.4583 630.35 -81.9475 -80.8954 632.502 -81.9475 -87.3021 592.502 -81.9475 -73.8651 590.35 -81.9475 -93.0853 470.35 -81.9475 -106.522 472.502 -81.9475 -112.929 432.502 -81.9475 -99.492 430.35 -81.9475 -105.899 390.35 -81.9475 -99.492 350.349 -81.9475 -86.6786 270.349 -81.9475 -100.116 268.197 -81.9475 -93.7089 228.197 -81.9475 -80.2718 230.349 -81.9475 -61.0516 110.349 -81.9475 -74.4886 108.197 -81.9475 -68.0819 68.1967 -81.9475 -54.6449 70.3489 -81.9475 -48.2381 30.3488 -81.9475 -37.5185 30.3488 -81.9475 -16.0794 30.3488 -81.9475 -16.0794 16.7405 -81.9475 -5.35979 16.7405 -81.9475 -5.35979 30.3488 -81.9475 26.799 30.3488 -81.9475 26.799 16.7405 -81.9475 37.5185 16.7405 -81.9475 37.5185 30.3488 -81.9475 48.2381 30.3488 -81.9475
  poly 1: 48.2381 30.3488 -95.5558 54.6449 70.3489 -95.5558 67.4583 150.349 -95.5558 80.8954 148.197 -95.5558 87.3021 188.197 -95.5558 73.8651 190.349 -95.5558 93.0853 310.349 -95.5558 106.522 308.197 -95.5558 112.929 348.197 -95.5558 99.492 350.349 -95.5558 105.899 390.35 -95.5558 99.492 430.35 -95.5558 86.6786 510.35 -95.5558 100.116 512.502 -95.5558 93.7089 552.502 -95.5558 80.2718 550.35 -95.5558 61.0516 670.35 -95.5558 74.4886 672.502 -95.5558 68.0819 712.502 -95.5558 54.6449 710.35 -95.5558 48.2381 750.35 -95.5558 37.5185 750.35 -95.5558 16.0794 750.35 -95.5558 16.0794 763.958 -95.5558 5.35979 763.958 -95.5558 5.35979 750.35 -95.5558 -26.799 750.35 -95.5558 -26.799 763.958 -95.5558 -37.5185 763.958 -95.5558 -37.5185 750.35 -95.5558 -48.2381 750.35 -95.5558 -54.6449 710.35 -95.5558 -67.4583 630.35 -95.5558 -80.8954 632.502 -95.5558 -87.3021 592.502 -95.5558 -73.8651 590.35 -95.5558 -93.0853 470.35 -95.5558 -106.522 472.502 -95.5558 -112.929 432.502 -95.5558 -99.492 430.35 -95.5558 -105.899 390.35 -95.5558 -99.492 350.349 -95.5558 -86.6786 270.349 -95.5558 -100.116 268.197 -95.5558 -93.7089 228.197 -95.5558 -80.2718 230.349 -95.5558 -61.0516 110.349 -95.5558 -74.4886 108.197 -95.5558 -68.0819 68.1967 -95.5558 -54.6449 70.3489 -95.5558 -48.2381 30.3488 -95.5558 -37.5185 30.3488 -95.5558 -16.0794 30.3488 -95.5558 -16.0794 16.7405 -95.5558 -5.35979 16.7405 -95.5558 -5.35979 30.3488 -95.5558 26.799 30.3488 -95.5558 26.799 16.7405 -95.5558 37.5185 16.7405 -95.5558 37.5185 30.3488 -95.5558 48.2381 30.3488 -95.5558
element 8
  poly 0: 98.8214 -699.886 64.1309 98.8214 -662.442 64.1309 98.8214 -662.442 37.5022 98.8214 -699.886 37.5022 98.8214 -699.886 64.1309
  poly 1: 72.1928 -699.886 64.1309 72.1928 -662.442 64.1309 72.1928 -662.442 37.5022 72.1928 -699.886 37.5022 72.1928 -699.886 64.1309
  poly 2: 98.8214 -550.111 64.1309 98.8214 -512.667 64.1309 98.8214 -512.667 37.5022 98.8214 -550.111 37.5022 98.8214 -550.111 64.1309
  poly 3: 72.1928 -550.111 64.1309 72.1928 -512.667 64.1309 72.1928 -512.667 37.5022 72.1928 -550.111 37.5022 72.1928 -550.111 64.1309
  poly 4: 98.8214 -737.33 -29.2532 98.8214 -400.336 -29.2532 98.8214 -400.336 130.886 98.8214 -737.33 130.886 98.8214 -737.33 70.0333 98.8214 -763.958 77.5065 98.8214 -763.958 16.6535 98.8214 -737.33 24.1266 98.8214 -737.33 -29.2532
  poly 5: 72.1928 -737.33 -29.2532 72.1928 -400.336 -29.2532 72.1928 -400.336 130.886 72.1928 -737.33 130.886 72.1928 -737.33 70.0333 72.1928 -763.958 77.5065 72.1928 -763.958 16.6535 72.1928 -737.33 24.1266 72.1928 -737.33 -29.2532
element 9
  poly 0: -87.9467 -737.33 37.5022 -87.9467 -400.336 37.5022 72.1928 -400.336 37.5022 72.1928 -437.78 37.5022 72.1928 -512.667 37.5022 98.8214 -512.667 37.5022 98.8214 -550.111 37.5022 72.1928 -550.111 37.5022 72.1928 -662.442 37.5022 98.8214 -662.442 37.5022 98.8214 -699.886 37.5022 72.1928 -699.886 37.5022 72.1928 -737.33 37.5022 54.3995 -737.33 37.5022 54.3995 -763.958 37.5022 36.6063 -763.958 37.5022 36.6063 -737.33 37.5022 -16.7736 -737.33 37.5022 -16.7736 -763.958 37.5022 -34.5669 -763.958 37.5022 -34.5669 -737.33 37.5022 -70.1534 -737.33 37.5022 -87.9467 -737.33 37.5022
  poly 1: -87.9467 -737.33 64.1309 -87.9467 -400.336 64.1309 72.1928 -400.336 64.1309 72.1928 -437.78 64.1309 72.1928 -512.667 64.1309 98.8214 -512.667 64.1309 98.8214 -550.111 64.1309 72.1928 -550.111 64.1309 72.1928 -662.442 64.1309 98.8214 -662.442 64.1309 98.8214 -699.886 64.1309 72.1928 -699.886 64.1309 72.1928 -737.33 64.1309 54.3995 -737.33 64.1309 54.3995 -763.958 64.1309 36.6063 -763.958 64.1309 36.6063 -737.33 64.1309 -16.7736 -737.33 64.1309 -16.7736 -763.958 64.1309 -34.5669 -763.958 64.1309 -34.5669 -737.33 64.1309 -70.1534 -737.33 64.1309 -87.9467 -737.33 64.1309
element 10
  poly 0: 54.3995 -763.958 64.1309 54.3995 -763.958 37.5022 36.6063 -763.958 37.5022 36.6063 -763.958 64.1309 54.3995 -763.958 64.1309
  poly 1: 54.3995 -737.33 64.1309 54.3995 -737.33 37.5022 36.6063 -737.33 37.5022 36.6063 -737.33 64.1309 54.3995 -737.33 64.1309
  poly 2: -16.7736 -763.958 64.1309 -16.7736 -763.958 37.5022 -34.5669 -763.958 37.5022 -34.5669 -763.958 64.1309 -16.7736 -763.958 64.1309
  poly 3: -16.7736 -737.33 64.1309 -16.7736 -737.33 37.5022 -34.5669 -737.33 37.5022 -34.5669 -737.33 64.1309 -16.7736 -737.33 64.1309
  poly 4: -87.9467 -763.958 -29.2532 98.8214 -763.958 -29.2532 98.8214 -763.958 16.6535 72.1928 -763.958 16.6535 72.1928 -763.958 77.5065 98.8214 -763.958 77.5065 98.8214 -763.958 130.886 -87.9467 -763.958 130.886 -87.9467 -763.958 -29.2532
  poly 5: -87.9467 -737.33 -29.2532 98.8214 -737.33 -29.2532 98.8214 -737.33 24.1266 72.1928 -737.33 24.1266 72.1928 -737.33 70.0333 98.8214 -737.33 70.0333 98.8214 -737.33 130.886 -87.9467 -737.33 130.886 -87.9467 -737.33 -29.2532
