element 0
  poly 0: -1539.03 -993.468 37.152 -1507.78 -993.468 204.254 -868.993 -993.468 84.7633 -868.993 -993.468 29.1512 -698.993 -993.468 29.1512 -698.993 -993.468 52.9632 -338.214 -993.468 -14.524 -338.214 -993.468 -55.8311 -168.214 -993.468 -55.8311 -168.214 -993.468 -46.3242 -88.6089 -993.468 -61.2151 -119.867 -993.468 -228.317 -1225.55 -993.468 -21.4887 -1225.55 -993.468 42.8473 -1395.55 -993.468 42.8473 -1395.55 -993.468 10.3114 -1539.03 -993.468 37.152
  poly 1: -1539.03 -1163.47 37.152 -1507.78 -1163.47 204.254 -868.993 -1163.47 84.7633 -868.993 -1163.47 29.1512 -698.993 -1163.47 29.1512 -698.993 -1163.47 52.9632 -338.214 -1163.47 -14.524 -338.214 -1163.47 -55.8311 -168.214 -1163.47 -55.8311 -168.214 -1163.47 -46.3242 -88.6089 -1163.47 -61.2151 -119.867 -1163.47 -228.317 -1225.55 -1163.47 -21.4887 -1225.55 -1163.47 42.8473 -1395.55 -1163.47 42.8473 -1395.55 -1163.47 10.3114 -1539.03 -1163.47 37.152
element 1
  poly 0: -868.993 -1337.69 16.6508 -868.993 -1316.6 185.338 -868.993 -430.451 74.3532 -868.993 -430.451 41.8302 -868.993 -260.451 41.8302 -868.993 -260.451 53.0618 -868.993 302.567 -17.4523 -868.993 302.567 -68.7189 -868.993 472.567 -68.7189 -868.993 472.567 -38.7437 -868.993 593.499 -53.8896 -868.993 572.362 -222.57 -868.993 -227.607 -122.38 -868.993 -227.607 -65.94 -868.993 -397.607 -65.94 -868.993 -397.607 -101.088 -868.993 -993.468 -26.4608 -868.993 -993.468 29.1512 -868.993 -1163.47 29.1512 -868.993 -1163.47 -5.16948 -868.993 -1337.69 16.6508
  poly 1: -698.993 -1337.69 16.6508 -698.993 -1316.6 185.338 -698.993 -430.451 74.3532 -698.993 -430.451 41.8302 -698.993 -260.451 41.8302 -698.993 -260.451 53.0618 -698.993 302.567 -17.4523 -698.993 302.567 -68.7189 -698.993 472.567 -68.7189 -698.993 472.567 -38.7437 -698.993 593.499 -53.8896 -698.993 572.362 -222.57 -698.993 -227.607 -122.38 -698.993 -227.607 -65.94 -698.993 -397.607 -65.94 -698.993 -397.607 -101.088 -698.993 -993.468 -26.4608 -698.993 -993.468 29.1512 -698.993 -1163.47 29.1512 -698.993 -1163.47 -5.16948 -698.993 -1337.69 16.6508
element 2
  poly 0: 722.456 1313.24 219.207 722.456 1336.6 50.8192 722.456 1205.58 32.6457 722.456 1205.58 57.4724 722.456 1035.58 57.4724 722.456 1035.58 9.06484 722.456 505.411 -64.4759 722.456 505.411 -51.5249 722.456 335.411 -51.5249 722.456 335.411 -88.0567 722.456 -570.142 -213.667 722.456 -593.499 -45.2789 722.456 -430.451 -22.6623 722.456 -430.451 -52.0278 722.456 -260.451 -52.0278 722.456 -260.451 0.918494 722.456 302.567 79.0151 722.456 302.567 40.5536 722.456 472.567 40.5536 722.456 472.567 102.596 722.456 1313.24 219.207
  poly 1: 892.456 1313.24 219.207 892.456 1336.6 50.8192 892.456 1205.58 32.6457 892.456 1205.58 57.4724 892.456 1035.58 57.4724 892.456 1035.58 9.06484 892.456 505.411 -64.4759 892.456 505.411 -51.5249 892.456 335.411 -51.5249 892.456 335.411 -88.0567 892.456 -570.142 -213.667 892.456 -593.499 -45.2789 892.456 -430.451 -22.6623 892.456 -430.451 -52.0278 892.456 -260.451 -52.0278 892.456 -260.451 0.918494 892.456 302.567 79.0151 892.456 302.567 40.5536 892.456 472.567 40.5536 892.456 472.567 102.596 892.456 1313.24 219.207
element 3
  poly 0: 578.969 302.567 37.152 722.456 302.567 10.3114 722.456 302.567 40.5536 892.456 302.567 40.5536 892.456 302.567 -21.4887 1249.01 302.567 -88.1854 1249.01 302.567 -68.7189 1419.01 302.567 -68.7189 1419.01 302.567 -119.986 1998.14 302.567 -228.317 2029.39 302.567 -61.2151 1419.01 302.567 52.9632 1419.01 302.567 31.2222 1249.01 302.567 31.2222 1249.01 302.567 84.7633 610.227 302.567 204.254 578.969 302.567 37.152
  poly 1: 578.969 472.567 37.152 722.456 472.567 10.3114 722.456 472.567 40.5536 892.456 472.567 40.5536 892.456 472.567 -21.4887 1249.01 472.567 -88.1854 1249.01 472.567 -68.7189 1419.01 472.567 -68.7189 1419.01 472.567 -119.986 1998.14 472.567 -228.317 2029.39 472.567 -61.2151 1419.01 472.567 52.9632 1419.01 472.567 31.2222 1249.01 472.567 31.2222 1249.01 472.567 84.7633 610.227 472.567 204.254 578.969 472.567 37.152
element 4
  poly 0: 578.969 -993.468 37.152 610.227 -993.468 204.254 1249.01 -993.468 84.7633 1249.01 -993.468 29.1512 1419.01 -993.468 29.1512 1419.01 -993.468 52.9632 2029.39 -993.468 -61.2151 1998.14 -993.468 -228.317 892.456 -993.468 -21.4887 892.456 -993.468 42.8473 722.456 -993.468 42.8473 722.456 -993.468 10.3114 578.969 -993.468 37.152
  poly 1: 578.969 -1163.47 37.152 610.227 -1163.47 204.254 1249.01 -1163.47 84.7633 1249.01 -1163.47 29.1512 1419.01 -1163.47 29.1512 1419.01 -1163.47 52.9632 2029.39 -1163.47 -61.2151 1998.14 -1163.47 -228.317 892.456 -1163.47 -21.4887 892.456 -1163.47 42.8473 722.456 -1163.47 42.8473 722.456 -1163.47 10.3114 578.969 -1163.47 37.152
element 5
  poly 0: 1249.01 161.414 16.6508 1249.01 182.504 185.338 1249.01 1035.58 78.4951 1249.01 1035.58 43.9012 1249.01 1205.58 43.9012 1249.01 1205.58 57.2037 1249.01 2092.61 -53.8896 1249.01 2071.47 -222.57 1249.01 472.567 -22.3189 1249.01 472.567 31.2222 1249.01 302.567 31.2222 1249.01 302.567 -1.02755 1249.01 161.414 16.6508
  poly 1: 1419.01 161.414 16.6508 1419.01 182.504 185.338 1419.01 1035.58 78.4951 1419.01 1035.58 43.9012 1419.01 1205.58 43.9012 1419.01 1205.58 57.2037 1419.01 2092.61 -53.8896 1419.01 2071.47 -222.57 1419.01 472.567 -22.3189 1419.01 472.567 31.2222 1419.01 302.567 31.2222 1419.01 302.567 -1.02755 1419.01 161.414 16.6508
element 6
  poly 0: 1249.01 -1337.69 16.6508 1249.01 -1316.6 185.338 1249.01 -430.451 74.3532 1249.01 -430.451 41.8302 1249.01 -260.451 41.8302 1249.01 -260.451 53.0618 1249.01 302.567 -17.4523 1249.01 302.567 -68.7189 1249.01 472.567 -68.7189 1249.01 472.567 -38.7437 1249.01 593.499 -53.8896 1249.01 572.362 -222.57 1249.01 -993.468 -26.4608 1249.01 -993.468 29.1512 1249.01 -1163.47 29.1512 1249.01 -1163.47 -5.16948 1249.01 -1337.69 16.6508
  poly 1: 1419.01 -1337.69 16.6508 1419.01 -1316.6 185.338 1419.01 -430.451 74.3532 1419.01 -430.451 41.8302 1419.01 -260.451 41.8302 1419.01 -260.451 53.0618 1419.01 302.567 -17.4523 1419.01 302.567 -68.7189 1419.01 472.567 -68.7189 1419.01 472.567 -38.7437 1419.01 593.499 -53.8896 1419.01 572.362 -222.57 1419.01 -993.468 -26.4608 1419.01 -993.468 29.1512 1419.01 -1163.47 29.1512 1419.01 -1163.47 -5.16948 1419.01 -1337.69 16.6508
element 7
  poly 0: -1539.03 302.567 37.152 -1395.55 302.567 10.3114 -1395.55 302.567 40.5536 -1225.55 302.567 40.5536 -1225.55 302.567 -21.4887 -868.993 302.567 -88.1854 -868.993 302.567 -68.7189 -698.993 302.567 -68.7189 -698.993 302.567 -119.986 -119.867 302.567 -228.317 -88.6089 302.567 -61.2151 -167.38 302.567 -46.4803 -167.38 302.567 -55.9246 -337.38 302.567 -55.9246 -337.38 302.567 -14.6801 -698.993 302.567 52.9632 -698.993 302.567 31.2222 -868.993 302.567 31.2222 -868.993 302.567 84.7633 -1507.78 302.567 204.254 -1539.03 302.567 37.152
  poly 1: -1539.03 472.567 37.152 -1395.55 472.567 10.3114 -1395.55 472.567 40.5536 -1225.55 472.567 40.5536 -1225.55 472.567 -21.4887 -868.993 472.567 -88.1854 -868.993 472.567 -68.7189 -698.993 472.567 -68.7189 -698.993 472.567 -119.986 -119.867 472.567 -228.317 -88.6089 472.567 -61.2151 -167.38 472.567 -46.4803 -167.38 472.567 -55.9246 -337.38 472.567 -55.9246 -337.38 472.567 -14.6801 -698.993 472.567 52.9632 -698.993 472.567 31.2222 -868.993 472.567 31.2222 -868.993 472.567 84.7633 -1507.78 472.567 204.254 -1539.03 472.567 37.152
element 8
  poly 0: -1395.55 1313.24 219.207 -1395.55 1336.6 50.8192 -1395.55 1205.58 32.6457 -1395.55 1205.58 57.4724 -1395.55 1035.58 57.4724 -1395.55 1035.58 9.06484 -1395.55 -570.142 -213.667 -1395.55 -593.499 -45.2789 -1395.55 -430.451 -22.6623 -1395.55 -430.451 -52.0278 -1395.55 -260.451 -52.0278 -1395.55 -260.451 0.918494 -1395.55 302.567 79.0151 -1395.55 302.567 40.5536 -1395.55 472.567 40.5536 -1395.55 472.567 102.596 -1395.55 1313.24 219.207
  poly 1: -1225.55 1313.24 219.207 -1225.55 1336.6 50.8192 -1225.55 1205.58 32.6457 -1225.55 1205.58 57.4724 -1225.55 1035.58 57.4724 -1225.55 1035.58 9.06484 -1225.55 -570.142 -213.667 -1225.55 -593.499 -45.2789 -1225.55 -430.451 -22.6623 -1225.55 -430.451 -52.0278 -1225.55 -260.451 -52.0278 -1225.55 -260.451 0.918494 -1225.55 302.567 79.0151 -1225.55 302.567 40.5536 -1225.55 472.567 40.5536 -1225.55 472.567 102.596 -1225.55 1313.24 219.207
element 9
  poly 0: -1395.55 -185.861 219.207 -1395.55 -162.504 50.8192 -1395.55 -260.451 37.233 -1395.55 -260.451 59.7661 -1395.55 -430.451 59.7661 -1395.55 -430.451 13.6522 -1395.55 -2069.25 -213.667 -1395.55 -2092.61 -45.2789 -1395.55 -1163.47 83.6024 -1395.55 -1163.47 42.8473 -1395.55 -993.468 42.8473 -1395.55 -993.468 107.183 -1395.55 -185.861 219.207
  poly 1: -1225.55 -185.861 219.207 -1225.55 -162.504 50.8192 -1225.55 -260.451 37.233 -1225.55 -260.451 59.7661 -1225.55 -430.451 59.7661 -1225.55 -430.451 13.6522 -1225.55 -2069.25 -213.667 -1225.55 -2092.61 -45.2789 -1225.55 -1163.47 83.6024 -1225.55 -1163.47 42.8473 -1225.55 -993.468 42.8473 -1225.55 -993.468 107.183 -1225.55 -185.861 219.207
element 10
  poly 0: -868.993 161.414 16.6508 -868.993 182.504 185.338 -868.993 1035.58 78.4951 -868.993 1035.58 43.9012 -868.993 1205.58 43.9012 -868.993 1205.58 57.2037 -868.993 2092.61 -53.8896 -868.993 2071.47 -222.57 -868.993 1238.66 -118.266 -868.993 1238.66 -63.9736 -868.993 1068.66 -63.9736 -868.993 1068.66 -96.9749 -868.993 472.567 -22.3189 -868.993 472.567 31.2222 -868.993 302.567 31.2222 -868.993 302.567 -1.02755 -868.993 161.414 16.6508
  poly 1: -698.993 161.414 16.6508 -698.993 182.504 185.338 -698.993 1035.58 78.4951 -698.993 1035.58 43.9012 -698.993 1205.58 43.9012 -698.993 1205.58 57.2037 -698.993 2092.61 -53.8896 -698.993 2071.47 -222.57 -698.993 1238.66 -118.266 -698.993 1238.66 -63.9736 -698.993 1068.66 -63.9736 -698.993 1068.66 -96.9749 -698.993 472.567 -22.3189 -698.993 472.567 31.2222 -698.993 302.567 31.2222 -698.993 302.567 -1.02755 -698.993 161.414 16.6508
element 11
  poly 0: 722.456 -185.861 219.207 722.456 -162.504 50.8192 722.456 -260.451 37.233 722.456 -260.451 59.7661 722.456 -430.451 59.7661 722.456 -430.451 13.6522 722.456 -960.518 -59.874 722.456 -960.518 -49.4853 722.456 -1130.52 -49.4853 722.456 -1130.52 -83.4548 722.456 -2069.25 -213.667 722.456 -2092.61 -45.2789 722.456 -1163.47 83.6024 722.456 -1163.47 42.8473 722.456 -993.468 42.8473 722.456 -993.468 107.183 722.456 -185.861 219.207
  poly 1: 892.456 -185.861 219.207 892.456 -162.504 50.8192 892.456 -260.451 37.233 892.456 -260.451 59.7661 892.456 -430.451 59.7661 892.456 -430.451 13.6522 892.456 -960.518 -59.874 892.456 -960.518 -49.4853 892.456 -1130.52 -49.4853 892.456 -1130.52 -83.4548 892.456 -2069.25 -213.667 892.456 -2092.61 -45.2789 892.456 -1163.47 83.6024 892.456 -1163.47 42.8473 892.456 -993.468 42.8473 892.456 -993.468 107.183 892.456 -185.861 219.207
element 12
  poly 0: 190.008 161.414 16.6508 190.008 182.504 185.338 190.008 1068.66 74.3532 190.008 1068.66 41.8301 190.008 1238.66 41.8301 190.008 1238.66 53.0618 190.008 2092.61 -53.8896 190.008 2071.47 -222.57 190.008 1205.58 -114.124 190.008 1205.58 -61.9025 190.008 1035.58 -61.9025 190.008 1035.58 -92.833 190.008 505.411 -26.4324 190.008 505.411 29.0871 190.008 335.411 29.0871 190.008 335.411 -5.14107 190.008 161.414 16.6508
  poly 1: 360.008 161.414 16.6508 360.008 182.504 185.338 360.008 1068.66 74.3532 360.008 1068.66 41.8301 360.008 1238.66 41.8301 360.008 1238.66 53.0618 360.008 2092.61 -53.8896 360.008 2071.47 -222.57 360.008 1205.58 -114.124 360.008 1205.58 -61.9025 360.008 1035.58 -61.9025 360.008 1035.58 -92.833 360.008 505.411 -26.4324 360.008 505.411 29.0871 360.008 335.411 29.0871 360.008 335.411 -5.14107 360.008 161.414 16.6508
element 13
  poly 0: -483.66 -1130.52 37.1511 -338.214 -1130.52 9.94404 -338.214 -1130.52 40.3924 -168.214 -1130.52 40.3924 -168.214 -1130.52 -21.8561 935.506 -1130.52 -228.318 966.764 -1130.52 -61.216 892.456 -1130.52 -47.3159 892.456 -1130.52 -49.4853 722.456 -1130.52 -49.4853 722.456 -1130.52 -15.5158 359.173 -1130.52 52.4397 359.173 -1130.52 28.8826 189.173 -1130.52 28.8826 189.173 -1130.52 84.2398 -452.402 -1130.52 204.253 -483.66 -1130.52 37.1511
  poly 1: -483.66 -960.518 37.1511 -338.214 -960.518 9.94404 -338.214 -960.518 40.3924 -168.214 -960.518 40.3924 -168.214 -960.518 -21.8561 935.506 -960.518 -228.318 966.764 -960.518 -61.216 892.456 -960.518 -47.3159 892.456 -960.518 -49.4853 722.456 -960.518 -49.4853 722.456 -960.518 -15.5158 359.173 -960.518 52.4397 359.173 -960.518 28.8826 189.173 -960.518 28.8826 189.173 -960.518 84.2398 -452.402 -960.518 204.253 -483.66 -960.518 37.1511
element 14
  poly 0: -337.38 1346.09 219.206 -337.38 1369.45 50.8185 -337.38 1238.66 32.6764 -337.38 1238.66 57.3972 -337.38 1068.66 57.3972 -337.38 1068.66 9.09559 -337.38 472.567 -73.5883 -337.38 472.567 -55.9246 -337.38 302.567 -55.9246 -337.38 302.567 -97.1691 -337.38 -537.298 -213.667 -337.38 -560.655 -45.2796 -337.38 -397.607 -22.663 -337.38 -397.607 -52.0284 -337.38 -227.607 -52.0284 -337.38 -227.607 0.917795 -337.38 335.411 79.0144 -337.38 335.411 40.5529 -337.38 505.411 40.5529 -337.38 505.411 102.595 -337.38 1346.09 219.206
  poly 1: -167.38 1346.09 219.206 -167.38 1369.45 50.8185 -167.38 1238.66 32.6764 -167.38 1238.66 57.3972 -167.38 1068.66 57.3972 -167.38 1068.66 9.09559 -167.38 472.567 -73.5883 -167.38 472.567 -55.9246 -167.38 302.567 -55.9246 -167.38 302.567 -97.1691 -167.38 -537.298 -213.667 -167.38 -560.655 -45.2796 -167.38 -397.607 -22.663 -167.38 -397.607 -52.0284 -167.38 -227.607 -52.0284 -167.38 -227.607 0.917795 -167.38 335.411 79.0144 -167.38 335.411 40.5529 -167.38 505.411 40.5529 -167.38 505.411 102.595 -167.38 1346.09 219.206
element 15
  poly 0: 189.173 -1304.85 16.6501 189.173 -1283.76 185.337 189.173 -397.607 74.3525 189.173 -397.607 41.8296 189.173 -227.607 41.8296 189.173 -227.607 53.0611 189.173 335.411 -17.453 189.173 335.411 -68.7196 189.173 505.411 -68.7196 189.173 505.411 -38.7443 189.173 626.343 -53.8903 189.173 605.207 -222.571 189.173 -260.451 -114.153 189.173 -260.451 -62.0076 189.173 -430.451 -62.0076 189.173 -430.451 -92.8621 189.173 -960.518 -26.4747 189.173 -960.518 28.8826 189.173 -1130.52 28.8826 189.173 -1130.52 -5.18337 189.173 -1304.85 16.6501
  poly 1: 359.173 -1304.85 16.6501 359.173 -1283.76 185.337 359.173 -397.607 74.3525 359.173 -397.607 41.8296 359.173 -227.607 41.8296 359.173 -227.607 53.0611 359.173 335.411 -17.453 359.173 335.411 -68.7196 359.173 505.411 -68.7196 359.173 505.411 -38.7443 359.173 626.343 -53.8903 359.173 605.207 -222.571 359.173 -260.451 -114.153 359.173 -260.451 -62.0076 359.173 -430.451 -62.0076 359.173 -430.451 -92.8621 359.173 -960.518 -26.4747 359.173 -960.518 28.8826 359.173 -1130.52 28.8826 359.173 -1130.52 -5.18337 359.173 -1304.85 16.6501
element 16
  poly 0: -480.867 335.411 37.1513 -337.38 335.411 10.3107 -337.38 335.411 40.5529 -167.38 335.411 40.5529 -167.38 335.411 -21.4894 189.173 335.411 -88.1861 189.173 335.411 -68.7196 359.173 335.411 -68.7196 359.173 335.411 -119.986 938.3 335.411 -228.317 969.558 335.411 -61.2158 892.456 335.411 -46.7931 892.456 335.411 -51.5249 722.456 335.411 -51.5249 722.456 335.411 -14.993 360.008 335.411 52.8064 360.008 335.411 29.0871 190.008 335.411 29.0871 190.008 335.411 84.6065 -449.609 335.411 204.253 -480.867 335.411 37.1513
  poly 1: -480.867 505.411 37.1513 -337.38 505.411 10.3107 -337.38 505.411 40.5529 -167.38 505.411 40.5529 -167.38 505.411 -21.4894 189.173 505.411 -88.1861 189.173 505.411 -68.7196 359.173 505.411 -68.7196 359.173 505.411 -119.986 938.3 505.411 -228.317 969.558 505.411 -61.2158 892.456 505.411 -46.7931 892.456 505.411 -51.5249 722.456 505.411 -51.5249 722.456 505.411 -14.993 360.008 505.411 52.8064 360.008 505.411 29.0871 190.008 505.411 29.0871 190.008 505.411 84.6065 -449.609 505.411 204.253 -480.867 505.411 37.1513
element 17
  poly 0: -338.214 -120.173 219.206 -338.214 -96.8156 50.8181 -338.214 -227.607 32.676 -338.214 -227.607 57.3968 -338.214 -397.607 57.3968 -338.214 -397.607 9.09519 -338.214 -993.468 -73.5572 -338.214 -993.468 -55.8311 -338.214 -1163.47 -55.8311 -338.214 -1163.47 -97.1381 -338.214 -2003.56 -213.668 -338.214 -2026.92 -45.28 -338.214 -1130.52 79.0601 -338.214 -1130.52 40.3924 -338.214 -960.518 40.3924 -338.214 -960.518 102.641 -338.214 -120.173 219.206
  poly 1: -168.214 -120.173 219.206 -168.214 -96.8156 50.8181 -168.214 -227.607 32.676 -168.214 -227.607 57.3968 -168.214 -397.607 57.3968 -168.214 -397.607 9.09519 -168.214 -993.468 -73.5572 -168.214 -993.468 -55.8311 -168.214 -1163.47 -55.8311 -168.214 -1163.47 -97.1381 -168.214 -2003.56 -213.668 -168.214 -2026.92 -45.28 -168.214 -1130.52 79.0601 -168.214 -1130.52 40.3924 -168.214 -960.518 40.3924 -168.214 -960.518 102.641 -168.214 -120.173 219.206
element 18
  poly 0: -631.928 -260.451 234.717 -595.871 -260.451 68.5848 -719.143 -260.451 41.8302 -868.993 -260.451 41.8302 -868.993 -260.451 9.30729 -1225.55 -260.451 -68.0778 -1225.55 -260.451 -52.0278 -1395.55 -260.451 -52.0278 -1395.55 -260.451 -104.974 -1993.34 -260.451 -234.716 -2029.39 -260.451 -68.5842 -1395.55 -260.451 68.9838 -1395.55 -260.451 59.7661 -1225.55 -260.451 59.7661 -1225.55 -260.451 105.88 -631.928 -260.451 234.717
  poly 1: -631.928 -430.451 234.717 -595.871 -430.451 68.5848 -719.143 -430.451 41.8302 -868.993 -430.451 41.8302 -868.993 -430.451 9.30729 -1225.55 -430.451 -68.0778 -1225.55 -430.451 -52.0278 -1395.55 -430.451 -52.0278 -1395.55 -430.451 -104.974 -1993.34 -430.451 -234.716 -2029.39 -430.451 -68.5842 -1395.55 -430.451 68.9838 -1395.55 -430.451 59.7661 -1225.55 -430.451 59.7661 -1225.55 -430.451 105.88 -631.928 -430.451 234.717
element 19
  poly 0: 1486.07 -260.451 234.717 1522.13 -260.451 68.5848 1398.86 -260.451 41.8302 1249.01 -260.451 41.8302 1249.01 -260.451 9.30729 892.456 -260.451 -68.0778 892.456 -260.451 -52.0278 722.456 -260.451 -52.0278 722.456 -260.451 -104.974 124.666 -260.451 -234.716 88.6089 -260.451 -68.5842 189.173 -260.451 -46.758 189.173 -260.451 -62.0076 359.173 -260.451 -62.0076 359.173 -260.451 -9.86181 722.456 -260.451 68.9838 722.456 -260.451 59.7661 892.456 -260.451 59.7661 892.456 -260.451 105.88 1486.07 -260.451 234.717
  poly 1: 1486.07 -430.451 234.717 1522.13 -430.451 68.5848 1398.86 -430.451 41.8302 1249.01 -430.451 41.8302 1249.01 -430.451 9.30729 892.456 -430.451 -68.0778 892.456 -430.451 -52.0278 722.456 -430.451 -52.0278 722.456 -430.451 -104.974 124.666 -430.451 -234.716 88.6089 -430.451 -68.5842 189.173 -430.451 -46.758 189.173 -430.451 -62.0076 359.173 -430.451 -62.0076 359.173 -430.451 -9.86181 722.456 -430.451 68.9838 722.456 -430.451 59.7661 892.456 -430.451 59.7661 892.456 -430.451 105.88 1486.07 -430.451 234.717
element 20
  poly 0: 426.239 -227.607 234.716 462.295 -227.607 68.5842 339.023 -227.607 41.8296 189.173 -227.607 41.8296 189.173 -227.607 9.30669 -167.38 -227.607 -68.0784 -167.38 -227.607 -52.0284 -337.38 -227.607 -52.0284 -337.38 -227.607 -104.975 -935.17 -227.607 -234.717 -971.226 -227.607 -68.5848 -868.993 -227.607 -46.3964 -868.993 -227.607 -65.94 -698.993 -227.607 -65.94 -698.993 -227.607 -9.50021 -338.214 -227.607 68.8021 -338.214 -227.607 57.3968 -168.214 -227.607 57.3968 -168.214 -227.607 105.698 426.239 -227.607 234.716
  poly 1: 426.239 -397.607 234.716 462.295 -397.607 68.5842 339.023 -397.607 41.8296 189.173 -397.607 41.8296 189.173 -397.607 9.30669 -167.38 -397.607 -68.0784 -167.38 -397.607 -52.0284 -337.38 -397.607 -52.0284 -337.38 -397.607 -104.975 -935.17 -397.607 -234.717 -971.226 -397.607 -68.5848 -868.993 -397.607 -46.3964 -868.993 -397.607 -65.94 -698.993 -397.607 -65.94 -698.993 -397.607 -9.50021 -338.214 -397.607 68.8021 -338.214 -397.607 57.3968 -168.214 -397.607 57.3968 -168.214 -397.607 105.698 426.239 -397.607 234.716
element 21
  poly 0: -631.928 1035.58 234.717 -1225.55 1035.58 105.88 -1225.55 1035.58 57.4724 -1395.55 1035.58 57.4724 -1395.55 1035.58 68.9838 -2029.39 1035.58 -68.5842 -1993.34 1035.58 -234.716 -868.993 1035.58 9.30729 -868.993 1035.58 43.9012 -709.601 1035.58 43.9012 -595.871 1035.58 68.5848 -631.928 1035.58 234.717
  poly 1: -631.928 1205.58 234.717 -1225.55 1205.58 105.88 -1225.55 1205.58 57.4724 -1395.55 1205.58 57.4724 -1395.55 1205.58 68.9838 -2029.39 1205.58 -68.5842 -1993.34 1205.58 -234.716 -868.993 1205.58 9.30729 -868.993 1205.58 43.9012 -709.601 1205.58 43.9012 -595.871 1205.58 68.5848 -631.928 1205.58 234.717
element 22
  poly 0: 1486.07 1035.58 234.717 892.456 1035.58 105.88 892.456 1035.58 57.4724 722.456 1035.58 57.4724 722.456 1035.58 68.9838 360.008 1035.58 -9.68071 360.008 1035.58 -61.9025 190.008 1035.58 -61.9025 190.008 1035.58 -46.5769 88.6089 1035.58 -68.5842 124.666 1035.58 -234.716 1249.01 1035.58 9.30729 1249.01 1035.58 43.9012 1408.4 1035.58 43.9012 1522.13 1035.58 68.5848 1486.07 1035.58 234.717
  poly 1: 1486.07 1205.58 234.717 892.456 1205.58 105.88 892.456 1205.58 57.4724 722.456 1205.58 57.4724 722.456 1205.58 68.9838 360.008 1205.58 -9.68071 360.008 1205.58 -61.9025 190.008 1205.58 -61.9025 190.008 1205.58 -46.5769 88.6089 1205.58 -68.5842 124.666 1205.58 -234.716 1249.01 1205.58 9.30729 1249.01 1205.58 43.9012 1408.4 1205.58 43.9012 1522.13 1205.58 68.5848 1486.07 1205.58 234.717
element 23
  poly 0: 427.073 1238.66 234.717 463.13 1238.66 68.5846 339.858 1238.66 41.8301 190.008 1238.66 41.8301 190.008 1238.66 9.30708 -934.335 1238.66 -234.717 -970.392 1238.66 -68.5844 -868.993 1238.66 -46.5772 -868.993 1238.66 -63.9736 -698.993 1238.66 -63.9736 -698.993 1238.66 -9.68091 -337.38 1238.66 68.8025 -337.38 1238.66 57.3972 -167.38 1238.66 57.3972 -167.38 1238.66 105.699 427.073 1238.66 234.717
  poly 1: 427.073 1068.66 234.717 463.13 1068.66 68.5846 339.858 1068.66 41.8301 190.008 1068.66 41.8301 190.008 1068.66 9.30708 -934.335 1068.66 -234.717 -970.392 1068.66 -68.5844 -868.993 1068.66 -46.5772 -868.993 1068.66 -63.9736 -698.993 1068.66 -63.9736 -698.993 1068.66 -9.68091 -337.38 1068.66 68.8025 -337.38 1068.66 57.3972 -167.38 1068.66 57.3972 -167.38 1068.66 105.699 427.073 1068.66 234.717
