element 0
  poly 0: -262.833 -752.179 39.9999 -262.833 -798.367 39.9999 -364.46 -798.367 39.9999 -364.46 -752.179 39.9999 -262.833 -752.179 39.9999
  poly 1: -262.833 -775.273 0.000146006 -262.833 -821.461 0.000146006 -364.46 -821.461 0.000146006 -364.46 -775.273 0.000146006 -262.833 -775.273 0.000146006
  poly 2: -511.815 -752.179 39.9999 -511.815 -798.367 39.9999 -613.442 -798.367 39.9999 -613.442 -752.179 39.9999 -511.815 -752.179 39.9999
  poly 3: -511.815 -775.273 0.000146006 -511.815 -821.461 0.000146006 -613.442 -821.461 0.000146006 -613.442 -775.273 0.000146006 -511.815 -775.273 0.000146006
  poly 4: -760.797 -752.179 39.9999 -760.797 -798.367 39.9999 -862.424 -798.367 39.9999 -862.424 -752.179 39.9999 -760.797 -752.179 39.9999
  poly 5: -760.797 -775.273 0.000146006 -760.797 -821.461 0.000146006 -862.424 -821.461 0.000146006 -862.424 -775.273 0.000146006 -760.797 -775.273 0.000146006
  poly 6: -1009.78 -752.179 39.9999 -1009.78 -798.367 39.9999 -1111.41 -798.367 39.9999 -1111.41 -752.179 39.9999 -1009.78 -752.179 39.9999
  poly 7: -1009.78 -775.273 0.000146006 -1009.78 -821.461 0.000146006 -1111.41 -821.461 0.000146006 -1111.41 -775.273 0.000146006 -1009.78 -775.273 0.000146006
  poly 8: -1187.12 -969.091 40 -187.12 -969.091 40 -187.12 -581.455 40 -1187.12 -581.455 40 -1187.12 -969.091 40
  poly 9: -1187.12 -969.091 0 -187.12 -969.091 0 -187.12 -581.455 0 -1187.12 -581.455 0 -1187.12 -969.091 0
element 1
  poly 0: -1187.12 -752.179 39.9999 -1187.12 -564.134 365.703 -187.12 -564.134 365.703 -187.12 -752.179 39.9999 -238.763 -752.179 39.9999 -238.763 -685.046 156.278 -262.833 -685.046 156.278 -262.833 -763.189 20.9302 -274.867 -763.189 20.9302 -274.867 -775.273 0.000146006 -258.821 -775.273 0.000146006 -258.821 -777.672 -4.15549 -265.507 -787.069 -20.4316 -301.611 -787.069 -20.4316 -301.611 -685.046 156.278 -325.681 -685.046 156.278 -325.681 -787.069 -20.4316 -361.785 -787.069 -20.4316 -368.471 -777.672 -4.15549 -368.471 -775.273 0.000146006 -352.425 -775.273 0.000146006 -352.425 -763.189 20.9302 -364.46 -763.189 20.9302 -364.46 -685.046 156.278 -388.529 -685.046 156.278 -388.529 -752.179 39.9999 -487.745 -752.179 39.9999 -487.745 -685.046 156.278 -511.815 -685.046 156.278 -511.815 -763.189 20.9302 -523.85 -763.189 20.9302 -523.85 -775.273 0.000146006 -507.803 -775.273 0.000146006 -507.803 -777.672 -4.15549 -514.489 -787.069 -20.4316 -550.594 -787.069 -20.4316 -550.594 -685.046 156.278 -574.663 -685.046 156.278 -574.663 -787.069 -20.4316 -610.768 -787.069 -20.4316 -617.454 -777.672 -4.15549 -617.454 -775.273 0.000146006 -601.407 -775.273 0.000146006 -601.407 -763.189 20.9302 -613.442 -763.189 20.9302 -613.442 -685.046 156.278 -637.512 -685.046 156.278 -637.512 -752.179 39.9999 -736.728 -752.179 39.9999 -736.728 -685.046 156.278 -760.797 -685.046 156.278 -760.797 -763.189 20.9302 -772.832 -763.189 20.9302 -772.832 -775.273 0.000146006 -756.786 -775.273 0.000146006 -756.786 -777.672 -4.15549 -763.472 -787.069 -20.4316 -799.576 -787.069 -20.4316 -799.576 -685.046 156.278 -823.646 -685.046 156.278 -823.646 -787.069 -20.4316 -859.75 -787.069 -20.4316 -866.436 -777.672 -4.15549 -866.436 -775.273 0.000146006 -850.39 -775.273 0.000146006 -850.39 -763.189 20.9302 -862.424 -763.189 20.9302 -862.424 -685.046 156.278 -886.494 -685.046 156.278 -886.494 -752.179 39.9999 -985.71 -752.179 39.9999 -985.71 -685.046 156.278 -1009.78 -685.046 156.278 -1009.78 -763.189 20.9302 -1021.81 -763.189 20.9302 -1021.81 -775.273 0.000146006 -1005.77 -775.273 0.000146006 -1005.77 -777.672 -4.15549 -1012.45 -787.069 -20.4316 -1048.56 -787.069 -20.4316 -1048.56 -685.046 156.278 -1072.63 -685.046 156.278 -1072.63 -787.069 -20.4316 -1108.73 -787.069 -20.4316 -1115.42 -777.672 -4.15549 -1115.42 -775.273 0.000146006 -1099.37 -775.273 0.000146006 -1099.37 -763.189 20.9302 -1111.41 -763.189 20.9302 -1111.41 -685.046 156.278 -1135.48 -685.046 156.278 -1135.48 -752.179 39.9999 -1187.12 -752.179 39.9999
  poly 1: -1187.12 -798.367 39.9999 -1187.12 -598.775 385.703 -187.12 -598.775 385.703 -187.12 -798.367 39.9999 -238.763 -798.367 39.9999 -238.763 -731.234 156.278 -262.833 -731.234 156.278 -262.833 -809.377 20.9302 -274.867 -809.377 20.9302 -274.867 -821.461 0.000146006 -258.821 -821.461 0.000146006 -258.821 -823.86 -4.15549 -265.507 -833.257 -20.4316 -301.611 -833.257 -20.4316 -301.611 -731.234 156.278 -325.681 -731.234 156.278 -325.681 -833.257 -20.4316 -361.785 -833.257 -20.4316 -368.471 -823.86 -4.15549 -368.471 -821.461 0.000146006 -352.425 -821.461 0.000146006 -352.425 -809.377 20.9302 -364.46 -809.377 20.9302 -364.46 -731.234 156.278 -388.529 -731.234 156.278 -388.529 -798.367 39.9999 -487.745 -798.367 39.9999 -487.745 -731.234 156.278 -511.815 -731.234 156.278 -511.815 -809.377 20.9302 -523.85 -809.377 20.9302 -523.85 -821.461 0.000146006 -507.803 -821.461 0.000146006 -507.803 -823.86 -4.15549 -514.489 -833.257 -20.4316 -550.594 -833.257 -20.4316 -550.594 -731.234 156.278 -574.663 -731.234 156.278 -574.663 -833.257 -20.4316 -610.768 -833.257 -20.4316 -617.454 -823.86 -4.15549 -617.454 -821.461 0.000146006 -601.407 -821.461 0.000146006 -601.407 -809.377 20.9302 -613.442 -809.377 20.9302 -613.442 -731.234 156.278 -637.512 -731.234 156.278 -637.512 -798.367 39.9999 -736.728 -798.367 39.9999 -736.728 -731.234 156.278 -760.797 -731.234 156.278 -760.797 -809.377 20.9302 -772.832 -809.377 20.9302 -772.832 -821.461 0.000146006 -756.786 -821.461 0.000146006 -756.786 -823.86 -4.15549 -763.472 -833.257 -20.4316 -799.576 -833.257 -20.4316 -799.576 -731.234 156.278 -823.646 -731.234 156.278 -823.646 -833.257 -20.4316 -859.75 -833.257 -20.4316 -866.436 -823.86 -4.15549 -866.436 -821.461 0.000146006 -850.39 -821.461 0.000146006 -850.39 -809.377 20.9302 -862.424 -809.377 20.9302 -862.424 -731.234 156.278 -886.494 -731.234 156.278 -886.494 -798.367 39.9999 -985.71 -798.367 39.9999 -985.71 -731.234 156.278 -1009.78 -731.234 156.278 -1009.78 -809.377 20.9302 -1021.81 -809.377 20.9302 -1021.81 -821.461 0.000146006 -1005.77 -821.461 0.000146006 -1005.77 -823.86 -4.15549 -1012.45 -833.257 -20.4316 -1048.56 -833.257 -20.4316 -1048.56 -731.234 156.278 -1072.63 -731.234 156.278 -1072.63 -833.257 -20.4316 -1108.73 -833.257 -20.4316 -1115.42 -823.86 -4.15549 -1115.42 -821.461 0.000146006 -1099.37 -821.461 0.000146006 -1099.37 -809.377 20.9302 -1111.41 -809.377 20.9302 -1111.41 -731.234 156.278 -1135.48 -731.234 156.278 -1135.48 -798.367 39.9999 -1187.12 -798.367 39.9999
element 2
  poly 0: -267.934 19.9999 39.9999 -267.934 -19.9999 39.9999 -356.305 -19.9999 39.9999 -356.305 19.9999 39.9999 -267.934 19.9999 39.9999
  poly 1: -267.934 19.9999 0.000146006 -267.934 -19.9999 0.000146006 -356.305 -19.9999 0.000146006 -356.305 19.9999 0.000146006 -267.934 19.9999 0.000146006
  poly 2: -517.934 19.9999 39.9999 -517.934 -19.9999 39.9999 -606.305 -19.9999 39.9999 -606.305 19.9999 39.9999 -517.934 19.9999 39.9999
  poly 3: -517.934 19.9999 0.000146006 -517.934 -19.9999 0.000146006 -606.305 -19.9999 0.000146006 -606.305 19.9999 0.000146006 -517.934 19.9999 0.000146006
  poly 4: -767.934 19.9999 39.9999 -767.934 -19.9999 39.9999 -856.305 -19.9999 39.9999 -856.305 19.9999 39.9999 -767.934 19.9999 39.9999
  poly 5: -767.934 19.9999 0.000146006 -767.934 -19.9999 0.000146006 -856.305 -19.9999 0.000146006 -856.305 19.9999 0.000146006 -767.934 19.9999 0.000146006
  poly 6: -1017.93 19.9999 39.9999 -1017.93 -19.9999 39.9999 -1106.31 -19.9999 39.9999 -1106.31 19.9999 39.9999 -1017.93 19.9999 39.9999
  poly 7: -1017.93 19.9999 0.000146006 -1017.93 -19.9999 0.000146006 -1106.31 -19.9999 0.000146006 -1106.31 19.9999 0.000146006 -1017.93 19.9999 0.000146006
  poly 8: -1187.12 -193.818 40 -187.12 -193.818 40 -187.12 193.818 40 -1187.12 193.818 40 -1187.12 -193.818 40
  poly 9: -1187.12 -193.818 0 -187.12 -193.818 0 -187.12 193.818 0 -1187.12 193.818 0 -1187.12 -193.818 0
element 3
  poly 0: -1187.12 20 39.9999 -1187.12 20 427.636 -187.12 20 427.636 -187.12 20 39.9999 -247.004 19.9999 39.9999 -247.004 19.9999 156.278 -267.934 19.9999 156.278 -267.934 19.9999 20.9302 -278.399 19.9999 20.9302 -278.399 19.9999 0.000146006 -264.446 19.9999 0.000146006 -264.446 19.9999 -4.15549 -270.259 19.9999 -20.4316 -301.655 19.9999 -20.4316 -301.655 19.9999 156.278 -322.585 19.9999 156.278 -322.585 19.9999 -20.4316 -353.98 19.9999 -20.4316 -359.794 19.9999 -4.15549 -359.794 19.9999 0.000146006 -345.84 19.9999 0.000146006 -345.84 19.9999 20.9302 -356.305 19.9999 20.9302 -356.305 19.9999 156.278 -377.235 19.9999 156.278 -377.235 19.9999 39.9999 -497.004 19.9999 39.9999 -497.004 19.9999 156.278 -517.934 19.9999 156.278 -517.934 19.9999 20.9302 -528.399 19.9999 20.9302 -528.399 19.9999 0.000146006 -514.446 19.9999 0.000146006 -514.446 19.9999 -4.15549 -520.259 19.9999 -20.4316 -551.655 19.9999 -20.4316 -551.655 19.9999 156.278 -572.585 19.9999 156.278 -572.585 19.9999 -20.4316 -603.98 19.9999 -20.4316 -609.794 19.9999 -4.15549 -609.794 19.9999 0.000146006 -595.84 19.9999 0.000146006 -595.84 19.9999 20.9302 -606.305 19.9999 20.9302 -606.305 19.9999 156.278 -627.235 19.9999 156.278 -627.235 19.9999 39.9999 -747.004 19.9999 39.9999 -747.004 19.9999 156.278 -767.934 19.9999 156.278 -767.934 19.9999 20.9302 -778.399 19.9999 20.9302 -778.399 19.9999 0.000146006 -764.446 19.9999 0.000146006 -764.446 19.9999 -4.15549 -770.259 19.9999 -20.4316 -801.655 19.9999 -20.4316 -801.655 19.9999 156.278 -822.585 19.9999 156.278 -822.585 19.9999 -20.4316 -853.98 19.9999 -20.4316 -859.794 19.9999 -4.15549 -859.794 19.9999 0.000146006 -845.84 19.9999 0.000146006 -845.84 19.9999 20.9302 -856.305 19.9999 20.9302 -856.305 19.9999 156.278 -877.235 19.9999 156.278 -877.235 19.9999 39.9999 -997.004 19.9999 39.9999 -997.004 19.9999 156.278 -1017.93 19.9999 156.278 -1017.93 19.9999 20.9302 -1028.4 19.9999 20.9302 -1028.4 19.9999 0.000146006 -1014.45 19.9999 0.000146006 -1014.45 19.9999 -4.15549 -1020.26 19.9999 -20.4316 -1051.65 19.9999 -20.4316 -1051.65 19.9999 156.278 -1072.58 19.9999 156.278 -1072.58 19.9999 -20.4316 -1103.98 19.9999 -20.4316 -1109.79 19.9999 -4.15549 -1109.79 19.9999 0.000146006 -1095.84 19.9999 0.000146006 -1095.84 19.9999 20.9302 -1106.31 19.9999 20.9302 -1106.31 19.9999 156.278 -1127.24 19.9999 156.278 -1127.24 19.9999 39.9999 -1187.12 20 39.9999
  poly 1: -1187.12 -20 39.9999 -1187.12 -20 427.636 -187.12 -20 427.636 -187.12 -20 39.9999 -247.004 -19.9999 39.9999 -247.004 -19.9999 156.278 -267.934 -19.9999 156.278 -267.934 -19.9999 20.9302 -278.399 -19.9999 20.9302 -278.399 -19.9999 0.000146006 -264.446 -19.9999 0.000146006 -264.446 -19.9999 -4.15549 -270.259 -19.9999 -20.4316 -301.655 -19.9999 -20.4316 -301.655 -19.9999 156.278 -322.585 -19.9999 156.278 -322.585 -19.9999 -20.4316 -353.98 -19.9999 -20.4316 -359.794 -19.9999 -4.15549 -359.794 -19.9999 0.000146006 -345.84 -19.9999 0.000146006 -345.84 -19.9999 20.9302 -356.305 -19.9999 20.9302 -356.305 -19.9999 156.278 -377.235 -19.9999 156.278 -377.235 -19.9999 39.9999 -497.004 -19.9999 39.9999 -497.004 -19.9999 156.278 -517.934 -19.9999 156.278 -517.934 -19.9999 20.9302 -528.399 -19.9999 20.9302 -528.399 -19.9999 0.000146006 -514.446 -19.9999 0.000146006 -514.446 -19.9999 -4.15549 -520.259 -19.9999 -20.4316 -551.655 -19.9999 -20.4316 -551.655 -19.9999 156.278 -572.585 -19.9999 156.278 -572.585 -19.9999 -20.4316 -603.98 -19.9999 -20.4316 -609.794 -19.9999 -4.15549 -609.794 -19.9999 0.000146006 -595.84 -19.9999 0.000146006 -595.84 -19.9999 20.9302 -606.305 -19.9999 20.9302 -606.305 -19.9999 156.278 -627.235 -19.9999 156.278 -627.235 -19.9999 39.9999 -747.004 -19.9999 39.9999 -747.004 -19.9999 156.278 -767.934 -19.9999 156.278 -767.934 -19.9999 20.9302 -778.399 -19.9999 20.9302 -778.399 -19.9999 0.000146006 -764.446 -19.9999 0.000146006 -764.446 -19.9999 -4.15549 -770.259 -19.9999 -20.4316 -801.655 -19.9999 -20.4316 -801.655 -19.9999 156.278 -822.585 -19.9999 156.278 -822.585 -19.9999 -20.4316 -853.98 -19.9999 -20.4316 -859.794 -19.9999 -4.15549 -859.794 -19.9999 0.000146006 -845.84 -19.9999 0.000146006 -845.84 -19.9999 20.9302 -856.305 -19.9999 20.9302 -856.305 -19.9999 156.278 -877.235 -19.9999 156.278 -877.235 -19.9999 39.9999 -997.004 -19.9999 39.9999 -997.004 -19.9999 156.278 -1017.93 -19.9999 156.278 -1017.93 -19.9999 20.9302 -1028.4 -19.9999 20.9302 -1028.4 -19.9999 0.000146006 -1014.45 -19.9999 0.000146006 -1014.45 -19.9999 -4.15549 -1020.26 -19.9999 -20.4316 -1051.65 -19.9999 -20.4316 -1051.65 -19.9999 156.278 -1072.58 -19.9999 156.278 -1072.58 -19.9999 -20.4316 -1103.98 -19.9999 -20.4316 -1109.79 -19.9999 -4.15549 -1109.79 -19.9999 0.000146006 -1095.84 -19.9999 0.000146006 -1095.84 -19.9999 20.9302 -1106.31 -19.9999 20.9302 -1106.31 -19.9999 156.278 -1127.24 -19.9999 156.278 -1127.24 -19.9999 39.9999 -1187.12 -20 39.9999
element 4
  poly 0: -1187.12 798.367 39.9999 -1187.12 598.775 385.703 -187.12 598.775 385.703 -187.12 798.367 39.9999 -238.763 798.367 39.9999 -238.763 731.234 156.278 -262.833 731.234 156.278 -262.833 809.377 20.9302 -274.867 809.377 20.9302 -274.867 821.461 0.000146006 -258.821 821.461 0.000146006 -258.821 823.86 -4.15549 -265.507 833.257 -20.4316 -301.611 833.257 -20.4316 -301.611 731.234 156.278 -325.681 731.234 156.278 -325.681 833.257 -20.4316 -361.785 833.257 -20.4316 -368.471 823.86 -4.15549 -368.471 821.461 0.000146006 -352.425 821.461 0.000146006 -352.425 809.377 20.9302 -364.46 809.377 20.9302 -364.46 731.234 156.278 -388.529 731.234 156.278 -388.529 798.367 39.9999 -487.745 798.367 39.9999 -487.745 731.234 156.278 -511.815 731.234 156.278 -511.815 809.377 20.9302 -523.85 809.377 20.9302 -523.85 821.461 0.000146006 -507.803 821.461 0.000146006 -507.803 823.86 -4.15549 -514.489 833.257 -20.4316 -550.594 833.257 -20.4316 -550.594 731.234 156.278 -574.663 731.234 156.278 -574.663 833.257 -20.4316 -610.768 833.257 -20.4316 -617.454 823.86 -4.15549 -617.454 821.461 0.000146006 -601.407 821.461 0.000146006 -601.407 809.377 20.9302 -613.442 809.377 20.9302 -613.442 731.234 156.278 -637.512 731.234 156.278 -637.512 798.367 39.9999 -736.728 798.367 39.9999 -736.728 731.234 156.278 -760.797 731.234 156.278 -760.797 809.377 20.9302 -772.832 809.377 20.9302 -772.832 821.461 0.000146006 -756.786 821.461 0.000146006 -756.786 823.86 -4.15549 -763.472 833.257 -20.4316 -799.576 833.257 -20.4316 -799.576 731.234 156.278 -823.646 731.234 156.278 -823.646 833.257 -20.4316 -859.75 833.257 -20.4316 -866.436 823.86 -4.15549 -866.436 821.461 0.000146006 -850.39 821.461 0.000146006 -850.39 809.377 20.9302 -862.424 809.377 20.9302 -862.424 731.234 156.278 -886.494 731.234 156.278 -886.494 798.367 39.9999 -985.71 798.367 39.9999 -985.71 731.234 156.278 -1009.78 731.234 156.278 -1009.78 809.377 20.9302 -1021.81 809.377 20.9302 -1021.81 821.461 0.000146006 -1005.77 821.461 0.000146006 -1005.77 823.86 -4.15549 -1012.45 833.257 -20.4316 -1048.56 833.257 -20.4316 -1048.56 731.234 156.278 -1072.63 731.234 156.278 -1072.63 833.257 -20.4316 -1108.73 833.257 -20.4316 -1115.42 823.86 -4.15549 -1115.42 821.461 0.000146006 -1099.37 821.461 0.000146006 -1099.37 809.377 20.9302 -1111.41 809.377 20.9302 -1111.41 731.234 156.278 -1135.48 731.234 156.278 -1135.48 798.367 39.9999 -1187.12 798.367 39.9999
  poly 1: -1187.12 752.179 39.9999 -1187.12 564.134 365.703 -187.12 564.134 365.703 -187.12 752.179 39.9999 -238.763 752.179 39.9999 -238.763 685.046 156.278 -262.833 685.046 156.278 -262.833 763.189 20.9302 -274.867 763.189 20.9302 -274.867 775.273 0.000146006 -258.821 775.273 0.000146006 -258.821 777.672 -4.15549 -265.507 787.069 -20.4316 -301.611 787.069 -20.4316 -301.611 685.046 156.278 -325.681 685.046 156.278 -325.681 787.069 -20.4316 -361.785 787.069 -20.4316 -368.471 777.672 -4.15549 -368.471 775.273 0.000146006 -352.425 775.273 0.000146006 -352.425 763.189 20.9302 -364.46 763.189 20.9302 -364.46 685.046 156.278 -388.529 685.046 156.278 -388.529 752.179 39.9999 -487.745 752.179 39.9999 -487.745 685.046 156.278 -511.815 685.046 156.278 -511.815 763.189 20.9302 -523.85 763.189 20.9302 -523.85 775.273 0.000146006 -507.803 775.273 0.000146006 -507.803 777.672 -4.15549 -514.489 787.069 -20.4316 -550.594 787.069 -20.4316 -550.594 685.046 156.278 -574.663 685.046 156.278 -574.663 787.069 -20.4316 -610.768 787.069 -20.4316 -617.454 777.672 -4.15549 -617.454 775.273 0.000146006 -601.407 775.273 0.000146006 -601.407 763.189 20.9302 -613.442 763.189 20.9302 -613.442 685.046 156.278 -637.512 685.046 156.278 -637.512 752.179 39.9999 -736.728 752.179 39.9999 -736.728 685.046 156.278 -760.797 685.046 156.278 -760.797 763.189 20.9302 -772.832 763.189 20.9302 -772.832 775.273 0.000146006 -756.786 775.273 0.000146006 -756.786 777.672 -4.15549 -763.472 787.069 -20.4316 -799.576 787.069 -20.4316 -799.576 685.046 156.278 -823.646 685.046 156.278 -823.646 787.069 -20.4316 -859.75 787.069 -20.4316 -866.436 777.672 -4.15549 -866.436 775.273 0.000146006 -850.39 775.273 0.000146006 -850.39 763.189 20.9302 -862.424 763.189 20.9302 -862.424 685.046 156.278 -886.494 685.046 156.278 -886.494 752.179 39.9999 -985.71 752.179 39.9999 -985.71 685.046 156.278 -1009.78 685.046 156.278 -1009.78 763.189 20.9302 -1021.81 763.189 20.9302 -1021.81 775.273 0.000146006 -1005.77 775.273 0.000146006 -1005.77 777.672 -4.15549 -1012.45 787.069 -20.4316 -1048.56 787.069 -20.4316 -1048.56 685.046 156.278 -1072.63 685.046 156.278 -1072.63 787.069 -20.4316 -1108.73 787.069 -20.4316 -1115.42 777.672 -4.15549 -1115.42 775.273 0.000146006 -1099.37 775.273 0.000146006 -1099.37 763.189 20.9302 -1111.41 763.189 20.9302 -1111.41 685.046 156.278 -1135.48 685.046 156.278 -1135.48 752.179 39.9999 -1187.12 752.179 39.9999
element 5
  poly 0: -1111.41 798.367 39.9999 -1009.78 798.367 39.9999 -1009.78 752.179 39.9999 -1111.41 752.179 39.9999 -1111.41 798.367 39.9999
  poly 1: -1111.41 821.461 0.000146006 -1009.78 821.461 0.000146006 -1009.78 775.273 0.000146006 -1111.41 775.273 0.000146006 -1111.41 821.461 0.000146006
  poly 2: -862.424 798.367 39.9999 -760.797 798.367 39.9999 -760.797 752.179 39.9999 -862.424 752.179 39.9999 -862.424 798.367 39.9999
  poly 3: -862.424 821.461 0.000146006 -760.797 821.461 0.000146006 -760.797 775.273 0.000146006 -862.424 775.273 0.000146006 -862.424 821.461 0.000146006
  poly 4: -613.442 798.367 39.9999 -511.815 798.367 39.9999 -511.815 752.179 39.9999 -613.442 752.179 39.9999 -613.442 798.367 39.9999
  poly 5: -613.442 821.461 0.000146006 -511.815 821.461 0.000146006 -511.815 775.273 0.000146006 -613.442 775.273 0.000146006 -613.442 821.461 0.000146006
  poly 6: -364.46 798.367 39.9999 -262.833 798.367 39.9999 -262.833 752.179 39.9999 -364.46 752.179 39.9999 -364.46 798.367 39.9999
  poly 7: -364.46 821.461 0.000146006 -262.833 821.461 0.000146006 -262.833 775.273 0.000146006 -364.46 775.273 0.000146006 -364.46 821.461 0.000146006
  poly 8: -1187.12 581.455 40 -187.12 581.455 40 -187.12 969.091 40 -1187.12 969.091 40 -1187.12 581.455 40
  poly 9: -1187.12 581.455 0 -187.12 581.455 0 -187.12 969.091 0 -1187.12 969.091 0 -1187.12 581.455 0
element 6
  poly 0: 541.663 -752.179 39.9999 541.663 -798.367 39.9999 440.036 -798.367 39.9999 440.036 -752.179 39.9999 541.663 -752.179 39.9999
  poly 1: 541.663 -775.273 0.000146006 541.663 -821.461 0.000146006 440.036 -821.461 0.000146006 440.036 -775.273 0.000146006 541.663 -775.273 0.000146006
  poly 2: 348.634 -752.179 39.9999 348.634 -798.367 39.9999 247.007 -798.367 39.9999 247.007 -752.179 39.9999 348.634 -752.179 39.9999
  poly 3: 348.634 -775.273 0.000146006 348.634 -821.461 0.000146006 247.007 -821.461 0.000146006 247.007 -775.273 0.000146006 348.634 -775.273 0.000146006
  poly 4: 200.517 -969.091 40 588.153 -969.091 40 588.153 -581.455 40 200.517 -581.455 40 200.517 -969.091 40
  poly 5: 200.517 -969.091 0 588.153 -969.091 0 588.153 -581.455 0 200.517 -581.455 0 200.517 -969.091 0
element 7
  poly 0: 200.517 -752.179 39.9999 200.517 -564.134 365.703 588.153 -564.134 365.703 588.153 -752.179 39.9999 565.733 -752.179 39.9999 565.733 -685.046 156.278 541.663 -685.046 156.278 541.663 -763.189 20.9302 529.628 -763.189 20.9302 529.628 -775.273 0.000146006 545.675 -775.273 0.000146006 545.675 -777.672 -4.15549 538.989 -787.069 -20.4316 502.885 -787.069 -20.4316 502.885 -685.046 156.278 478.815 -685.046 156.278 478.815 -787.069 -20.4316 442.711 -787.069 -20.4316 436.025 -777.672 -4.15549 436.025 -775.273 0.000146006 452.071 -775.273 0.000146006 452.071 -763.189 20.9302 440.036 -763.189 20.9302 440.036 -685.046 156.278 415.967 -685.046 156.278 415.967 -752.179 39.9999 372.704 -752.179 39.9999 372.704 -685.046 156.278 348.634 -685.046 156.278 348.634 -763.189 20.9302 336.599 -763.189 20.9302 336.599 -775.273 0.000146006 352.646 -775.273 0.000146006 352.646 -777.672 -4.15549 345.96 -787.069 -20.4316 309.855 -787.069 -20.4316 309.855 -685.046 156.278 285.786 -685.046 156.278 285.786 -787.069 -20.4316 249.681 -787.069 -20.4316 242.995 -777.672 -4.15549 242.995 -775.273 0.000146006 259.042 -775.273 0.000146006 259.042 -763.189 20.9302 247.007 -763.189 20.9302 247.007 -685.046 156.278 222.937 -685.046 156.278 222.937 -752.179 39.9999 200.517 -752.179 39.9999
  poly 1: 200.517 -798.367 39.9999 200.517 -598.775 385.703 588.153 -598.775 385.703 588.153 -798.367 39.9999 565.733 -798.367 39.9999 565.733 -731.234 156.278 541.663 -731.234 156.278 541.663 -809.377 20.9302 529.628 -809.377 20.9302 529.628 -821.461 0.000146006 545.675 -821.461 0.000146006 545.675 -823.86 -4.15549 538.989 -833.257 -20.4316 502.885 -833.257 -20.4316 502.885 -731.234 156.278 478.815 -731.234 156.278 478.815 -833.257 -20.4316 442.711 -833.257 -20.4316 436.025 -823.86 -4.15549 436.025 -821.461 0.000146006 452.071 -821.461 0.000146006 452.071 -809.377 20.9302 440.036 -809.377 20.9302 440.036 -731.234 156.278 415.967 -731.234 156.278 415.967 -798.367 39.9999 372.704 -798.367 39.9999 372.704 -731.234 156.278 348.634 -731.234 156.278 348.634 -809.377 20.9302 336.599 -809.377 20.9302 336.599 -821.461 0.000146006 352.646 -821.461 0.000146006 352.646 -823.86 -4.15549 345.96 -833.257 -20.4316 309.855 -833.257 -20.4316 309.855 -731.234 156.278 285.786 -731.234 156.278 285.786 -833.257 -20.4316 249.681 -833.257 -20.4316 242.995 -823.86 -4.15549 242.995 -821.461 0.000146006 259.042 -821.461 0.000146006 259.042 -809.377 20.9302 247.007 -809.377 20.9302 247.007 -731.234 156.278 222.937 -731.234 156.278 222.937 -798.367 39.9999 200.517 -798.367 39.9999
element 8
  poly 0: 535.43 19.9999 39.9999 535.43 -19.9999 39.9999 447.058 -19.9999 39.9999 447.058 19.9999 39.9999 535.43 19.9999 39.9999
  poly 1: 535.43 19.9999 0.000146006 535.43 -19.9999 0.000146006 447.058 -19.9999 0.000146006 447.058 19.9999 0.000146006 535.43 19.9999 0.000146006
  poly 2: 341.612 19.9999 39.9999 341.612 -19.9999 39.9999 253.24 -19.9999 39.9999 253.24 19.9999 39.9999 341.612 19.9999 39.9999
  poly 3: 341.612 19.9999 0.000146006 341.612 -19.9999 0.000146006 253.24 -19.9999 0.000146006 253.24 19.9999 0.000146006 341.612 19.9999 0.000146006
  poly 4: 200.517 -193.818 40 588.153 -193.818 40 588.153 193.818 40 200.517 193.818 40 200.517 -193.818 40
  poly 5: 200.517 -193.818 0 588.153 -193.818 0 588.153 193.818 0 200.517 193.818 0 200.517 -193.818 0
element 9
  poly 0: 200.517 20 39.9999 200.517 20 427.636 588.153 20 427.636 588.153 20 39.9999 556.36 19.9999 39.9999 556.36 19.9999 156.278 535.43 19.9999 156.278 535.43 19.9999 20.9302 524.965 19.9999 20.9302 524.965 19.9999 0.000146006 538.918 19.9999 0.000146006 538.918 19.9999 -4.15549 533.104 19.9999 -20.4316 501.709 19.9999 -20.4316 501.709 19.9999 156.278 480.779 19.9999 156.278 480.779 19.9999 -20.4316 449.384 19.9999 -20.4316 443.57 19.9999 -4.15549 443.57 19.9999 0.000146006 457.524 19.9999 0.000146006 457.524 19.9999 20.9302 447.058 19.9999 20.9302 447.058 19.9999 156.278 426.128 19.9999 156.278 426.128 19.9999 39.9999 362.542 19.9999 39.9999 362.542 19.9999 156.278 341.612 19.9999 156.278 341.612 19.9999 20.9302 331.147 19.9999 20.9302 331.147 19.9999 0.000146006 345.1 19.9999 0.000146006 345.1 19.9999 -4.15549 339.286 19.9999 -20.4316 307.891 19.9999 -20.4316 307.891 19.9999 156.278 286.961 19.9999 156.278 286.961 19.9999 -20.4316 255.566 19.9999 -20.4316 249.752 19.9999 -4.15549 249.752 19.9999 0.000146006 263.705 19.9999 0.000146006 263.705 19.9999 20.9302 253.24 19.9999 20.9302 253.24 19.9999 156.278 232.31 19.9999 156.278 232.31 19.9999 39.9999 200.517 20 39.9999
  poly 1: 200.517 -20 39.9999 200.517 -20 427.636 588.153 -20 427.636 588.153 -20 39.9999 556.36 -19.9999 39.9999 556.36 -19.9999 156.278 535.43 -19.9999 156.278 535.43 -19.9999 20.9302 524.965 -19.9999 20.9302 524.965 -19.9999 0.000146006 538.918 -19.9999 0.000146006 538.918 -19.9999 -4.15549 533.104 -19.9999 -20.4316 501.709 -19.9999 -20.4316 501.709 -19.9999 156.278 480.779 -19.9999 156.278 480.779 -19.9999 -20.4316 449.384 -19.9999 -20.4316 443.57 -19.9999 -4.15549 443.57 -19.9999 0.000146006 457.524 -19.9999 0.000146006 457.524 -19.9999 20.9302 447.058 -19.9999 20.9302 447.058 -19.9999 156.278 426.128 -19.9999 156.278 426.128 -19.9999 39.9999 362.542 -19.9999 39.9999 362.542 -19.9999 156.278 341.612 -19.9999 156.278 341.612 -19.9999 20.9302 331.147 -19.9999 20.9302 331.147 -19.9999 0.000146006 345.1 -19.9999 0.000146006 345.1 -19.9999 -4.15549 339.286 -19.9999 -20.4316 307.891 -19.9999 -20.4316 307.891 -19.9999 156.278 286.961 -19.9999 156.278 286.961 -19.9999 -20.4316 255.566 -19.9999 -20.4316 249.752 -19.9999 -4.15549 249.752 -19.9999 0.000146006 263.705 -19.9999 0.000146006 263.705 -19.9999 20.9302 253.24 -19.9999 20.9302 253.24 -19.9999 156.278 232.31 -19.9999 156.278 232.31 -19.9999 39.9999 200.517 -20 39.9999
element 10
  poly 0: 200.517 798.367 39.9999 200.517 598.775 385.703 588.153 598.775 385.703 588.153 798.367 39.9999 565.733 798.367 39.9999 565.733 731.234 156.278 541.663 731.234 156.278 541.663 809.377 20.9302 529.628 809.377 20.9302 529.628 821.461 0.000146006 545.675 821.461 0.000146006 545.675 823.86 -4.15549 538.989 833.257 -20.4316 502.885 833.257 -20.4316 502.885 731.234 156.278 478.815 731.234 156.278 478.815 833.257 -20.4316 442.711 833.257 -20.4316 436.025 823.86 -4.15549 436.025 821.461 0.000146006 452.071 821.461 0.000146006 452.071 809.377 20.9302 440.036 809.377 20.9302 440.036 731.234 156.278 415.967 731.234 156.278 415.967 798.367 39.9999 372.704 798.367 39.9999 372.704 731.234 156.278 348.634 731.234 156.278 348.634 809.377 20.9302 336.599 809.377 20.9302 336.599 821.461 0.000146006 352.646 821.461 0.000146006 352.646 823.86 -4.15549 345.96 833.257 -20.4316 309.855 833.257 -20.4316 309.855 731.234 156.278 285.786 731.234 156.278 285.786 833.257 -20.4316 249.681 833.257 -20.4316 242.995 823.86 -4.15549 242.995 821.461 0.000146006 259.042 821.461 0.000146006 259.042 809.377 20.9302 247.007 809.377 20.9302 247.007 731.234 156.278 222.937 731.234 156.278 222.937 798.367 39.9999 200.517 798.367 39.9999
  poly 1: 200.517 752.179 39.9999 200.517 564.134 365.703 588.153 564.134 365.703 588.153 752.179 39.9999 565.733 752.179 39.9999 565.733 685.046 156.278 541.663 685.046 156.278 541.663 763.189 20.9302 529.628 763.189 20.9302 529.628 775.273 0.000146006 545.675 775.273 0.000146006 545.675 777.672 -4.15549 538.989 787.069 -20.4316 502.885 787.069 -20.4316 502.885 685.046 156.278 478.815 685.046 156.278 478.815 787.069 -20.4316 442.711 787.069 -20.4316 436.025 777.672 -4.15549 436.025 775.273 0.000146006 452.071 775.273 0.000146006 452.071 763.189 20.9302 440.036 763.189 20.9302 440.036 685.046 156.278 415.967 685.046 156.278 415.967 752.179 39.9999 372.704 752.179 39.9999 372.704 685.046 156.278 348.634 685.046 156.278 348.634 763.189 20.9302 336.599 763.189 20.9302 336.599 775.273 0.000146006 352.646 775.273 0.000146006 352.646 777.672 -4.15549 345.96 787.069 -20.4316 309.855 787.069 -20.4316 309.855 685.046 156.278 285.786 685.046 156.278 285.786 787.069 -20.4316 249.681 787.069 -20.4316 242.995 777.672 -4.15549 242.995 775.273 0.000146006 259.042 775.273 0.000146006 259.042 763.189 20.9302 247.007 763.189 20.9302 247.007 685.046 156.278 222.937 685.046 156.278 222.937 752.179 39.9999 200.517 752.179 39.9999
element 11
  poly 0: 247.007 798.367 39.9999 348.634 798.367 39.9999 348.634 752.179 39.9999 247.007 752.179 39.9999 247.007 798.367 39.9999
  poly 1: 247.007 821.461 0.000146006 348.634 821.461 0.000146006 348.634 775.273 0.000146006 247.007 775.273 0.000146006 247.007 821.461 0.000146006
  poly 2: 440.036 798.367 39.9999 541.663 798.367 39.9999 541.663 752.179 39.9999 440.036 752.179 39.9999 440.036 798.367 39.9999
  poly 3: 440.036 821.461 0.000146006 541.663 821.461 0.000146006 541.663 775.273 0.000146006 440.036 775.273 0.000146006 440.036 821.461 0.000146006
  poly 4: 200.517 581.455 40 588.153 581.455 40 588.153 969.091 40 200.517 969.091 40 200.517 581.455 40
  poly 5: 200.517 581.455 0 588.153 581.455 0 588.153 969.091 0 200.517 969.091 0 200.517 581.455 0
element 12
  poly 0: 1320.97 -853.565 39.9999 1294.38 -891.335 39.9999 1211.28 -832.842 39.9999 1237.86 -795.072 39.9999 1320.97 -853.565 39.9999
  poly 1: 1307.68 -872.45 0.000146006 1281.09 -910.22 0.000146006 1197.99 -851.727 0.000146006 1224.57 -813.957 0.000146006 1307.68 -872.45 0.000146006
  poly 2: 1127.94 -717.704 39.9999 1101.35 -755.474 39.9999 1018.25 -696.981 39.9999 1044.83 -659.211 39.9999 1127.94 -717.704 39.9999
  poly 3: 1114.65 -736.589 0.000146006 1088.06 -774.359 0.000146006 1004.96 -715.866 0.000146006 1031.54 -678.096 0.000146006 1114.65 -736.589 0.000146006
  poly 4: 975.79 -969.091 40 1363.43 -969.091 40 1363.43 -581.455 40 975.79 -581.455 40 975.79 -969.091 40
  poly 5: 975.79 -969.091 0 1363.43 -969.091 0 1363.43 -581.455 0 975.79 -581.455 0 975.79 -969.091 0
element 13
  poly 0: 975.79 -610.616 39.9999 1084.02 -456.841 365.703 1471.66 -729.674 365.703 1363.43 -883.449 39.9999 1340.65 -867.419 39.9999 1379.29 -812.52 156.278 1359.61 -798.666 156.278 1314.63 -862.568 20.9302 1304.79 -855.642 20.9302 1297.83 -865.523 0.000146006 1310.96 -874.759 0.000146006 1309.58 -876.721 -4.15549 1298.7 -880.557 -20.4316 1269.17 -859.777 -20.4316 1327.9 -776.347 156.278 1308.21 -762.493 156.278 1249.49 -845.923 -20.4316 1219.97 -825.143 -20.4316 1219.91 -813.61 -4.15549 1221.29 -811.648 0.000146006 1234.41 -820.884 0.000146006 1241.37 -811.002 20.9302 1231.52 -804.075 20.9302 1276.5 -740.173 156.278 1256.82 -726.32 156.278 1218.18 -781.218 39.9999 1147.62 -731.558 39.9999 1186.26 -676.659 156.278 1166.58 -662.805 156.278 1121.6 -726.707 20.9302 1111.76 -719.781 20.9302 1104.8 -729.662 0.000146006 1117.93 -738.898 0.000146006 1116.55 -740.86 -4.15549 1105.67 -744.696 -20.4316 1076.15 -723.916 -20.4316 1134.87 -640.486 156.278 1115.18 -626.632 156.278 1056.46 -710.062 -20.4316 1026.94 -689.282 -20.4316 1026.88 -677.749 -4.15549 1028.26 -675.787 0.000146006 1041.38 -685.023 0.000146006 1048.34 -675.141 20.9302 1038.5 -668.214 20.9302 1083.47 -604.312 156.278 1063.79 -590.459 156.278 1025.15 -645.357 39.9999 975.79 -610.616 39.9999
  poly 1: 975.79 -667.097 39.9999 1090.67 -503.88 385.703 1478.3 -776.713 385.703 1363.43 -939.93 39.9999 1314.07 -905.189 39.9999 1352.71 -850.29 156.278 1333.02 -836.437 156.278 1288.05 -900.339 20.9302 1278.21 -893.412 20.9302 1271.25 -903.294 0.000146006 1284.37 -912.529 0.000146006 1282.99 -914.491 -4.15549 1272.12 -918.328 -20.4316 1242.59 -897.547 -20.4316 1301.31 -814.117 156.278 1281.63 -800.263 156.278 1222.91 -883.693 -20.4316 1193.38 -862.913 -20.4316 1193.32 -851.38 -4.15549 1194.7 -849.418 0.000146006 1207.83 -858.654 0.000146006 1214.78 -848.772 20.9302 1204.94 -841.845 20.9302 1249.92 -777.944 156.278 1230.23 -764.09 156.278 1191.59 -818.988 39.9999 1121.04 -769.328 39.9999 1159.68 -714.429 156.278 1139.99 -700.576 156.278 1095.02 -764.478 20.9302 1085.18 -757.551 20.9302 1078.22 -767.432 0.000146006 1091.34 -776.668 0.000146006 1089.96 -778.63 -4.15549 1079.09 -782.467 -20.4316 1049.56 -761.686 -20.4316 1108.28 -678.256 156.278 1088.6 -664.402 156.278 1029.88 -747.832 -20.4316 1000.35 -727.052 -20.4316 1000.29 -715.519 -4.15549 1001.68 -713.557 0.000146006 1014.8 -722.793 0.000146006 1021.75 -712.911 20.9302 1011.91 -705.984 20.9302 1056.89 -642.082 156.278 1037.2 -628.229 156.278 998.565 -683.127 39.9999 975.79 -667.097 39.9999
element 14
  poly 0: 1314.16 -77.285 39.9999 1291.14 -109.995 39.9999 1218.87 -59.1314 39.9999 1241.9 -26.4214 39.9999 1314.16 -77.285 39.9999
  poly 1: 1314.16 -77.285 0.000146006 1291.14 -109.995 0.000146006 1218.87 -59.1314 0.000146006 1241.9 -26.4214 0.000146006 1314.16 -77.285 0.000146006
  poly 2: 1120.34 59.1314 39.9999 1097.32 26.4214 39.9999 1025.05 77.285 39.9999 1048.08 109.995 39.9999 1120.34 59.1314 39.9999
  poly 3: 1120.34 59.1314 0.000146006 1097.32 26.4214 0.000146006 1025.05 77.285 0.000146006 1048.08 109.995 0.000146006 1120.34 59.1314 0.000146006
  poly 4: 975.79 -193.818 40 1363.43 -193.818 40 1363.43 193.818 40 975.79 193.818 40 975.79 -193.818 40
  poly 5: 975.79 -193.818 0 1363.43 -193.818 0 1363.43 193.818 0 975.79 193.818 0 975.79 -193.818 0
element 15
  poly 0: 975.79 160.874 39.9999 975.79 160.874 427.636 1363.43 -111.959 427.636 1363.43 -111.959 39.9999 1331.28 -89.3317 39.9999 1331.28 -89.3317 156.278 1314.16 -77.285 156.278 1314.16 -77.285 20.9302 1305.6 -71.2617 20.9302 1305.6 -71.2617 0.000146006 1317.01 -79.2928 0.000146006 1317.01 -79.2928 -4.15549 1312.26 -75.9465 -20.4316 1286.59 -57.8765 -20.4316 1286.59 -57.8765 156.278 1269.47 -45.8299 156.278 1269.47 -45.8299 -20.4316 1243.8 -27.7599 -20.4316 1239.04 -24.4136 -4.15549 1239.04 -24.4136 0.000146006 1250.45 -32.4447 0.000146006 1250.45 -32.4447 20.9302 1241.9 -26.4214 20.9302 1241.9 -26.4214 156.278 1224.78 -14.3748 156.278 1224.78 -14.3748 39.9999 1137.46 47.0847 39.9999 1137.46 47.0847 156.278 1120.34 59.1314 156.278 1120.34 59.1314 20.9302 1111.79 65.1547 20.9302 1111.79 65.1547 0.000146006 1123.2 57.1236 0.000146006 1123.2 57.1236 -4.15549 1118.44 60.4699 -20.4316 1092.77 78.5399 -20.4316 1092.77 78.5399 156.278 1075.65 90.5865 156.278 1075.65 90.5865 -20.4316 1049.98 108.656 -20.4316 1045.22 112.003 -4.15549 1045.22 112.003 0.000146006 1056.63 103.972 0.000146006 1056.63 103.972 20.9302 1048.08 109.995 20.9302 1048.08 109.995 156.278 1030.96 122.042 156.278 1030.96 122.042 39.9999 975.79 160.874 39.9999
  poly 1: 975.79 111.959 39.9999 975.79 111.959 427.636 1363.43 -160.874 427.636 1363.43 -160.874 39.9999 1308.25 -122.042 39.9999 1308.25 -122.042 156.278 1291.14 -109.995 156.278 1291.14 -109.995 20.9302 1282.58 -103.972 20.9302 1282.58 -103.972 0.000146006 1293.99 -112.003 0.000146006 1293.99 -112.003 -4.15549 1289.24 -108.656 -20.4316 1263.56 -90.5865 -20.4316 1263.56 -90.5865 156.278 1246.45 -78.5399 156.278 1246.45 -78.5399 -20.4316 1220.77 -60.4699 -20.4316 1216.02 -57.1236 -4.15549 1216.02 -57.1236 0.000146006 1227.43 -65.1547 0.000146006 1227.43 -65.1547 20.9302 1218.87 -59.1314 20.9302 1218.87 -59.1314 156.278 1201.76 -47.0847 156.278 1201.76 -47.0847 39.9999 1114.44 14.3748 39.9999 1114.44 14.3748 156.278 1097.32 26.4214 156.278 1097.32 26.4214 20.9302 1088.76 32.4447 20.9302 1088.76 32.4447 0.000146006 1100.17 24.4136 0.000146006 1100.17 24.4136 -4.15549 1095.42 27.7599 -20.4316 1069.75 45.8299 -20.4316 1069.75 45.8299 156.278 1052.63 57.8765 156.278 1052.63 57.8765 -20.4316 1026.96 75.9465 -20.4316 1022.2 79.2928 -4.15549 1022.2 79.2928 0.000146006 1033.61 71.2617 0.000146006 1033.61 71.2617 20.9302 1025.05 77.285 20.9302 1025.05 77.285 156.278 1007.94 89.3317 156.278 1007.94 89.3317 39.9999 975.79 111.959 39.9999
element 16
  poly 0: 1320.97 696.981 39.9999 1294.38 659.211 39.9999 1211.28 717.704 39.9999 1237.86 755.474 39.9999 1320.97 696.981 39.9999
  poly 1: 1334.26 715.866 0.000146006 1307.68 678.096 0.000146006 1224.57 736.589 0.000146006 1251.15 774.359 0.000146006 1334.26 715.866 0.000146006
  poly 2: 1127.94 832.842 39.9999 1101.35 795.072 39.9999 1018.25 853.565 39.9999 1044.83 891.335 39.9999 1127.94 832.842 39.9999
  poly 3: 1141.23 851.727 0.000146006 1114.65 813.957 0.000146006 1031.54 872.45 0.000146006 1058.12 910.22 0.000146006 1141.23 851.727 0.000146006
  poly 4: 975.79 581.455 40 1363.43 581.455 40 1363.43 969.091 40 975.79 969.091 40 975.79 581.455 40
  poly 5: 975.79 581.455 0 1363.43 581.455 0 1363.43 969.091 0 975.79 969.091 0 975.79 581.455 0
element 17
  poly 0: 975.79 939.93 39.9999 860.912 776.713 385.703 1248.55 503.88 385.703 1363.43 667.097 39.9999 1340.65 683.127 39.9999 1302.01 628.229 156.278 1282.33 642.082 156.278 1327.3 705.984 20.9302 1317.46 712.911 20.9302 1324.42 722.793 0.000146006 1337.54 713.557 0.000146006 1338.92 715.519 -4.15549 1338.86 727.052 -20.4316 1309.34 747.832 -20.4316 1250.62 664.402 156.278 1230.93 678.256 156.278 1289.65 761.686 -20.4316 1260.13 782.467 -20.4316 1249.25 778.63 -4.15549 1247.87 776.668 0.000146006 1261 767.432 0.000146006 1254.04 757.551 20.9302 1244.2 764.478 20.9302 1199.22 700.576 156.278 1179.54 714.429 156.278 1218.18 769.328 39.9999 1147.62 818.988 39.9999 1108.98 764.09 156.278 1089.3 777.944 156.278 1134.28 841.845 20.9302 1124.43 848.772 20.9302 1131.39 858.654 0.000146006 1144.51 849.418 0.000146006 1145.89 851.38 -4.15549 1145.83 862.913 -20.4316 1116.31 883.693 -20.4316 1057.59 800.263 156.278 1037.9 814.117 156.278 1096.63 897.547 -20.4316 1067.1 918.328 -20.4316 1056.22 914.491 -4.15549 1054.84 912.529 0.000146006 1067.97 903.294 0.000146006 1061.01 893.412 20.9302 1051.17 900.339 20.9302 1006.19 836.437 156.278 986.51 850.29 156.278 1025.15 905.189 39.9999 975.79 939.93 39.9999
  poly 1: 975.79 883.449 39.9999 867.558 729.674 365.703 1255.19 456.841 365.703 1363.43 610.616 39.9999 1314.07 645.357 39.9999 1275.43 590.459 156.278 1255.74 604.312 156.278 1300.72 668.214 20.9302 1290.88 675.141 20.9302 1297.83 685.023 0.000146006 1310.96 675.787 0.000146006 1312.34 677.749 -4.15549 1312.28 689.282 -20.4316 1282.75 710.062 -20.4316 1224.03 626.632 156.278 1204.35 640.486 156.278 1263.07 723.916 -20.4316 1233.55 744.696 -20.4316 1222.67 740.86 -4.15549 1221.29 738.898 0.000146006 1234.41 729.662 0.000146006 1227.46 719.781 20.9302 1217.61 726.707 20.9302 1172.64 662.805 156.278 1152.95 676.659 156.278 1191.59 731.558 39.9999 1121.04 781.218 39.9999 1082.4 726.32 156.278 1062.71 740.173 156.278 1107.69 804.075 20.9302 1097.85 811.002 20.9302 1104.81 820.884 0.000146006 1117.93 811.648 0.000146006 1119.31 813.61 -4.15549 1119.25 825.143 -20.4316 1089.72 845.923 -20.4316 1031 762.493 156.278 1011.32 776.347 156.278 1070.04 859.777 -20.4316 1040.52 880.557 -20.4316 1029.64 876.721 -4.15549 1028.26 874.759 0.000146006 1041.38 865.523 0.000146006 1034.43 855.642 20.9302 1024.59 862.568 20.9302 979.609 798.666 156.278 959.926 812.52 156.278 998.565 867.419 39.9999 975.79 883.449 39.9999
