element 0
  poly 0: 384.813 384.813 384.813 384.813 288.363 288.363 359.073 301.233 275.493 359.073 108.991 83.2509 384.813 96.1209 96.1209 384.813 -96.1209 -96.1209 359.073 -83.2509 -108.991 359.073 -275.493 -301.233 384.813 -288.363 -288.363 384.813 -384.813 -384.813 288.363 -288.363 -384.813 301.233 -275.493 -359.073 108.991 -83.2509 -359.073 96.1209 -96.1209 -384.813 -96.1209 96.1209 -384.813 -83.2509 108.991 -359.073 -275.493 301.233 -359.073 -288.363 288.363 -384.813 -384.813 384.813 -384.813 -288.363 384.813 -288.363 -275.493 359.073 -301.233 -83.2509 359.073 -108.991 -96.1209 384.813 -96.1209 96.1209 384.813 96.1209 108.991 359.073 83.2509 301.233 359.073 275.493 288.363 384.813 288.363 384.813 384.813 384.813
  poly 1: 333.333 333.333 333.333 333.333 288.363 288.363 333.333 288.363 288.363 333.333 96.1209 96.1209 359.073 83.2509 108.991 359.073 -108.991 -83.2509 333.333 -96.1209 -96.1209 333.333 -288.363 -288.363 333.333 -288.363 -288.363 333.333 -333.333 -333.333 288.363 -288.363 -333.333 288.363 -288.363 -333.333 96.1209 -96.1209 -333.333 83.2509 -108.991 -359.073 -108.991 83.2509 -359.073 -96.1209 96.1209 -333.333 -288.363 288.363 -333.333 -288.363 288.363 -333.333 -333.333 333.333 -333.333 -288.363 333.333 -288.363 -288.363 333.333 -288.363 -96.1209 333.333 -96.1209 -108.991 359.073 -83.2509 83.2509 359.073 108.991 96.1209 333.333 96.1209 288.363 333.333 288.363 288.363 333.333 288.363 333.333 333.333 333.333
element 1
  poly 0: -384.813 384.813 -384.813 -288.363 288.363 -384.813 -288.363 288.363 -384.813 -96.1209 96.1209 -384.813 -108.991 83.2509 -359.073 83.2509 -108.991 -359.073 96.1209 -96.1209 -384.813 288.363 -288.363 -384.813 288.363 -288.363 -384.813 384.813 -384.813 -384.813 288.363 -384.813 -288.363 275.493 -359.073 -301.233 83.2509 -359.073 -108.991 96.1209 -384.813 -96.1209 -96.1209 -384.813 96.1209 -108.991 -359.073 83.2509 -301.233 -359.073 275.493 -288.363 -384.813 288.363 -384.813 -384.813 384.813 -384.813 -288.363 288.363 -359.073 -301.233 275.493 -359.073 -108.991 83.2509 -384.813 -96.1209 96.1209 -384.813 96.1209 -96.1209 -359.073 83.2509 -108.991 -359.073 275.493 -301.233 -384.813 288.363 -288.363 -384.813 384.813 -384.813
  poly 1: -333.333 333.333 -333.333 -288.363 288.363 -333.333 -275.493 301.233 -359.073 -83.2509 108.991 -359.073 -96.1209 96.1209 -333.333 96.1209 -96.1209 -333.333 108.991 -83.2509 -359.073 301.233 -275.493 -359.073 288.363 -288.363 -333.333 333.333 -333.333 -333.333 288.363 -333.333 -288.363 288.363 -333.333 -288.363 96.1209 -333.333 -96.1209 108.991 -359.073 -83.2509 -83.2509 -359.073 108.991 -96.1209 -333.333 96.1209 -288.363 -333.333 288.363 -288.363 -333.333 288.363 -333.333 -333.333 333.333 -333.333 -288.363 288.363 -333.333 -288.363 288.363 -333.333 -96.1209 96.1209 -359.073 -83.2509 108.991 -359.073 108.991 -83.2509 -333.333 96.1209 -96.1209 -333.333 288.363 -288.363 -333.333 288.363 -288.363 -333.333 333.333 -333.333
element 2
  poly 0: 384.813 384.813 384.813 288.363 384.813 288.363 288.363 384.813 288.363 96.1209 384.813 96.1209 83.2509 359.073 108.991 -108.991 359.073 -83.2509 -96.1209 384.813 -96.1209 -288.363 384.813 -288.363 -288.363 384.813 -288.363 -384.813 384.813 -384.813 -384.813 288.363 -288.363 -384.813 288.363 -288.363 -384.813 96.1209 -96.1209 -359.073 108.991 -83.2509 -359.073 -83.2509 108.991 -384.813 -96.1209 96.1209 -384.813 -288.363 288.363 -384.813 -288.363 288.363 -384.813 -384.813 384.813 -288.363 -288.363 384.813 -301.233 -275.493 359.073 -108.991 -83.2509 359.073 -96.1209 -96.1209 384.813 96.1209 96.1209 384.813 83.2509 108.991 359.073 275.493 301.233 359.073 288.363 288.363 384.813 384.813 384.813 384.813
  poly 1: 333.333 333.333 333.333 288.363 333.333 288.363 301.233 359.073 275.493 108.991 359.073 83.2509 96.1209 333.333 96.1209 -96.1209 333.333 -96.1209 -83.2509 359.073 -108.991 -275.493 359.073 -301.233 -288.363 333.333 -288.363 -333.333 333.333 -333.333 -333.333 288.363 -288.363 -359.073 275.493 -301.233 -359.073 83.2509 -108.991 -333.333 96.1209 -96.1209 -333.333 -96.1209 96.1209 -359.073 -108.991 83.2509 -359.073 -301.233 275.493 -333.333 -288.363 288.363 -333.333 -333.333 333.333 -288.363 -288.363 333.333 -288.363 -288.363 333.333 -96.1209 -96.1209 333.333 -83.2509 -108.991 359.073 108.991 83.2509 359.073 96.1209 96.1209 333.333 288.363 288.363 333.333 288.363 288.363 333.333 333.333 333.333 333.333
element 3
  poly 0: -384.813 -384.813 384.813 -288.363 -384.813 288.363 -288.363 -384.813 288.363 -96.1209 -384.813 96.1209 -83.2509 -359.073 108.991 108.991 -359.073 -83.2509 96.1209 -384.813 -96.1209 288.363 -384.813 -288.363 288.363 -384.813 -288.363 384.813 -384.813 -384.813 384.813 -288.363 -288.363 384.813 -288.363 -288.363 384.813 -96.1209 -96.1209 359.073 -108.991 -83.2509 359.073 83.2509 108.991 384.813 96.1209 96.1209 384.813 288.363 288.363 384.813 288.363 288.363 384.813 384.813 384.813 288.363 288.363 384.813 288.363 288.363 384.813 96.1209 96.1209 384.813 108.991 83.2509 359.073 -83.2509 -108.991 359.073 -96.1209 -96.1209 384.813 -288.363 -288.363 384.813 -288.363 -288.363 384.813 -384.813 -384.813 384.813
  poly 1: -333.333 -333.333 333.333 -288.363 -333.333 288.363 -301.233 -359.073 275.493 -108.991 -359.073 83.2509 -96.1209 -333.333 96.1209 96.1209 -333.333 -96.1209 83.2509 -359.073 -108.991 275.493 -359.073 -301.233 288.363 -333.333 -288.363 333.333 -333.333 -333.333 333.333 -288.363 -288.363 359.073 -275.493 -301.233 359.073 -83.2509 -108.991 333.333 -96.1209 -96.1209 333.333 96.1209 96.1209 359.073 108.991 83.2509 359.073 301.233 275.493 333.333 288.363 288.363 333.333 333.333 333.333 288.363 288.363 333.333 275.493 301.233 359.073 83.2509 108.991 359.073 96.1209 96.1209 333.333 -96.1209 -96.1209 333.333 -108.991 -83.2509 359.073 -301.233 -275.493 359.073 -288.363 -288.363 333.333 -333.333 -333.333 333.333
