element 0
  poly 0: -1988.69 -190.693 623.412 -2485.87 -190.693 623.412 -2485.87 -688.93 711.264 -2400.56 -688.93 711.264 -2400.56 -639.501 702.549 -2335.25 -639.501 702.549 -2335.25 -738.358 719.98 -2269.94 -738.358 719.98 -2269.94 -639.501 702.549 -2204.63 -639.501 702.549 -2204.63 -738.358 719.98 -2139.32 -738.358 719.98 -2139.32 -639.501 702.549 -2074.01 -639.501 702.549 -2074.01 -688.93 711.264 -1988.69 -688.93 711.264 -1988.69 -190.693 623.412
  poly 1: -1988.69 -208.058 524.931 -2485.87 -208.058 524.931 -2485.87 -697.678 611.264 -2400.56 -697.678 611.264 -2400.56 -648.25 602.549 -2335.25 -648.25 602.549 -2335.25 -747.107 619.98 -2269.94 -747.107 619.98 -2269.94 -648.25 602.549 -2204.63 -648.25 602.549 -2204.63 -747.107 619.98 -2139.32 -747.107 619.98 -2139.32 -648.25 602.549 -2074.01 -648.25 602.549 -2074.01 -697.678 611.264 -1988.69 -697.678 611.264 -1988.69 -208.058 524.931
element 1
  poly 0: -2485.87 -697.711 610.891 -2485.87 -1194.85 611.264 -1988.69 -1194.85 611.264 -1988.69 -697.711 610.891 -2074.01 -697.711 610.891 -2074.01 -647.527 610.816 -2139.32 -647.527 610.816 -2139.32 -747.895 610.967 -2204.63 -747.895 610.967 -2204.63 -647.527 610.816 -2269.94 -647.527 610.816 -2269.94 -747.895 610.967 -2335.25 -747.895 610.967 -2335.25 -647.527 610.816 -2400.56 -647.527 610.816 -2400.56 -697.711 610.891 -2485.87 -697.711 610.891
  poly 1: -2485.87 -688.93 711.264 -2485.87 -1194.79 712.024 -1988.69 -1194.79 712.024 -1988.69 -688.93 711.264 -2074.01 -688.93 711.264 -2074.01 -638.745 711.189 -2139.32 -638.745 711.189 -2139.32 -739.114 711.34 -2204.63 -739.114 711.34 -2204.63 -638.745 711.189 -2269.94 -638.745 711.189 -2269.94 -739.114 711.34 -2335.25 -739.114 711.34 -2335.25 -638.745 711.189 -2400.56 -638.745 711.189 -2400.56 -688.93 711.264 -2485.87 -688.93 711.264
element 2
  poly 0: -1242.93 -24.2274 -706.431 -1740.11 -24.2274 -706.431 -1740.11 158.264 -205.039 -1654.8 158.264 -205.039 -1654.8 194.662 -105.039 -1589.49 194.662 -105.039 -1589.49 158.264 -205.039 -1524.18 158.264 -205.039 -1524.18 194.662 -105.039 -1458.87 194.662 -105.039 -1458.87 158.264 -205.039 -1393.56 158.264 -205.039 -1393.56 194.662 -105.039 -1328.24 194.662 -105.039 -1328.24 158.264 -205.039 -1242.93 158.264 -205.039 -1242.93 -24.2274 -706.431
  poly 1: -1242.93 -118.197 -672.229 -1740.11 -118.197 -672.229 -1740.11 51.8467 -205.039 -1654.8 51.8467 -205.039 -1654.8 88.2438 -105.039 -1589.49 88.2438 -105.039 -1589.49 51.8467 -205.039 -1524.18 51.8467 -205.039 -1524.18 88.2438 -105.039 -1458.87 88.2438 -105.039 -1458.87 51.8467 -205.039 -1393.56 51.8467 -205.039 -1393.56 88.2438 -105.039 -1328.24 88.2438 -105.039 -1328.24 51.8467 -205.039 -1242.93 51.8467 -205.039 -1242.93 -118.197 -672.229
element 3
  poly 0: -1740.11 -445.327 -105.039 -1242.93 -445.327 -105.039 -1242.93 194.662 -105.039 -1328.24 194.662 -105.039 -1328.24 88.2438 -105.039 -1393.56 88.2438 -105.039 -1393.56 194.662 -105.039 -1458.87 194.662 -105.039 -1458.87 88.2438 -105.039 -1524.18 88.2438 -105.039 -1524.18 194.662 -105.039 -1589.49 194.662 -105.039 -1589.49 88.2438 -105.039 -1654.8 88.2438 -105.039 -1654.8 194.662 -105.039 -1740.11 194.662 -105.039 -1740.11 -445.327 -105.039
  poly 1: -1740.11 -445.327 -205.039 -1242.93 -445.327 -205.039 -1242.93 158.264 -205.039 -1328.24 158.264 -205.039 -1328.24 51.8467 -205.039 -1393.56 51.8467 -205.039 -1393.56 158.264 -205.039 -1458.87 158.264 -205.039 -1458.87 51.8467 -205.039 -1524.18 51.8467 -205.039 -1524.18 158.264 -205.039 -1589.49 158.264 -205.039 -1589.49 51.8467 -205.039 -1654.8 51.8467 -205.039 -1654.8 158.264 -205.039 -1740.11 158.264 -205.039 -1740.11 -445.327 -205.039
element 4
  poly 0: -497.174 -110.138 -685.604 -994.347 -110.138 -685.604 -994.347 167.317 -205.039 -909.037 167.317 -205.039 -909.037 225.052 -105.039 -843.726 225.052 -105.039 -843.726 167.317 -205.039 -778.416 167.317 -205.039 -778.416 225.052 -105.039 -713.106 225.052 -105.039 -713.106 167.317 -205.039 -647.795 167.317 -205.039 -647.795 225.052 -105.039 -582.485 225.052 -105.039 -582.485 167.317 -205.039 -497.174 167.317 -205.039 -497.174 -110.138 -685.604
  poly 1: -497.174 -196.74 -635.604 -994.347 -196.74 -635.604 -994.347 51.8467 -205.039 -909.037 51.8467 -205.039 -909.037 109.582 -105.039 -843.726 109.582 -105.039 -843.726 51.8467 -205.039 -778.416 51.8467 -205.039 -778.416 109.582 -105.039 -713.106 109.582 -105.039 -713.106 51.8467 -205.039 -647.795 51.8467 -205.039 -647.795 109.582 -105.039 -582.485 109.582 -105.039 -582.485 51.8467 -205.039 -497.174 51.8467 -205.039 -497.174 -196.74 -635.604
element 5
  poly 0: -994.347 -445.327 -105.039 -497.174 -445.327 -105.039 -497.174 225.052 -105.039 -582.485 225.052 -105.039 -582.485 109.582 -105.039 -647.795 109.582 -105.039 -647.795 225.052 -105.039 -713.106 225.052 -105.039 -713.106 109.582 -105.039 -778.416 109.582 -105.039 -778.416 225.052 -105.039 -843.726 225.052 -105.039 -843.726 109.582 -105.039 -909.037 109.582 -105.039 -909.037 225.052 -105.039 -994.347 225.052 -105.039 -994.347 -445.327 -105.039
  poly 1: -994.347 -445.327 -205.039 -497.174 -445.327 -205.039 -497.174 167.317 -205.039 -582.485 167.317 -205.039 -582.485 51.8467 -205.039 -647.795 51.8467 -205.039 -647.795 167.317 -205.039 -713.106 167.317 -205.039 -713.106 51.8467 -205.039 -778.416 51.8467 -205.039 -778.416 167.317 -205.039 -843.726 167.317 -205.039 -843.726 51.8467 -205.039 -909.037 51.8467 -205.039 -909.037 167.317 -205.039 -994.347 167.317 -205.039 -994.347 -445.327 -205.039
element 6
  poly 0: 248.586 -191.126 -650.175 -248.587 -191.126 -650.175 -248.587 182.387 -205.039 -163.277 182.387 -205.039 -163.277 266.297 -105.039 -97.9663 266.297 -105.039 -97.9663 182.387 -205.039 -32.6558 182.387 -205.039 -32.6558 266.297 -105.039 32.6548 266.297 -105.039 32.6548 182.387 -205.039 97.9653 182.387 -205.039 97.9653 266.297 -105.039 163.276 266.297 -105.039 163.276 182.387 -205.039 248.586 182.387 -205.039 248.586 -191.126 -650.175
  poly 1: 248.586 -267.73 -585.896 -248.587 -267.73 -585.896 -248.587 51.8467 -205.039 -163.277 51.8467 -205.039 -163.277 135.757 -105.039 -97.9663 135.757 -105.039 -97.9663 51.8467 -205.039 -32.6558 51.8467 -205.039 -32.6558 135.757 -105.039 32.6548 135.757 -105.039 32.6548 51.8467 -205.039 97.9653 51.8467 -205.039 97.9653 135.757 -105.039 163.276 135.757 -105.039 163.276 51.8467 -205.039 248.586 51.8467 -205.039 248.586 -267.73 -585.896
element 7
  poly 0: -248.587 -445.327 -105.039 248.586 -445.327 -105.039 248.586 266.297 -105.039 163.276 266.297 -105.039 163.276 135.757 -105.039 97.9653 135.757 -105.039 97.9653 266.297 -105.039 32.6548 266.297 -105.039 32.6548 135.757 -105.039 -32.6558 135.757 -105.039 -32.6558 266.297 -105.039 -97.9663 266.297 -105.039 -97.9663 135.757 -105.039 -163.277 135.757 -105.039 -163.277 266.297 -105.039 -248.587 266.297 -105.039 -248.587 -445.327 -105.039
  poly 1: -248.587 -445.327 -205.039 248.586 -445.327 -205.039 248.586 182.387 -205.039 163.276 182.387 -205.039 163.276 51.8467 -205.039 97.9653 51.8467 -205.039 97.9653 182.387 -205.039 32.6548 182.387 -205.039 32.6548 51.8467 -205.039 -32.6558 51.8467 -205.039 -32.6558 182.387 -205.039 -97.9663 182.387 -205.039 -97.9663 51.8467 -205.039 -163.277 51.8467 -205.039 -163.277 182.387 -205.039 -248.587 182.387 -205.039 -248.587 -445.327 -205.039
element 8
  poly 0: 994.347 -264.732 -601.22 497.173 -264.732 -601.22 497.173 207.419 -205.039 582.484 207.419 -205.039 582.484 326.594 -105.039 647.794 326.594 -105.039 647.794 207.419 -205.039 713.105 207.419 -205.039 713.105 326.594 -105.039 778.416 326.594 -105.039 778.416 207.419 -205.039 843.726 207.419 -205.039 843.726 326.594 -105.039 909.037 326.594 -105.039 909.037 207.419 -205.039 994.347 207.419 -205.039 994.347 -264.732 -601.22
  poly 1: 994.347 -329.01 -524.616 497.173 -329.01 -524.616 497.173 51.8467 -205.039 582.484 51.8467 -205.039 582.484 171.022 -105.039 647.794 171.022 -105.039 647.794 51.8467 -205.039 713.105 51.8467 -205.039 713.105 171.022 -105.039 778.416 171.022 -105.039 778.416 51.8467 -205.039 843.726 51.8467 -205.039 843.726 171.022 -105.039 909.037 171.022 -105.039 909.037 51.8467 -205.039 994.347 51.8467 -205.039 994.347 -329.01 -524.616
element 9
  poly 0: 497.173 -445.327 -105.039 994.347 -445.327 -105.039 994.347 326.594 -105.039 909.037 326.594 -105.039 909.037 171.022 -105.039 843.726 171.022 -105.039 843.726 326.594 -105.039 778.416 326.594 -105.039 778.416 171.022 -105.039 713.105 171.022 -105.039 713.105 326.594 -105.039 647.794 326.594 -105.039 647.794 171.022 -105.039 582.484 171.022 -105.039 582.484 326.594 -105.039 497.173 326.594 -105.039 497.173 -445.327 -105.039
  poly 1: 497.173 -445.327 -205.039 994.347 -445.327 -205.039 994.347 207.419 -205.039 909.037 207.419 -205.039 909.037 51.8467 -205.039 843.726 51.8467 -205.039 843.726 207.419 -205.039 778.416 207.419 -205.039 778.416 51.8467 -205.039 713.105 51.8467 -205.039 713.105 207.419 -205.039 647.794 207.419 -205.039 647.794 51.8467 -205.039 582.484 51.8467 -205.039 582.484 207.419 -205.039 497.173 207.419 -205.039 497.173 -445.327 -205.039
element 10
  poly 0: 1740.11 -328.718 -540.228 1242.93 -328.718 -540.228 1242.93 251.847 -205.039 1328.24 251.847 -205.039 1328.24 425.052 -105.039 1393.55 425.052 -105.039 1393.55 251.847 -205.039 1458.87 251.847 -205.039 1458.87 425.052 -105.039 1524.18 425.052 -105.039 1524.18 251.847 -205.039 1589.49 251.847 -205.039 1589.49 425.052 -105.039 1654.8 425.052 -105.039 1654.8 251.847 -205.039 1740.11 251.847 -205.039 1740.11 -328.718 -540.228
  poly 1: 1740.11 -378.718 -453.626 1242.93 -378.718 -453.626 1242.93 51.8467 -205.039 1328.24 51.8467 -205.039 1328.24 225.052 -105.039 1393.55 225.052 -105.039 1393.55 51.8467 -205.039 1458.87 51.8467 -205.039 1458.87 225.052 -105.039 1524.18 225.052 -105.039 1524.18 51.8467 -205.039 1589.49 51.8467 -205.039 1589.49 225.052 -105.039 1654.8 225.052 -105.039 1654.8 51.8467 -205.039 1740.11 51.8467 -205.039 1740.11 -378.718 -453.626
element 11
  poly 0: 1242.93 -445.327 -105.039 1740.11 -445.327 -105.039 1740.11 425.052 -105.039 1654.8 425.052 -105.039 1654.8 225.052 -105.039 1589.49 225.052 -105.039 1589.49 425.052 -105.039 1524.18 425.052 -105.039 1524.18 225.052 -105.039 1458.87 225.052 -105.039 1458.87 425.052 -105.039 1393.55 425.052 -105.039 1393.55 225.052 -105.039 1328.24 225.052 -105.039 1328.24 425.052 -105.039 1242.93 425.052 -105.039 1242.93 -445.327 -105.039
  poly 1: 1242.93 -445.327 -205.039 1740.11 -445.327 -205.039 1740.11 251.847 -205.039 1654.8 251.847 -205.039 1654.8 51.8467 -205.039 1589.49 51.8467 -205.039 1589.49 251.847 -205.039 1524.18 251.847 -205.039 1524.18 51.8467 -205.039 1458.87 51.8467 -205.039 1458.87 251.847 -205.039 1393.55 251.847 -205.039 1393.55 51.8467 -205.039 1328.24 51.8467 -205.039 1328.24 251.847 -205.039 1242.93 251.847 -205.039 1242.93 -445.327 -205.039
element 12
  poly 0: -2734.46 151.847 -702.212 -3231.63 151.847 -702.212 -3231.63 151.847 -205.039 -3146.32 151.847 -205.039 -3146.32 151.847 -105.039 -3081.01 151.847 -105.039 -3081.01 151.847 -205.039 -3015.7 151.847 -205.039 -3015.7 151.847 -105.039 -2950.39 151.847 -105.039 -2950.39 151.847 -205.039 -2885.08 151.847 -205.039 -2885.08 151.847 -105.039 -2819.77 151.847 -105.039 -2819.77 151.847 -205.039 -2734.46 151.847 -205.039 -2734.46 151.847 -702.212
  poly 1: -2734.46 51.8467 -702.212 -3231.63 51.8467 -702.212 -3231.63 51.8467 -205.039 -3146.32 51.8467 -205.039 -3146.32 51.8467 -105.039 -3081.01 51.8467 -105.039 -3081.01 51.8467 -205.039 -3015.7 51.8467 -205.039 -3015.7 51.8467 -105.039 -2950.39 51.8467 -105.039 -2950.39 51.8467 -205.039 -2885.08 51.8467 -205.039 -2885.08 51.8467 -105.039 -2819.77 51.8467 -105.039 -2819.77 51.8467 -205.039 -2734.46 51.8467 -205.039 -2734.46 51.8467 -702.212
element 13
  poly 0: -3231.63 -445.327 -105.039 -2734.46 -445.327 -105.039 -2734.46 151.847 -105.039 -2819.77 151.847 -105.039 -2819.77 51.8467 -105.039 -2885.08 51.8467 -105.039 -2885.08 151.847 -105.039 -2950.39 151.847 -105.039 -2950.39 51.8467 -105.039 -3015.7 51.8467 -105.039 -3015.7 151.847 -105.039 -3081.01 151.847 -105.039 -3081.01 51.8467 -105.039 -3146.32 51.8467 -105.039 -3146.32 151.847 -105.039 -3231.63 151.847 -105.039 -3231.63 -445.327 -105.039
  poly 1: -3231.63 -445.327 -205.039 -2734.46 -445.327 -205.039 -2734.46 151.847 -205.039 -2819.77 151.847 -205.039 -2819.77 51.8467 -205.039 -2885.08 51.8467 -205.039 -2885.08 151.847 -205.039 -2950.39 151.847 -205.039 -2950.39 51.8467 -205.039 -3015.7 51.8467 -205.039 -3015.7 151.847 -205.039 -3081.01 151.847 -205.039 -3081.01 51.8467 -205.039 -3146.32 51.8467 -205.039 -3146.32 151.847 -205.039 -3231.63 151.847 -205.039 -3231.63 -445.327 -205.039
element 14
  poly 0: -1988.69 63.9942 -712.024 -2485.87 63.9942 -712.024 -2485.87 153.389 -205.039 -2400.56 153.389 -205.039 -2400.56 171.022 -105.039 -2335.25 171.022 -105.039 -2335.25 153.389 -205.039 -2269.94 153.389 -205.039 -2269.94 171.022 -105.039 -2204.63 171.022 -105.039 -2204.63 153.389 -205.039 -2139.32 153.389 -205.039 -2139.32 171.022 -105.039 -2074.01 171.022 -105.039 -2074.01 153.389 -205.039 -1988.69 153.389 -205.039 -1988.69 63.9942 -712.024
  poly 1: -1988.69 -34.4866 -694.659 -2485.87 -34.4866 -694.659 -2485.87 51.8467 -205.039 -2400.56 51.8467 -205.039 -2400.56 69.4794 -105.039 -2335.25 69.4794 -105.039 -2335.25 51.8467 -205.039 -2269.94 51.8467 -205.039 -2269.94 69.4794 -105.039 -2204.63 69.4794 -105.039 -2204.63 51.8467 -205.039 -2139.32 51.8467 -205.039 -2139.32 69.4794 -105.039 -2074.01 69.4794 -105.039 -2074.01 51.8467 -205.039 -1988.69 51.8467 -205.039 -1988.69 -34.4866 -694.659
element 15
  poly 0: -2485.87 -445.327 -105.039 -1988.69 -445.327 -105.039 -1988.69 171.022 -105.039 -2074.01 171.022 -105.039 -2074.01 69.4794 -105.039 -2139.32 69.4794 -105.039 -2139.32 171.022 -105.039 -2204.63 171.022 -105.039 -2204.63 69.4794 -105.039 -2269.94 69.4794 -105.039 -2269.94 171.022 -105.039 -2335.25 171.022 -105.039 -2335.25 69.4794 -105.039 -2400.56 69.4794 -105.039 -2400.56 171.022 -105.039 -2485.87 171.022 -105.039 -2485.87 -445.327 -105.039
  poly 1: -2485.87 -445.327 -205.039 -1988.69 -445.327 -205.039 -1988.69 153.389 -205.039 -2074.01 153.389 -205.039 -2074.01 51.8467 -205.039 -2139.32 51.8467 -205.039 -2139.32 153.389 -205.039 -2204.63 153.389 -205.039 -2204.63 51.8467 -205.039 -2269.94 51.8467 -205.039 -2269.94 153.389 -205.039 -2335.25 153.389 -205.039 -2335.25 51.8467 -205.039 -2400.56 51.8467 -205.039 -2400.56 153.389 -205.039 -2485.87 153.389 -205.039 -2485.87 -445.327 -205.039
element 16
  poly 0: 2485.87 -381.142 -469.051 1988.69 -381.142 -469.051 1988.69 344.227 -205.039 2074 344.227 -205.039 2074 618.975 -105.039 2139.31 618.975 -105.039 2139.31 344.227 -205.039 2204.63 344.227 -205.039 2204.63 618.975 -105.039 2269.94 618.975 -105.039 2269.94 344.227 -205.039 2335.25 344.227 -205.039 2335.25 618.975 -105.039 2400.56 618.975 -105.039 2400.56 344.227 -205.039 2485.87 344.227 -205.039 2485.87 -381.142 -469.051
  poly 1: 2485.87 -415.344 -375.082 1988.69 -415.344 -375.082 1988.69 51.8467 -205.039 2074 51.8467 -205.039 2074 326.594 -105.039 2139.31 326.594 -105.039 2139.31 51.8467 -205.039 2204.63 51.8467 -205.039 2204.63 326.594 -105.039 2269.94 326.594 -105.039 2269.94 51.8467 -205.039 2335.25 51.8467 -205.039 2335.25 326.594 -105.039 2400.56 326.594 -105.039 2400.56 51.8467 -205.039 2485.87 51.8467 -205.039 2485.87 -415.344 -375.082
element 17
  poly 0: 1988.69 -445.327 -105.039 2485.87 -445.327 -105.039 2485.87 618.975 -105.039 2400.56 618.975 -105.039 2400.56 326.594 -105.039 2335.25 326.594 -105.039 2335.25 618.975 -105.039 2269.94 618.975 -105.039 2269.94 326.594 -105.039 2204.63 326.594 -105.039 2204.63 618.975 -105.039 2139.31 618.975 -105.039 2139.31 326.594 -105.039 2074 326.594 -105.039 2074 618.975 -105.039 1988.69 618.975 -105.039 1988.69 -445.327 -105.039
  poly 1: 1988.69 -445.327 -205.039 2485.87 -445.327 -205.039 2485.87 344.227 -205.039 2400.56 344.227 -205.039 2400.56 51.8467 -205.039 2335.25 51.8467 -205.039 2335.25 344.227 -205.039 2269.94 344.227 -205.039 2269.94 51.8467 -205.039 2204.63 51.8467 -205.039 2204.63 344.227 -205.039 2139.31 344.227 -205.039 2139.31 51.8467 -205.039 2074 51.8467 -205.039 2074 344.227 -205.039 1988.69 344.227 -205.039 1988.69 -445.327 -205.039
element 18
  poly 0: 3231.63 -420.409 -389.853 2734.45 -420.409 -389.853 2734.45 1194.85 -105.039 3231.63 1194.85 -105.039 3231.63 -420.409 -389.853
  poly 1: 3231.63 -437.774 -291.372 2734.45 -437.774 -291.372 2734.45 51.8467 -205.039 3231.63 51.8467 -205.039 3231.63 -437.774 -291.372
element 19
  poly 0: 2734.45 -445.327 -105.039 3231.63 -445.327 -105.039 3231.63 1194.85 -105.039 2734.45 1194.85 -105.039 2734.45 -445.327 -105.039
  poly 1: 2734.45 -445.327 -205.039 3231.63 -445.327 -205.039 3231.63 51.8468 -205.039 2734.45 51.8468 -205.039 2734.45 -445.327 -205.039
element 20
  poly 0: -497.174 -217.113 449.28 -994.347 -217.113 449.28 -994.347 -670.883 711.264 -909.037 -670.883 711.264 -909.037 -626.055 685.383 -843.726 -626.055 685.383 -843.726 -715.712 737.146 -778.416 -715.712 737.146 -778.416 -626.055 685.383 -713.106 -626.055 685.383 -713.106 -715.712 737.146 -647.795 -715.712 737.146 -647.795 -626.055 685.383 -582.485 -626.055 685.383 -582.485 -670.883 711.264 -497.174 -670.883 711.264 -497.174 -217.113 449.28
  poly 1: -497.174 -267.113 362.678 -994.347 -267.113 362.678 -994.347 -697.678 611.264 -909.037 -697.678 611.264 -909.037 -652.85 585.383 -843.726 -652.85 585.383 -843.726 -742.507 637.146 -778.416 -742.507 637.146 -778.416 -652.85 585.383 -713.106 -652.85 585.383 -713.106 -742.507 637.146 -647.795 -742.507 637.146 -647.795 -652.85 585.383 -582.485 -652.85 585.383 -582.485 -697.678 611.264 -497.174 -697.678 611.264 -497.174 -267.113 362.678
element 21
  poly 0: -994.347 -1194.85 611.264 -497.174 -1194.85 611.264 -497.174 -697.678 611.264 -582.485 -697.678 611.264 -582.485 -645.915 611.264 -647.795 -645.915 611.264 -647.795 -749.442 611.264 -713.106 -749.442 611.264 -713.106 -645.915 611.264 -778.416 -645.915 611.264 -778.416 -749.442 611.264 -843.726 -749.442 611.264 -843.726 -645.915 611.264 -909.037 -645.915 611.264 -909.037 -697.678 611.264 -994.347 -697.678 611.264 -994.347 -1194.85 611.264
  poly 1: -994.347 -1194.85 711.264 -497.174 -1194.85 711.264 -497.174 -670.883 711.264 -582.485 -670.883 711.264 -582.485 -619.12 711.264 -647.795 -619.12 711.264 -647.795 -722.647 711.264 -713.106 -722.647 711.264 -713.106 -619.12 711.264 -778.416 -619.12 711.264 -778.416 -722.647 711.264 -843.726 -722.647 711.264 -843.726 -619.12 711.264 -909.037 -619.12 711.264 -909.037 -670.883 711.264 -994.347 -670.883 711.264 -994.347 -1194.85 711.264
element 22
  poly 0: 248.586 -252.543 368.292 -248.587 -252.543 368.292 -248.587 -542.106 611.264 -163.277 -542.106 611.264 -163.277 -661.281 711.264 -97.9663 -661.281 711.264 -97.9663 -542.106 611.264 -32.6558 -542.106 611.264 -32.6558 -661.281 711.264 32.6548 -661.281 711.264 32.6548 -542.106 611.264 97.9653 -542.106 611.264 97.9653 -661.281 711.264 163.276 -661.281 711.264 163.276 -542.106 611.264 248.586 -542.106 611.264 248.586 -252.543 368.292
  poly 1: 248.586 -316.821 291.687 -248.587 -316.821 291.687 -248.587 -697.678 611.264 -163.277 -697.678 611.264 -163.277 -816.854 711.264 -97.9663 -816.854 711.264 -97.9663 -697.678 611.264 -32.6558 -697.678 611.264 -32.6558 -816.854 711.264 32.6548 -816.854 711.264 32.6548 -697.678 611.264 97.9653 -697.678 611.264 97.9653 -816.854 711.264 163.276 -816.854 711.264 163.276 -697.678 611.264 248.586 -697.678 611.264 248.586 -316.821 291.687
element 23
  poly 0: -248.587 -1194.85 711.264 248.586 -1194.85 711.264 248.586 -661.281 711.264 163.276 -661.281 711.264 163.276 -816.854 711.264 97.9653 -816.854 711.264 97.9653 -661.281 711.264 32.6548 -661.281 711.264 32.6548 -816.854 711.264 -32.6558 -816.854 711.264 -32.6558 -661.281 711.264 -97.9663 -661.281 711.264 -97.9663 -816.854 711.264 -163.277 -816.854 711.264 -163.277 -661.281 711.264 -248.587 -661.281 711.264 -248.587 -1194.85 711.264
  poly 1: -248.587 -1194.85 611.264 248.586 -1194.85 611.264 248.586 -542.106 611.264 163.276 -542.106 611.264 163.276 -697.678 611.264 97.9653 -697.678 611.264 97.9653 -542.106 611.264 32.6548 -542.106 611.264 32.6548 -697.678 611.264 -32.6558 -697.678 611.264 -32.6558 -542.106 611.264 -97.9663 -542.106 611.264 -97.9663 -697.678 611.264 -163.277 -697.678 611.264 -163.277 -542.106 611.264 -248.587 -542.106 611.264 -248.587 -1194.85 611.264
element 24
  poly 0: 994.347 -301.497 294.686 497.173 -301.497 294.686 497.173 -567.138 611.264 582.484 -567.138 611.264 582.484 -651.048 711.264 647.794 -651.048 711.264 647.794 -567.138 611.264 713.105 -567.138 611.264 713.105 -651.048 711.264 778.416 -651.048 711.264 778.416 -567.138 611.264 843.726 -567.138 611.264 843.726 -651.048 711.264 909.037 -651.048 711.264 909.037 -567.138 611.264 994.347 -567.138 611.264 994.347 -301.497 294.686
  poly 1: 994.347 -378.101 230.407 497.173 -378.101 230.407 497.173 -697.678 611.264 582.484 -697.678 611.264 582.484 -781.588 711.264 647.794 -781.588 711.264 647.794 -697.678 611.264 713.105 -697.678 611.264 713.105 -781.588 711.264 778.416 -781.588 711.264 778.416 -697.678 611.264 843.726 -697.678 611.264 843.726 -781.588 711.264 909.037 -781.588 711.264 909.037 -697.678 611.264 994.347 -697.678 611.264 994.347 -378.101 230.407
element 25
  poly 0: 497.173 -1194.85 711.264 994.347 -1194.85 711.264 994.347 -651.048 711.264 909.037 -651.048 711.264 909.037 -781.588 711.264 843.726 -781.588 711.264 843.726 -651.048 711.264 778.416 -651.048 711.264 778.416 -781.588 711.264 713.105 -781.588 711.264 713.105 -651.048 711.264 647.794 -651.048 711.264 647.794 -781.588 711.264 582.484 -781.588 711.264 582.484 -651.048 711.264 497.173 -651.048 711.264 497.173 -1194.85 711.264
  poly 1: 497.173 -1194.85 611.264 994.347 -1194.85 611.264 994.347 -567.138 611.264 909.037 -567.138 611.264 909.037 -697.678 611.264 843.726 -697.678 611.264 843.726 -567.138 611.264 778.416 -567.138 611.264 778.416 -697.678 611.264 713.105 -697.678 611.264 713.105 -567.138 611.264 647.794 -567.138 611.264 647.794 -697.678 611.264 582.484 -697.678 611.264 582.484 -567.138 611.264 497.173 -567.138 611.264 497.173 -1194.85 611.264
element 26
  poly 0: 2485.87 -433.666 178.276 1988.69 -433.666 178.276 1988.69 -591.261 611.264 2074 -591.261 611.264 2074 -627.658 711.264 2139.31 -627.658 711.264 2139.31 -591.261 611.264 2204.63 -591.261 611.264 2204.63 -627.658 711.264 2269.94 -627.658 711.264 2269.94 -591.261 611.264 2335.25 -591.261 611.264 2335.25 -627.658 711.264 2400.56 -627.658 711.264 2400.56 -591.261 611.264 2485.87 -591.261 611.264 2485.87 -433.666 178.276
  poly 1: 2485.87 -527.635 144.074 1988.69 -527.635 144.074 1988.69 -697.678 611.264 2074 -697.678 611.264 2074 -734.075 711.264 2139.31 -734.075 711.264 2139.31 -697.678 611.264 2204.63 -697.678 611.264 2204.63 -734.075 711.264 2269.94 -734.075 711.264 2269.94 -697.678 611.264 2335.25 -697.678 611.264 2335.25 -734.075 711.264 2400.56 -734.075 711.264 2400.56 -697.678 611.264 2485.87 -697.678 611.264 2485.87 -527.635 144.074
element 27
  poly 0: 1988.69 -1194.85 711.264 2485.87 -1194.85 711.264 2485.87 -627.658 711.264 2400.56 -627.658 711.264 2400.56 -734.075 711.264 2335.25 -734.075 711.264 2335.25 -627.658 711.264 2269.94 -627.658 711.264 2269.94 -734.075 711.264 2204.63 -734.075 711.264 2204.63 -627.658 711.264 2139.31 -627.658 711.264 2139.31 -734.075 711.264 2074 -734.075 711.264 2074 -627.658 711.264 1988.69 -627.658 711.264 1988.69 -1194.85 711.264
  poly 1: 1988.69 -1194.85 611.264 2485.87 -1194.85 611.264 2485.87 -591.261 611.264 2400.56 -591.261 611.264 2400.56 -697.678 611.264 2335.25 -697.678 611.264 2335.25 -591.261 611.264 2269.94 -591.261 611.264 2269.94 -697.678 611.264 2204.63 -697.678 611.264 2204.63 -591.261 611.264 2139.31 -591.261 611.264 2139.31 -697.678 611.264 2074 -697.678 611.264 2074 -591.261 611.264 1988.69 -591.261 611.264 1988.69 -1194.85 611.264
element 28
  poly 0: 3231.63 -512.864 139.009 2734.45 -512.864 139.009 2734.45 -596.136 611.264 2819.77 -596.136 611.264 2819.77 -613.768 711.264 2885.08 -613.768 711.264 2885.08 -596.136 611.264 2950.39 -596.136 611.264 2950.39 -613.768 711.264 3015.7 -613.768 711.264 3015.7 -596.136 611.264 3081.01 -596.136 611.264 3081.01 -613.768 711.264 3146.32 -613.768 711.264 3146.32 -596.136 611.264 3231.63 -596.136 611.264 3231.63 -512.864 139.009
  poly 1: 3231.63 -611.345 121.644 2734.45 -611.345 121.644 2734.45 -697.678 611.264 2819.77 -697.678 611.264 2819.77 -715.311 711.264 2885.08 -715.311 711.264 2885.08 -697.678 611.264 2950.39 -697.678 611.264 2950.39 -715.311 711.264 3015.7 -715.311 711.264 3015.7 -697.678 611.264 3081.01 -697.678 611.264 3081.01 -715.311 711.264 3146.32 -715.311 711.264 3146.32 -697.678 611.264 3231.63 -697.678 611.264 3231.63 -611.345 121.644
element 29
  poly 0: 2734.45 -1194.85 711.264 3231.63 -1194.85 711.264 3231.63 -613.768 711.264 3146.32 -613.768 711.264 3146.32 -715.311 711.264 3081.01 -715.311 711.264 3081.01 -613.768 711.264 3015.7 -613.768 711.264 3015.7 -715.311 711.264 2950.39 -715.311 711.264 2950.39 -613.768 711.264 2885.08 -613.768 711.264 2885.08 -715.311 711.264 2819.77 -715.311 711.264 2819.77 -613.768 711.264 2734.45 -613.768 711.264 2734.45 -1194.85 711.264
  poly 1: 2734.45 -1194.85 611.264 3231.63 -1194.85 611.264 3231.63 -596.136 611.264 3146.32 -596.136 611.264 3146.32 -697.678 611.264 3081.01 -697.678 611.264 3081.01 -596.136 611.264 3015.7 -596.136 611.264 3015.7 -697.678 611.264 2950.39 -697.678 611.264 2950.39 -596.136 611.264 2885.08 -596.136 611.264 2885.08 -697.678 611.264 2819.77 -697.678 611.264 2819.77 -596.136 611.264 2734.45 -596.136 611.264 2734.45 -1194.85 611.264
element 30
  poly 0: -3231.63 -697.678 711.264 -3231.63 -1194.85 711.264 -2734.46 -1194.85 711.264 -2734.46 -697.678 711.264 -2819.77 -697.678 711.264 -2819.77 -747.678 711.264 -2885.08 -747.678 711.264 -2885.08 -647.678 711.264 -2950.39 -647.678 711.264 -2950.39 -747.678 711.264 -3015.7 -747.678 711.264 -3015.7 -647.678 711.264 -3081.01 -647.678 711.264 -3081.01 -747.678 711.264 -3146.32 -747.678 711.264 -3146.32 -697.678 711.264 -3231.63 -697.678 711.264
  poly 1: -3231.63 -697.678 611.264 -3231.63 -1194.85 611.264 -2734.46 -1194.85 611.264 -2734.46 -697.678 611.264 -2819.77 -697.678 611.264 -2819.77 -747.678 611.264 -2885.08 -747.678 611.264 -2885.08 -647.678 611.264 -2950.39 -647.678 611.264 -2950.39 -747.678 611.264 -3015.7 -747.678 611.264 -3015.7 -647.678 611.264 -3081.01 -647.678 611.264 -3081.01 -747.678 611.264 -3146.32 -747.678 611.264 -3146.32 -697.678 611.264 -3231.63 -697.678 611.264
element 31
  poly 0: -2734.46 -200.505 711.264 -3231.63 -200.505 711.264 -3231.63 -697.678 711.264 -3146.32 -697.678 711.264 -3146.32 -747.678 711.264 -3081.01 -747.678 711.264 -3081.01 -647.678 711.264 -3015.7 -647.678 711.264 -3015.7 -747.678 711.264 -2950.39 -747.678 711.264 -2950.39 -647.678 711.264 -2885.08 -647.678 711.264 -2885.08 -747.678 711.264 -2819.77 -747.678 711.264 -2819.77 -697.678 711.264 -2734.46 -697.678 711.264 -2734.46 -200.505 711.264
  poly 1: -2734.46 -200.505 611.264 -3231.63 -200.505 611.264 -3231.63 -697.678 611.264 -3146.32 -697.678 611.264 -3146.32 -747.678 611.264 -3081.01 -747.678 611.264 -3081.01 -647.678 611.264 -3015.7 -647.678 611.264 -3015.7 -747.678 611.264 -2950.39 -747.678 611.264 -2950.39 -647.678 611.264 -2885.08 -647.678 611.264 -2885.08 -747.678 611.264 -2819.77 -747.678 611.264 -2819.77 -697.678 611.264 -2734.46 -697.678 611.264 -2734.46 -200.505 611.264
element 32
  poly 0: -1242.93 -196.286 535.19 -1740.11 -196.286 535.19 -1740.11 -680.046 711.264 -1654.8 -680.046 711.264 -1654.8 -632.336 693.9 -1589.49 -632.336 693.9 -1589.49 -727.755 728.629 -1524.18 -727.755 728.629 -1524.18 -632.336 693.9 -1458.87 -632.336 693.9 -1458.87 -727.755 728.629 -1393.56 -727.755 728.629 -1393.56 -632.336 693.9 -1328.24 -632.336 693.9 -1328.24 -680.046 711.264 -1242.93 -680.046 711.264 -1242.93 -196.286 535.19
  poly 1: -1242.93 -230.488 441.221 -1740.11 -230.488 441.221 -1740.11 -697.678 611.264 -1654.8 -697.678 611.264 -1654.8 -649.969 593.9 -1589.49 -649.969 593.9 -1589.49 -745.388 628.629 -1524.18 -745.388 628.629 -1524.18 -649.969 593.9 -1458.87 -649.969 593.9 -1458.87 -745.388 628.629 -1393.56 -745.388 628.629 -1393.56 -649.969 593.9 -1328.24 -649.969 593.9 -1328.24 -697.678 611.264 -1242.93 -697.678 611.264 -1242.93 -230.488 441.221
element 33
  poly 0: 1740.11 -362.489 230.699 1242.93 -362.489 230.699 1242.93 -582.208 611.264 1328.24 -582.208 611.264 1328.24 -639.943 711.264 1393.55 -639.943 711.264 1393.55 -582.208 611.264 1458.87 -582.208 611.264 1458.87 -639.943 711.264 1524.18 -639.943 711.264 1524.18 -582.208 611.264 1589.49 -582.208 611.264 1589.49 -639.943 711.264 1654.8 -639.943 711.264 1654.8 -582.208 611.264 1740.11 -582.208 611.264 1740.11 -362.489 230.699
  poly 1: 1740.11 -449.092 180.699 1242.93 -449.092 180.699 1242.93 -697.678 611.264 1328.24 -697.678 611.264 1328.24 -755.413 711.264 1393.55 -755.413 711.264 1393.55 -697.678 611.264 1458.87 -697.678 611.264 1458.87 -755.413 711.264 1524.18 -755.413 711.264 1524.18 -697.678 611.264 1589.49 -697.678 611.264 1589.49 -755.413 711.264 1654.8 -755.413 711.264 1654.8 -697.678 611.264 1740.11 -697.678 611.264 1740.11 -449.092 180.699
element 34
  poly 0: 1242.93 -1194.85 711.264 1740.11 -1194.85 711.264 1740.11 -639.943 711.264 1654.8 -639.943 711.264 1654.8 -755.413 711.264 1589.49 -755.413 711.264 1589.49 -639.943 711.264 1524.18 -639.943 711.264 1524.18 -755.413 711.264 1458.87 -755.413 711.264 1458.87 -639.943 711.264 1393.55 -639.943 711.264 1393.55 -755.413 711.264 1328.24 -755.413 711.264 1328.24 -639.943 711.264 1242.93 -639.943 711.264 1242.93 -1194.85 711.264
  poly 1: 1242.93 -1194.85 611.264 1740.11 -1194.85 611.264 1740.11 -582.208 611.264 1654.8 -582.208 611.264 1654.8 -697.678 611.264 1589.49 -697.678 611.264 1589.49 -582.208 611.264 1524.18 -582.208 611.264 1524.18 -697.678 611.264 1458.87 -697.678 611.264 1458.87 -582.208 611.264 1393.55 -582.208 611.264 1393.55 -697.678 611.264 1328.24 -697.678 611.264 1328.24 -582.208 611.264 1242.93 -582.208 611.264 1242.93 -1194.85 611.264
element 35
  poly 0: -1740.11 -697.678 611.264 -1740.11 -1194.85 611.264 -1242.93 -1194.85 611.264 -1242.93 -697.678 611.264 -1328.24 -697.678 611.264 -1328.24 -646.907 611.264 -1393.56 -646.907 611.264 -1393.56 -748.45 611.264 -1458.87 -748.45 611.264 -1458.87 -646.907 611.264 -1524.18 -646.907 611.264 -1524.18 -748.45 611.264 -1589.49 -748.45 611.264 -1589.49 -646.907 611.264 -1654.8 -646.907 611.264 -1654.8 -697.678 611.264 -1740.11 -697.678 611.264
  poly 1: -1740.11 -680.046 711.264 -1740.11 -1194.85 711.264 -1242.93 -1194.85 711.264 -1242.93 -680.046 711.264 -1328.24 -680.046 711.264 -1328.24 -629.274 711.264 -1393.56 -629.274 711.264 -1393.56 -730.817 711.264 -1458.87 -730.817 711.264 -1458.87 -629.274 711.264 -1524.18 -629.274 711.264 -1524.18 -730.817 711.264 -1589.49 -730.817 711.264 -1589.49 -629.274 711.264 -1654.8 -629.274 711.264 -1654.8 -680.046 711.264 -1740.11 -680.046 711.264
