element 0
  poly 0: -1022.56 258.347 -163.262 -1022.56 287.523 -156.28 -925.792 270.518 -85.2219 -924.761 258.039 -87.4081 -899.944 256.767 -68.4456 -900.716 266.111 -66.8086 -804.588 249.219 3.77769 -804.588 220.043 -3.20463 -819.228 222.616 -13.9549 -818.763 227.971 -12.3122 -843.441 235.443 -29.683 -844.175 226.999 -32.2733 -1022.56 258.347 -163.262
  poly 1: -1040.64 252.775 -139.978 -1040.64 281.951 -132.995 -950.913 266.183 -67.1094 -949.809 252.824 -69.4498 -924.992 251.552 -50.4874 -925.836 261.777 -48.6961 -822.665 243.647 27.0623 -822.665 214.471 20.0799 -843.854 218.194 4.52064 -843.319 224.36 6.41213 -867.997 231.833 -10.9587 -868.801 222.578 -13.7977 -1040.64 252.775 -139.978
element 1
  poly 0: -1021.62 247.487 -43.1721 -1021.62 270.002 -23.3456 -928.163 219.766 33.7022 -924.83 207.157 26.2115 -902.099 201.493 45.8593 -903.412 206.461 48.8106 -804.844 153.477 108.979 -804.844 130.962 89.1522 -822.363 140.379 78.4583 -821.939 144.236 82.3141 -845.612 159.26 69.8874 -846.275 153.233 63.8621 -1021.62 247.487 -43.1721
  poly 1: -1040.55 232.106 -25.7056 -1040.55 254.621 -5.87906 -951.868 206.952 48.2536 -948.145 192.869 39.887 -925.415 187.205 59.5348 -927.118 193.647 63.362 -823.774 138.096 126.445 -823.774 115.581 106.619 -846.258 127.667 92.8943 -845.784 131.975 97.2006 -869.457 146.998 84.7739 -870.169 140.52 78.2982 -1040.55 232.106 -25.7056
element 2
  poly 0: -1022.43 174.695 65.9146 -1022.43 185.095 94.0539 -804.346 26.0694 152.834 -804.346 15.6684 124.694 -822.873 29.1783 119.701 -822.382 31.1214 126.058 -846.802 49.9332 122.193 -847.507 47.142 113.061 -895.225 81.9384 100.199 -900.848 94.2664 120.942 -923.964 108.076 106.469 -920.423 100.313 93.4077 -1022.43 174.695 65.9146
  poly 1: -1040.84 152.479 74.126 -1040.84 162.88 102.265 -822.759 3.85381 161.045 -822.759 -6.54713 132.906 -847.687 11.6305 126.187 -847.14 13.794 133.265 -871.561 32.6058 129.4 -872.321 29.5942 119.547 -918.482 63.2548 107.105 -923.705 74.7052 126.372 -946.82 88.5146 111.898 -943.68 81.6298 100.314 -1040.84 152.479 74.126
element 3
  poly 0: -1023.37 63.9495 124.357 -1023.37 60.4631 154.154 -929.642 -8.0854 146.134 -926.007 -9.0082 130.989 -902.136 -27.5077 137.846 -903.591 -27.1386 143.904 -803.819 -100.108 135.367 -803.819 -96.6219 105.57 -817.957 -86.2821 106.78 -817.465 -87.3168 112.503 -842.519 -69.3736 117.902 -843.289 -67.7547 108.947 -1023.37 63.9495 124.357
  poly 1: -1041.16 39.9559 121.55 -1041.16 36.4696 151.347 -953.895 -27.351 143.879 -949.719 -28.4112 126.48 -925.848 -46.9108 133.337 -927.843 -46.4042 141.65 -821.608 -124.102 132.559 -821.608 -120.615 102.762 -842.935 -105.018 104.587 -842.363 -106.218 111.228 -867.418 -88.275 116.627 -868.267 -86.4902 106.755 -1041.16 39.9559 121.55
element 4
  poly 0: -1021.76 -53.6466 127.931 -1021.76 -70.4926 152.755 -927.766 -133.253 110.164 -924.473 -127.416 96.8319 -901.585 -147.581 93.6564 -902.877 -149.871 98.887 -804.166 -215.778 54.1603 -804.166 -198.933 29.3366 -821.068 -187.647 36.9953 -820.644 -190.907 41.1892 -844.405 -176.804 54.5527 -845.08 -171.615 47.8753 -1021.76 -53.6466 127.931
  poly 1: -1040.6 -72.9654 114.821 -1040.6 -89.8113 139.645 -951.774 -149.12 99.3963 -948.066 -142.547 84.3813 -925.178 -162.712 81.2058 -926.885 -165.738 88.119 -823.005 -235.097 41.0501 -823.005 -218.251 16.2264 -844.979 -203.579 26.1832 -844.502 -207.247 30.9016 -868.263 -193.145 44.2651 -868.991 -187.547 37.0631 -1040.6 -72.9654 114.821
element 5
  poly 0: -1022.03 -170.181 70.3837 -1022.03 -196.843 84.1375 -926.915 -231.511 16.9346 -923.433 -219.603 7.67673 -900.559 -235.732 -4.4656 -901.982 -240.599 -0.681831 -803.861 -276.363 -70.0103 -803.861 -249.702 -83.7641 -822.668 -242.847 -70.4756 -822.193 -248.693 -67.8844 -846.271 -242.513 -49.5326 -846.963 -233.991 -53.3099 -1022.03 -170.181 70.3837
  poly 1: -1040.7 -180.947 49.5142 -1040.7 -207.609 63.268 -950.119 -240.624 -0.730953 -946.263 -227.436 -10.9844 -923.389 -243.564 -23.1268 -925.187 -249.712 -18.3474 -822.53 -287.129 -90.8798 -822.53 -260.468 -104.634 -847.153 -251.493 -87.2361 -846.627 -257.979 -84.3609 -870.704 -251.8 -66.0091 -871.448 -242.637 -70.0703 -1040.7 -180.947 49.5142
element 6
  poly 0: -1023.39 -239.238 -35.2489 -1023.39 -269.037 -31.7824 -880.377 -281.19 -136.248 -880.377 -251.391 -139.715 -896.375 -250.031 -128.029 -899.471 -268.544 -123.584 -924.004 -260.31 -106.379 -921.922 -247.86 -109.368 -1023.39 -239.238 -35.2489
  poly 1: -1041.16 -242.031 -59.2555 -1041.16 -271.83 -55.7889 -898.15 -283.982 -160.255 -898.15 -254.183 -163.721 -920.811 -252.258 -147.169 -923.642 -269.189 -143.103 -948.175 -260.955 -125.898 -946.358 -250.087 -128.508 -1041.16 -242.031 -59.2555
element 7
  poly 0: -714.927 258.359 -163.26 -714.927 287.533 -156.268 -689.519 283.062 -137.612 -690.665 269.841 -141.67 -665.986 262.37 -124.299 -664.574 278.672 -119.295 -617.95 270.467 -85.0609 -616.92 257.998 -87.2494 -592.104 256.72 -68.2874 -592.875 266.054 -66.649 -496.743 249.136 3.93804 -496.743 219.962 -3.05414 -511.388 222.539 -13.8074 -510.922 227.888 -12.164 -535.598 235.373 -29.53 -536.334 226.93 -32.1246 -714.927 258.359 -163.26
  poly 1: -733.004 252.779 -139.978 -733.004 281.953 -132.985 -714.146 278.634 -119.138 -715.221 266.222 -122.948 -690.542 258.751 -105.577 -689.2 274.244 -100.821 -643.069 266.126 -66.9486 -641.966 252.777 -69.2916 -617.15 251.499 -50.3295 -617.994 261.713 -48.5367 -514.82 243.556 27.2204 -514.82 214.382 20.2282 -536.011 218.111 4.66859 -535.474 224.272 6.56163 -560.151 231.757 -10.8044 -560.957 222.501 -13.6486 -733.004 252.779 -139.978
element 8
  poly 0: -963.721 242.219 -60.3543 -963.721 272.026 -56.9561 -822.329 283.812 -160.341 -822.329 254.005 -163.739 -923.73 245.553 -89.5956 -924.761 258.039 -87.4081 -949.809 252.824 -69.4498 -949.034 243.443 -71.0933 -963.721 242.219 -60.3543
  poly 1: -945.94 239.482 -36.3476 -945.94 269.289 -32.9494 -804.548 281.075 -136.334 -804.548 251.268 -139.732 -898.84 243.408 -70.786 -899.944 256.767 -68.4456 -924.992 251.552 -50.4874 -924.145 241.299 -52.2837 -945.94 239.482 -36.3476
element 9
  poly 0: -790.74 264.246 -101.984 -790.74 288.969 -84.9896 -691.232 244.332 -20.0558 -692.038 240.403 -23.5316 -668.455 224.927 -11.5086 -666.728 233.341 -4.06605 -617.308 211.173 28.1826 -615.838 202.7 23.7717 -592.146 197 42.6193 -592.689 200.129 44.2482 -496.819 157.125 106.808 -496.819 132.402 89.8134 -514.344 140.264 78.3773 -513.761 143.098 80.886 -537.341 158.585 68.8739 -538.85 151.256 62.3862 -741.686 242.243 -69.9744 -743.549 252.943 -64.408 -767.238 258.629 -83.263 -766.309 253.287 -86.0416 -790.74 264.246 -101.984
  poly 1: -809.364 250.923 -82.6023 -809.364 275.645 -65.608 -714.924 233.283 -3.98148 -715.54 230.281 -6.63681 -691.956 214.805 5.38619 -690.42 222.291 12.0083 -641.529 200.36 43.9122 -639.847 190.673 38.8688 -616.155 184.973 57.7164 -616.909 189.316 59.9777 -515.443 143.802 126.189 -515.443 119.079 109.195 -538.034 129.213 94.4532 -537.259 132.976 97.7845 -560.839 148.463 85.7724 -562.539 140.205 78.4622 -765.907 231.43 -54.2451 -767.558 240.912 -49.3124 -791.247 246.598 -68.1674 -790.53 242.475 -70.3123 -809.364 250.923 -82.6023
element 10
  poly 0: -963.288 183.205 48.6239 -963.288 211.268 59.2272 -867.534 237.168 -9.32198 -867.997 231.833 -10.9587 -843.441 235.443 -29.683 -842.708 243.883 -27.094 -793.109 257.299 -62.601 -791.247 246.598 -68.1674 -767.238 258.629 -83.263 -768.18 264.042 -80.4473 -669.188 290.817 -151.314 -669.188 262.754 -161.917 -691.809 256.635 -145.723 -690.665 269.841 -141.67 -715.221 266.222 -122.948 -716.634 249.92 -127.952 -921.487 194.511 18.6988 -924.83 207.157 26.2115 -948.145 192.869 39.887 -946.772 187.672 36.7999 -963.288 183.205 48.6239
  poly 1: -945.056 174.784 70.9104 -945.056 202.848 81.5137 -842.784 230.511 8.29888 -843.319 224.36 6.41213 -818.763 227.971 -12.3122 -817.959 237.225 -9.47318 -769.21 250.411 -44.3713 -767.558 240.912 -49.3124 -743.549 252.943 -64.408 -744.281 257.154 -62.2176 -650.956 282.397 -129.028 -650.956 254.333 -139.631 -667.06 249.977 -128.103 -665.986 262.37 -124.299 -690.542 258.751 -105.577 -691.884 243.263 -110.331 -898.376 187.41 37.4927 -902.099 201.493 45.8593 -925.415 187.205 59.5348 -923.661 180.571 55.5938 -945.056 174.784 70.9104
element 11
  poly 0: -790.788 219.857 20.2891 -790.788 233.693 46.9082 -688.327 162.743 83.7851 -689.11 160.976 79.0585 -665.187 141.634 82.3266 -663.462 145.526 92.7342 -615.163 112.081 110.118 -613.576 106.26 101.603 -589.82 92.5407 115.407 -590.489 94.9957 118.998 -496.514 29.9225 152.821 -496.514 16.0869 126.202 -515.062 28.9308 119.526 -514.308 30.6256 124.062 -538.228 49.9732 120.81 -539.929 46.1499 110.576 -743.963 187.433 37.1421 -745.647 193.599 46.1553 -769.401 207.309 32.338 -768.639 204.52 28.261 -790.788 219.857 20.2891
  poly 1: -809.245 198.872 31.1965 -809.245 212.708 57.8156 -712.858 145.964 92.5063 -713.411 144.716 89.1675 -689.488 125.374 92.4356 -687.993 128.747 101.455 -638.896 94.7496 119.126 -637.114 88.2088 109.558 -613.357 74.4895 123.362 -614.222 77.6644 128.006 -514.97 8.93739 163.728 -514.97 -4.89826 137.109 -539.592 12.1506 128.248 -538.606 14.3652 134.176 -562.526 33.7129 130.923 -564.459 29.3697 119.298 -767.695 170.101 46.1509 -769.182 175.545 54.1088 -792.935 189.254 40.2916 -792.371 187.187 37.2698 -809.245 198.872 31.1965
element 12
  poly 0: -962.815 74.8718 115.749 -962.815 94.7313 138.235 -952.479 100.919 132.769 -946.82 88.5146 111.898 -923.964 108.076 106.469 -927.516 115.863 119.571 -869.032 150.874 88.6486 -869.457 146.998 84.7739 -845.612 159.26 69.8874 -844.95 165.29 75.9159 -794.619 195.42 49.3048 -792.935 189.254 40.2916 -769.401 207.309 32.338 -770.154 210.066 36.3692 -669.733 270.183 -16.7261 -669.733 250.323 -39.2116 -692.841 236.49 -26.9937 -692.038 240.403 -23.5316 -715.54 230.281 -6.63681 -717.266 221.868 -14.0794 -962.815 74.8718 115.749
  poly 1: -944.093 57.3024 131.267 -944.093 77.1619 153.752 -928.958 86.2222 145.75 -923.705 74.7052 126.372 -900.848 94.2664 120.942 -903.995 101.166 132.552 -845.309 136.298 101.522 -845.784 131.975 97.2006 -821.939 144.236 82.3141 -821.228 150.714 88.7898 -770.667 180.982 62.057 -769.182 175.545 54.1088 -745.647 193.599 46.1553 -746.201 195.628 49.1214 -651.011 252.613 -1.20861 -651.011 232.754 -23.6942 -669.067 221.945 -14.1473 -668.455 224.927 -11.5086 -691.956 214.805 5.38619 -693.492 207.323 -1.23305 -944.093 57.3024 131.267
element 13
  poly 0: -791.62 120.494 107.043 -791.62 120.468 137.043 -688.571 44.7257 136.977 -689.561 45.4583 130.923 -664.949 27.374 124.711 -662.947 25.8916 136.96 -617.697 -7.36773 136.931 -615.969 -8.62848 126.362 -591.357 -26.7237 132.544 -592.072 -26.2024 136.915 -495.948 -96.8544 136.853 -495.948 -96.8282 106.853 -510.063 -86.4538 106.862 -509.425 -86.926 110.753 -534.032 -68.8446 116.981 -535.688 -67.6186 106.879 -744.938 86.182 107.013 -746.871 87.5926 118.805 -771.479 105.685 112.606 -770.565 105.018 107.029 -791.62 120.494 107.043
  poly 1: -809.387 96.321 107.022 -809.387 96.2949 137.022 -713.283 25.6574 136.96 -713.998 26.1868 132.586 -689.387 8.10254 126.374 -687.659 6.82332 136.944 -642.411 -26.4346 136.915 -640.408 -27.8958 124.665 -615.797 -45.991 130.847 -616.786 -45.2692 136.898 -513.715 -121.027 136.832 -513.715 -121.001 106.832 -534.771 -105.525 106.846 -533.857 -106.201 112.418 -558.465 -88.1201 118.647 -560.396 -86.6899 106.862 -769.649 67.1133 106.996 -771.306 68.3224 117.104 -795.914 86.415 110.906 -795.276 85.9493 107.012 -809.387 96.321 107.022
element 14
  poly 0: -962.999 -39.4805 123.132 -962.999 -32.3115 152.263 -871.066 34.5635 135.805 -871.561 32.6058 129.4 -846.802 49.9332 122.193 -846.096 52.7274 131.335 -797.847 87.8256 122.698 -795.914 86.415 110.906 -771.479 105.685 112.606 -772.386 106.347 118.14 -668.395 181.994 99.5231 -668.395 174.825 70.3923 -689.909 159.175 74.2436 -689.11 160.976 79.0585 -713.411 144.716 89.1675 -715.136 140.823 78.7599 -922.376 -9.93008 115.86 -926.007 -9.0082 130.989 -949.719 -28.4112 126.48 -948.283 -28.7758 120.498 -962.999 -39.4805 123.132
  poly 1: -945.012 -62.7948 128.87 -945.012 -55.6258 158.001 -846.591 15.969 140.381 -847.14 13.794 133.265 -822.382 31.1214 126.058 -821.621 34.133 135.911 -772.961 69.5301 127.2 -771.306 68.3224 117.104 -746.871 87.5926 118.805 -747.5 88.0516 122.642 -650.409 158.679 105.261 -650.409 151.51 76.1299 -665.759 140.344 78.8779 -665.187 141.634 82.3266 -689.488 125.374 92.4356 -690.987 121.992 83.3942 -897.961 -28.5679 120.447 -902.136 -27.5077 137.846 -925.848 -46.9108 133.337 -923.868 -47.4136 125.085 -945.012 -62.7948 128.87
element 15
  poly 0: -790.364 4.37131 137.121 -790.364 -9.51036 163.716 -691.109 -78.1943 127.866 -691.973 -75.0149 123.232 -668.22 -88.7125 109.403 -666.438 -95.2665 118.955 -617.333 -129.247 101.218 -615.838 -125.859 92.2064 -591.919 -145.197 88.9032 -592.472 -146.451 92.2384 -496.087 -213.148 57.4248 -496.087 -199.267 30.8297 -512.974 -187.581 36.929 -512.409 -189.655 39.9483 -536.159 -175.967 53.7907 -537.647 -170.508 45.8407 -740.876 -29.8742 119.246 -742.808 -34.2365 130.862 -766.724 -14.8929 134.149 -765.74 -12.6688 128.227 -790.364 4.37131 137.121
  poly 1: -808.824 -16.593 126.179 -808.824 -30.4747 152.774 -714.843 -95.5089 118.828 -715.511 -93.0509 115.246 -691.757 -106.748 101.417 -690.172 -112.581 109.917 -641.859 -146.013 92.4669 -640.135 -142.105 82.07 -616.216 -161.442 78.7667 -616.999 -163.217 83.4872 -514.547 -234.113 46.4822 -514.547 -220.231 19.8871 -536.705 -204.898 27.8903 -535.943 -207.695 31.963 -559.693 -194.007 45.8054 -561.378 -187.825 36.8021 -765.403 -46.6402 110.495 -767.103 -50.4807 120.722 -791.02 -31.1372 124.009 -790.266 -29.4348 119.476 -808.824 -16.593 126.179
element 16
  poly 0: -962.791 -151.831 75.9659 -962.791 -159.03 105.089 -866.928 -89.305 122.325 -867.418 -88.275 116.627 -842.519 -69.3736 117.902 -841.749 -70.9916 126.852 -792.952 -35.4994 135.625 -791.02 -31.1372 124.009 -766.724 -14.8929 134.149 -767.724 -17.1504 140.161 -668.186 55.2474 158.057 -668.186 62.4465 128.933 -690.543 46.1856 124.914 -689.561 45.4583 130.923 -713.998 26.1868 132.586 -716.001 27.6693 120.337 -921.168 -121.557 83.4493 -924.473 -127.416 96.8319 -948.066 -142.547 84.3813 -946.702 -140.129 78.8586 -962.791 -151.831 75.9659
  poly 1: -944.803 -175.138 70.2046 -944.803 -182.337 99.328 -841.794 -107.415 117.848 -842.363 -106.218 111.228 -817.465 -87.3168 112.503 -816.615 -89.1016 122.375 -768.808 -54.3293 130.97 -767.103 -50.4807 120.722 -742.808 -34.2365 130.862 -743.58 -35.9803 135.506 -650.198 31.9401 152.295 -650.198 39.1391 123.172 -665.655 27.8966 120.393 -664.949 27.374 124.711 -689.387 8.10254 126.374 -691.113 9.38032 115.816 -897.877 -141.007 78.6414 -901.585 -147.581 93.6564 -925.178 -162.712 81.2058 -923.411 -159.579 74.0507 -944.803 -175.138 70.2046
element 17
  poly 0: -789.903 -119.602 108.978 -789.903 -144.354 125.929 -688.421 -189.752 59.6396 -689.175 -185.402 57.3841 -665.478 -191.073 38.529 -663.798 -200.767 43.5557 -614.908 -222.638 11.6197 -613.371 -215.138 5.00872 -589.786 -230.591 -7.04012 -590.402 -233.6 -4.38781 -495.962 -275.847 -66.0774 -495.962 -251.095 -83.0285 -514.792 -242.672 -70.729 -514.069 -246.836 -68.5709 -537.764 -241.173 -49.712 -539.415 -231.657 -54.6444 -742.812 -140.668 78.2178 -744.513 -148.938 85.5129 -768.095 -133.472 97.5503 -767.32 -129.705 94.2269 -789.903 -119.602 108.978
  poly 1: -808.525 -132.892 89.572 -808.525 -157.644 106.523 -712.649 -200.534 43.8951 -713.191 -197.401 42.2705 -689.495 -203.072 23.4153 -688.026 -211.549 27.8111 -638.6 -233.66 -4.47447 -636.873 -225.23 -11.9045 -613.288 -240.684 -23.9533 -614.095 -244.622 -20.4819 -514.584 -289.138 -85.4837 -514.584 -264.386 -102.435 -539.017 -253.455 -86.4746 -538.083 -258.837 -83.6851 -561.778 -253.175 -64.8262 -563.641 -242.44 -70.39 -766.504 -151.691 62.1229 -768.012 -159.029 68.5965 -791.595 -143.563 80.6338 -791.012 -140.727 78.1319 -808.525 -132.892 89.572
element 18
  poly 0: -962.194 -232.96 -23.9392 -962.194 -252.844 -1.47461 -867.837 -196.414 48.4711 -868.263 -193.145 44.2651 -844.405 -176.804 54.5527 -843.729 -181.996 61.2322 -793.295 -151.833 87.9289 -791.595 -143.563 80.6338 -768.095 -133.472 97.5503 -768.866 -137.224 100.86 -669.098 -77.5575 153.67 -669.098 -57.6743 131.205 -692.829 -71.8665 118.644 -691.973 -75.0149 123.232 -715.511 -93.0509 115.246 -717.292 -86.4969 105.695 -919.952 -207.698 -1.57922 -923.433 -219.603 7.67673 -946.263 -227.436 -10.9844 -944.844 -222.585 -14.7557 -962.194 -232.96 -23.9392
  poly 1: -943.472 -250.514 -39.4755 -943.472 -270.397 -17.011 -844.024 -210.922 35.6301 -844.502 -207.247 30.9016 -820.644 -190.907 41.1892 -819.916 -196.504 48.3911 -769.52 -166.365 75.0672 -768.012 -159.029 68.5965 -744.513 -148.938 85.5129 -745.092 -151.755 87.9979 -650.377 -95.1109 138.134 -650.377 -75.2277 115.669 -668.877 -86.2921 105.876 -668.22 -88.7125 109.403 -691.757 -106.748 101.417 -693.341 -100.922 92.9267 -896.703 -222.543 -14.7191 -900.559 -235.732 -4.4656 -923.389 -243.564 -23.1268 -921.595 -237.43 -27.8956 -943.472 -250.514 -39.4755
element 19
  poly 0: -790.529 -214.709 19.8419 -790.529 -243.889 26.8084 -687.348 -261.978 -48.9582 -688.194 -251.736 -50.7468 -663.374 -252.998 -69.7096 -662.269 -266.375 -67.3735 -572.882 -282.045 -133.01 -572.882 -252.865 -139.977 -588.703 -250.092 -128.359 -590.114 -266.416 -123.367 -614.796 -258.968 -105.988 -613.651 -245.718 -110.04 -744.394 -222.797 -14.0355 -745.196 -232.058 -11.2017 -769.878 -224.602 6.17506 -769.343 -218.424 4.28448 -790.529 -214.709 19.8419
  poly 1: -808.605 -220.269 -3.44669 -808.605 -249.449 3.51984 -712.472 -266.302 -67.0706 -713.245 -256.942 -68.7053 -688.426 -258.203 -87.6682 -687.394 -270.699 -85.486 -590.958 -287.605 -156.299 -590.958 -258.425 -163.266 -613.334 -254.503 -146.835 -614.674 -270.019 -142.09 -639.357 -262.572 -124.71 -638.282 -250.129 -128.515 -769.024 -227.208 -32.5108 -769.757 -235.659 -29.9248 -794.439 -228.203 -12.5481 -793.973 -222.835 -14.1908 -808.605 -220.269 -3.44669
element 20
  poly 0: -962.136 -254.419 -139.775 -962.136 -282.491 -129.196 -951.287 -279.564 -121.429 -948.175 -260.955 -125.898 -924.004 -260.31 -106.379 -926.086 -272.765 -103.388 -870.226 -257.694 -63.3965 -870.704 -251.8 -66.0091 -846.271 -242.513 -49.5326 -845.578 -251.045 -45.7512 -795.241 -237.464 -9.71421 -794.439 -228.203 -12.5481 -769.878 -224.602 6.17506 -770.412 -230.765 8.06098 -668.127 -203.169 81.288 -668.127 -175.096 70.7085 -689.941 -180.981 55.0917 -689.175 -185.402 57.3841 -713.191 -197.401 42.2705 -714.871 -187.708 37.2438 -962.136 -254.419 -139.775
  poly 1: -943.907 -262.821 -162.071 -943.907 -290.894 -151.491 -926.486 -286.194 -139.02 -923.642 -269.189 -143.103 -899.471 -268.544 -123.584 -901.285 -279.394 -120.978 -846.097 -264.505 -81.4686 -846.627 -257.979 -84.3609 -822.193 -248.693 -67.8844 -821.45 -257.855 -63.8232 -770.489 -244.106 -27.34 -769.757 -235.659 -29.9248 -745.196 -232.058 -11.2017 -745.66 -237.407 -9.56479 -649.898 -211.571 58.992 -649.898 -183.498 48.4126 -666.036 -187.853 36.8591 -665.478 -191.073 38.529 -689.495 -203.072 23.4153 -690.967 -194.579 19.0111 -943.907 -262.821 -162.071
element 21
  poly 0: -808.309 -251.359 -139.727 -808.309 -281.168 -136.345 -667.24 -269.465 -33.22 -667.24 -239.657 -36.6027 -689.042 -241.465 -52.5405 -688.194 -251.736 -50.7468 -713.245 -256.942 -68.7053 -714.35 -243.565 -71.0414 -808.309 -251.359 -139.727
  poly 1: -790.531 -254.084 -163.738 -790.531 -283.892 -160.355 -649.462 -272.19 -57.2306 -649.462 -242.381 -60.6133 -664.15 -243.6 -71.3509 -663.374 -252.998 -69.7096 -688.426 -258.203 -87.6682 -689.458 -245.699 -89.8518 -790.531 -254.084 -163.738
element 22
  poly 0: -407.292 258.371 -163.258 -407.292 287.543 -156.256 -381.687 283.03 -137.455 -382.833 269.829 -141.514 -358.156 262.346 -124.148 -356.741 278.634 -119.14 -310.109 270.415 -84.8998 -309.079 257.957 -87.0908 -284.264 256.673 -68.1291 -285.034 265.996 -66.4894 -188.897 249.053 4.09835 -188.897 219.881 -2.90369 -203.547 222.463 -13.66 -203.081 227.805 -12.0158 -227.755 235.303 -29.377 -228.492 226.86 -31.976 -407.292 258.371 -163.258
  poly 1: -425.37 252.783 -139.978 -425.37 281.955 -132.975 -406.31 278.596 -118.981 -407.386 266.205 -122.791 -382.709 258.722 -105.425 -381.365 274.199 -100.666 -335.225 266.068 -66.7877 -334.123 252.73 -69.1334 -309.308 251.446 -50.1717 -310.151 261.649 -48.3773 -206.975 243.465 27.3784 -206.975 214.293 20.3764 -228.167 218.028 4.81652 -227.63 224.183 6.7111 -252.305 231.681 -10.6501 -253.113 222.425 -13.4995 -425.37 252.783 -139.978
element 23
  poly 0: -655.878 242.179 -60.1972 -655.878 271.985 -56.7896 -514.286 283.823 -160.332 -514.286 254.017 -163.739 -615.89 245.522 -89.4394 -616.92 257.998 -87.2494 -641.966 252.777 -69.2916 -641.192 243.407 -70.9364 -655.878 242.179 -60.1972
  poly 1: -638.094 239.435 -36.1927 -638.094 269.24 -32.785 -496.503 281.078 -136.327 -496.503 251.272 -139.735 -591.001 243.372 -70.6304 -592.104 256.72 -68.2874 -617.15 251.499 -50.3295 -616.304 241.256 -52.1274 -638.094 239.435 -36.1927
element 24
  poly 0: -482.896 264.231 -101.816 -482.896 288.942 -84.8051 -383.384 244.258 -19.8953 -384.19 240.333 -23.3723 -360.607 224.849 -11.3594 -358.881 233.256 -3.91249 -309.457 211.063 28.3254 -307.987 202.594 23.909 -284.296 196.881 42.7527 -284.839 200.009 44.3837 -188.969 156.961 106.918 -188.969 132.25 89.9069 -206.498 140.121 78.473 -205.914 142.954 80.9842 -229.494 158.449 68.9821 -231.002 151.124 62.489 -433.848 242.207 -69.8229 -435.71 252.901 -64.2508 -459.398 258.6 -83.102 -458.469 253.263 -85.8828 -482.896 264.231 -101.816
  poly 1: -501.52 250.895 -82.4436 -501.52 275.606 -65.4328 -407.075 233.198 -3.82808 -407.691 230.199 -6.48421 -384.108 214.715 5.52876 -382.572 222.195 12.1547 -333.675 200.239 44.0492 -331.994 190.556 38.9999 -308.303 184.844 57.8436 -309.057 189.185 60.1074 -207.593 143.625 126.29 -207.593 118.914 109.279 -230.187 129.059 94.5419 -229.412 132.821 97.876 -252.991 148.316 85.8739 -254.691 140.063 78.5578 -458.066 231.383 -54.0994 -459.716 240.86 -49.1615 -483.405 246.559 -68.0127 -482.687 242.439 -70.1593 -501.52 250.895 -82.4436
element 25
  poly 0: -655.439 183.081 48.7556 -655.439 211.138 59.3768 -559.687 237.086 -9.16703 -560.151 231.757 -10.8044 -535.598 235.373 -29.53 -534.863 243.812 -26.9367 -485.266 257.253 -62.4406 -483.405 246.559 -68.0127 -459.398 258.6 -83.102 -460.34 264.008 -80.2842 -361.351 290.833 -151.145 -361.351 262.776 -161.766 -383.978 256.644 -145.568 -382.833 269.829 -141.514 -407.386 266.205 -122.791 -408.801 249.917 -127.799 -614.364 194.212 19.3523 -615.838 202.7 23.7717 -639.847 190.673 38.8688 -639.289 187.457 37.1947 -655.439 183.081 48.7556
  poly 1: -637.205 174.646 71.0351 -637.205 202.703 81.6563 -534.939 230.416 8.44986 -535.474 224.272 6.56163 -510.922 227.888 -12.164 -510.116 237.143 -9.31981 -461.369 250.353 -44.2152 -459.716 240.86 -49.1615 -435.71 252.901 -64.2508 -436.442 257.108 -62.0589 -343.117 282.399 -128.865 -343.117 254.342 -139.486 -359.231 249.975 -127.951 -358.156 262.346 -124.148 -382.709 258.722 -105.425 -384.053 243.248 -110.182 -590.464 187.313 37.5759 -592.146 197 42.6193 -616.155 184.973 57.7164 -615.389 180.558 55.4182 -637.205 174.646 71.0351
element 26
  poly 0: -482.942 219.752 20.4422 -482.942 233.57 47.0706 -380.473 162.598 83.8989 -381.256 160.833 79.1704 -357.332 141.49 82.4248 -355.606 145.375 92.836 -307.308 111.923 110.195 -305.721 106.107 101.675 -281.963 92.3792 115.469 -282.633 94.8328 119.063 -188.657 29.744 152.839 -188.657 15.9262 126.211 -207.201 28.7702 119.546 -206.447 30.4619 124.083 -230.369 49.811 120.845 -232.07 45.9944 110.608 -436.118 187.321 37.2713 -437.802 193.48 46.2882 -461.557 207.198 32.4808 -460.795 204.412 28.4022 -482.942 219.752 20.4422
  poly 1: -501.398 198.759 31.336 -501.398 212.576 57.9643 -405.004 145.813 92.6088 -405.558 144.567 89.269 -381.633 125.223 92.5233 -380.138 128.59 101.546 -331.041 94.585 119.192 -329.258 88.0497 109.618 -305.501 74.3221 123.412 -306.366 77.495 128.06 -207.113 8.75073 163.733 -207.113 -5.06713 137.104 -231.731 11.9843 128.256 -230.746 14.195 134.186 -254.667 33.5441 130.947 -256.6 29.2085 119.318 -459.85 169.982 46.2687 -461.336 175.42 54.2298 -485.091 189.138 40.4224 -484.527 187.073 37.3997 -501.398 198.759 31.336
element 27
  poly 0: -654.962 74.706 115.8 -654.962 94.5502 138.299 -560.26 151.279 88.2644 -560.839 148.463 85.7724 -537.341 158.585 68.8739 -535.833 165.911 75.3587 -486.775 195.298 49.4393 -485.091 189.138 40.4224 -461.557 207.198 32.4808 -462.31 209.953 36.5132 -361.888 270.108 -16.5437 -361.888 250.263 -39.0427 -384.993 236.423 -26.8357 -384.19 240.333 -23.3723 -407.691 230.199 -6.48421 -409.417 221.792 -13.9311 -611.992 100.446 93.0976 -613.576 106.26 101.603 -637.114 88.2088 109.558 -636.455 85.7918 106.022 -654.962 74.706 115.8
  poly 1: -636.239 57.1263 131.306 -636.239 76.9706 153.805 -536.488 136.724 101.102 -537.259 132.976 97.7845 -513.761 143.098 80.886 -512.061 151.356 88.1962 -462.821 180.851 62.1809 -461.336 175.42 54.2298 -437.802 193.48 46.2882 -438.356 195.507 49.2548 -343.165 252.528 -1.03834 -343.165 232.684 -23.5373 -361.219 221.869 -13.9989 -360.607 224.849 -11.3594 -384.108 214.715 5.52876 -385.644 207.238 -1.09435 -588.038 86 105.839 -589.82 92.5407 115.407 -613.357 74.4895 123.362 -612.501 71.3461 118.764 -636.239 57.1263 131.306
element 28
  poly 0: -483.766 120.334 107.125 -483.766 120.288 137.124 -380.723 44.5504 137.006 -381.713 45.2872 130.952 -357.102 27.2076 124.729 -355.1 25.7169 136.977 -309.845 -7.54521 136.925 -308.118 -8.79862 126.357 -283.506 -26.898 132.527 -284.22 -26.3799 136.896 -188.087 -97.0382 136.786 -188.087 -96.9915 106.786 -202.203 -86.6165 106.802 -201.565 -87.0911 110.691 -226.172 -69.0145 116.931 -227.828 -67.7819 106.831 -437.084 86.0222 107.071 -439.017 87.425 118.866 -463.625 105.522 112.679 -462.711 104.858 107.1 -483.766 120.334 107.125
  poly 1: -501.534 96.1615 107.087 -501.534 96.1147 137.087 -405.434 25.4807 136.977 -406.149 26.0133 132.601 -381.538 7.93364 126.377 -379.81 6.64716 136.947 -334.56 -26.6117 136.896 -332.557 -28.0645 124.647 -307.946 -46.1639 130.817 -308.935 -45.4464 136.866 -205.854 -121.211 136.748 -205.854 -121.164 106.748 -226.909 -105.689 106.772 -225.995 -106.369 112.343 -250.602 -88.2925 118.583 -252.534 -86.8546 106.802 -461.795 66.9537 107.041 -463.453 68.1562 117.151 -488.061 86.253 110.965 -487.423 85.7898 107.071 -501.534 96.1615 107.087
element 29
  poly 0: -655.141 -39.6418 123.106 -655.141 -32.4924 152.242 -561.754 35.4489 135.57 -562.526 33.7129 130.923 -538.228 49.9732 120.81 -536.524 53.8047 131.066 -489.995 87.6558 122.759 -488.061 86.253 110.965 -463.625 105.522 112.679 -464.533 106.18 118.214 -360.544 181.835 99.6492 -360.544 174.685 70.5136 -382.055 159.036 74.3538 -381.256 160.833 79.1704 -405.558 144.567 89.269 -407.283 140.681 78.8577 -614.243 -9.88781 115.805 -615.969 -8.62848 126.362 -640.408 -27.8958 124.665 -639.703 -28.4105 120.35 -655.141 -39.6418 123.106
  poly 1: -637.154 -62.9603 128.828 -637.154 -55.8108 157.964 -537.606 16.613 140.192 -538.606 14.3652 134.176 -514.308 30.6256 124.062 -512.376 34.9687 135.688 -465.108 69.3572 127.25 -463.453 68.1562 117.151 -439.017 87.425 118.866 -439.646 87.8815 122.704 -342.558 158.516 105.371 -342.558 151.367 76.2356 -357.904 140.202 78.9752 -357.332 141.49 82.4248 -381.633 125.223 92.5233 -383.132 121.848 83.4792 -589.355 -28.1849 120.295 -591.357 -26.7237 132.544 -615.797 -45.991 130.847 -614.815 -46.7076 124.84 -637.154 -62.9603 128.828
element 30
  poly 0: -482.504 4.20035 137.126 -482.504 -9.69975 163.712 -383.246 -78.3673 127.809 -384.11 -75.1862 123.18 -360.357 -88.8748 109.341 -358.576 -95.434 118.886 -309.465 -129.41 101.122 -307.971 -126.016 92.1137 -284.053 -145.351 88.7964 -284.606 -146.607 92.1301 -188.222 -213.287 57.2671 -188.222 -199.386 30.6817 -205.113 -187.701 36.7912 -204.548 -189.777 39.8092 -228.297 -176.098 53.6615 -229.784 -170.633 45.7151 -433.016 -30.0361 119.226 -434.947 -34.4058 130.837 -458.862 -15.0643 134.138 -457.878 -12.8365 128.218 -482.504 4.20035 137.126
  poly 1: -500.965 -16.7556 126.169 -500.965 -30.6557 152.755 -406.979 -95.6761 118.759 -407.646 -93.2169 115.181 -383.894 -106.905 101.342 -382.309 -112.743 109.836 -333.989 -146.17 92.3584 -332.266 -142.255 81.9661 -308.348 -161.591 78.6488 -309.13 -163.368 83.3667 -206.682 -234.243 46.3104 -206.682 -220.342 19.7249 -228.842 -205.012 27.7403 -228.08 -207.812 31.8108 -251.829 -194.133 45.663 -253.514 -187.944 36.6642 -457.54 -46.7971 110.462 -459.241 -50.6445 120.686 -483.156 -31.303 123.987 -482.402 -29.5976 119.455 -500.965 -16.7556 126.169
element 31
  poly 0: -654.926 -151.983 75.855 -654.926 -159.202 104.973 -557.836 -88.5854 122.48 -558.465 -88.1201 118.647 -534.032 -68.8446 116.981 -532.378 -70.0692 127.071 -485.087 -35.6727 135.598 -483.156 -31.303 123.987 -458.862 -15.0643 134.138 -459.862 -17.3255 140.147 -360.333 55.0646 158.094 -360.333 62.2835 128.975 -382.695 46.0187 124.943 -381.713 45.2872 130.952 -406.149 26.0133 132.601 -408.151 27.504 120.353 -614.34 -122.464 83.1733 -615.838 -125.859 92.2064 -640.135 -142.105 82.07 -639.564 -140.809 78.625 -654.926 -151.983 75.855
  poly 1: -636.936 -175.285 70.078 -636.936 -182.504 99.1965 -532.951 -106.872 117.947 -533.857 -106.201 112.418 -509.425 -86.926 110.753 -507.493 -88.3562 122.537 -460.945 -54.5 130.931 -459.241 -50.6445 120.686 -434.947 -34.4058 130.837 -435.719 -36.1527 135.479 -342.343 31.7625 152.317 -342.343 38.9814 123.198 -357.808 27.7333 120.41 -357.102 27.2076 124.729 -381.538 7.93364 126.377 -383.264 9.21866 115.819 -590.195 -141.288 78.5063 -591.919 -145.197 88.9032 -616.216 -161.442 78.7667 -615.418 -159.634 73.958 -636.936 -175.285 70.078
element 32
  poly 0: -482.041 -119.775 108.89 -482.041 -144.539 125.823 -380.554 -189.888 59.5031 -381.307 -185.535 57.2483 -357.608 -191.199 38.3934 -355.931 -200.891 43.4127 -307.037 -222.739 11.4608 -305.5 -215.233 4.85433 -281.914 -230.678 -7.20493 -282.53 -233.69 -4.55374 -188.09 -275.89 -66.2689 -188.09 -251.126 -83.2023 -206.915 -242.714 -70.9007 -206.19 -246.902 -68.7328 -229.887 -241.246 -49.8742 -231.538 -231.711 -54.8097 -434.952 -140.817 78.1183 -436.652 -149.091 85.4065 -460.235 -133.634 97.4543 -459.461 -129.865 94.1344 -482.041 -119.775 108.89
  poly 1: -500.662 -133.052 89.4737 -500.662 -157.816 106.407 -404.782 -200.66 43.751 -405.325 -197.521 42.1258 -381.626 -203.186 23.2709 -380.159 -211.662 27.6606 -330.728 -233.75 -4.64195 -329.001 -225.315 -12.0668 -305.415 -240.759 -24.126 -306.222 -244.701 -20.6565 -206.711 -289.167 -85.6852 -206.711 -264.403 -102.619 -231.142 -253.486 -86.6539 -230.205 -258.891 -83.8559 -253.902 -253.235 -64.9973 -255.765 -242.483 -70.5628 -458.643 -151.828 62.0148 -460.151 -159.17 68.4822 -483.734 -143.714 80.5299 -483.151 -140.876 78.0309 -500.662 -133.052 89.4737
element 33
  poly 0: -654.324 -233.038 -24.11 -654.324 -252.937 -1.65959 -559.139 -196.043 48.7696 -559.693 -194.007 45.8054 -536.159 -175.967 53.7907 -534.674 -181.42 61.7309 -485.434 -151.988 87.8181 -483.734 -143.714 80.5299 -460.235 -133.634 97.4543 -461.006 -137.387 100.76 -361.239 -77.7537 153.617 -361.239 -57.8545 131.166 -384.965 -72.0361 118.596 -384.11 -75.1862 123.18 -407.646 -93.2169 115.181 -409.427 -86.6577 105.636 -611.835 -207.641 -1.59931 -613.371 -215.138 5.00872 -636.873 -225.23 -11.9045 -636.26 -222.241 -14.5398 -654.324 -233.038 -24.11
  poly 1: -635.602 -250.579 -39.6584 -635.602 -270.479 -17.208 -535.189 -210.46 35.9903 -535.943 -207.695 31.963 -512.409 -189.655 39.9483 -510.725 -195.837 48.9516 -461.659 -166.51 74.9466 -460.151 -159.17 68.4822 -436.652 -149.091 85.4065 -437.231 -151.909 87.8884 -342.516 -95.2954 138.068 -342.516 -75.3962 115.618 -361.015 -86.4532 105.817 -360.357 -88.8748 109.341 -383.894 -106.905 101.342 -385.477 -101.075 92.8573 -588.059 -222.162 -14.4701 -589.786 -230.591 -7.04012 -613.288 -240.684 -23.9533 -612.484 -236.762 -27.4107 -635.602 -250.579 -39.6584
element 34
  poly 0: -482.662 -214.805 19.6815 -482.662 -243.987 26.6374 -379.477 -262.048 -49.1328 -380.324 -251.794 -50.9197 -355.503 -253.049 -69.8825 -354.397 -266.437 -67.5493 -265.237 -282.043 -133.021 -265.237 -252.861 -139.977 -280.827 -250.132 -128.529 -282.238 -266.468 -123.54 -306.921 -259.028 -106.159 -305.775 -245.765 -110.209 -436.526 -222.88 -14.1967 -437.329 -232.153 -11.3629 -462.012 -224.703 6.01581 -461.476 -218.513 4.12413 -482.662 -214.805 19.6815
  poly 1: -500.737 -220.356 -3.60973 -500.737 -249.539 3.34616 -404.602 -266.365 -67.2466 -405.376 -256.993 -68.8799 -380.556 -258.248 -87.8427 -379.523 -270.755 -85.6631 -283.312 -287.595 -156.312 -283.312 -258.412 -163.268 -305.457 -254.536 -147.007 -306.798 -270.065 -142.264 -331.482 -262.624 -124.883 -330.406 -250.17 -128.686 -461.156 -227.284 -32.6742 -461.89 -235.747 -30.088 -486.572 -228.297 -12.7092 -486.106 -222.917 -14.3533 -500.737 -220.356 -3.60973
element 35
  poly 0: -654.032 -254.415 -139.777 -654.032 -282.491 -129.208 -640.769 -278.916 -119.712 -639.357 -262.572 -124.71 -614.796 -258.968 -105.988 -615.942 -272.224 -101.934 -561.04 -257.426 -62.6228 -561.778 -253.175 -64.8262 -537.764 -241.173 -49.712 -536.11 -250.706 -44.7712 -487.375 -237.57 -9.87545 -486.572 -228.297 -12.7092 -462.012 -224.703 6.01581 -462.547 -230.878 7.90279 -360.262 -203.307 81.1435 -360.262 -175.231 70.5745 -382.073 -181.11 54.9568 -381.307 -185.535 57.2483 -405.325 -197.521 42.1258 -407.002 -187.829 37.1066 -654.032 -254.415 -139.777
  poly 1: -635.802 -262.809 -162.076 -635.802 -290.885 -151.507 -616.017 -285.552 -137.34 -614.674 -270.019 -142.09 -590.114 -266.416 -123.367 -591.189 -278.86 -119.562 -537.137 -264.291 -80.8586 -538.083 -258.837 -83.6851 -514.069 -246.836 -68.5709 -512.206 -257.571 -63.007 -462.622 -244.206 -27.503 -461.89 -235.747 -30.088 -437.329 -232.153 -11.3629 -437.794 -237.513 -9.72473 -342.032 -211.701 58.8448 -342.032 -183.625 48.2758 -358.166 -187.974 36.7232 -357.608 -191.199 38.3934 -381.626 -203.186 23.2709 -383.095 -194.693 18.8729 -635.802 -262.809 -162.076
element 36
  poly 0: -500.206 -251.355 -139.727 -500.206 -281.165 -136.355 -359.368 -269.518 -33.3992 -359.368 -239.708 -36.7715 -381.173 -241.511 -52.7117 -380.324 -251.794 -50.9197 -405.376 -256.993 -68.8799 -406.482 -243.604 -71.2132 -500.206 -251.355 -139.727
  poly 1: -482.428 -254.071 -163.739 -482.428 -283.881 -160.366 -341.59 -272.234 -57.4111 -341.59 -242.424 -60.7834 -356.28 -243.639 -71.5223 -355.503 -253.049 -69.8825 -380.556 -258.248 -87.8427 -381.589 -245.732 -90.0238 -482.428 -254.071 -163.739
element 37
  poly 0: -99.6561 258.383 -163.255 -99.6561 287.552 -156.243 -73.8537 282.998 -137.299 -75.0012 269.818 -141.358 -50.3261 262.322 -123.997 -48.9093 278.596 -118.984 -2.26679 270.363 -84.7388 -1.23825 257.916 -86.9321 23.5757 256.626 -67.9708 22.8062 265.938 -66.3299 118.948 248.969 4.25863 118.948 219.8 -2.75326 104.294 222.387 -13.5126 104.76 227.721 -11.8677 80.0877 235.232 -29.2241 79.3489 226.789 -31.8273 -99.6561 258.383 -163.255
  poly 1: -117.735 252.787 -139.977 -117.735 281.957 -132.966 -98.4743 278.557 -118.824 -99.5512 266.188 -122.634 -74.8761 258.692 -105.272 -73.5299 274.155 -100.51 -27.3812 266.009 -66.6269 -26.28 252.683 -68.9752 -1.46602 251.392 -50.0139 -2.30823 261.584 -48.2179 100.869 243.374 27.5364 100.869 214.205 20.5245 79.6764 217.945 4.9644 80.2145 224.094 6.86053 55.5417 231.605 -10.4959 54.7317 222.348 -13.3504 -117.735 252.787 -139.977
element 38
  poly 0: -348.034 242.139 -60.0402 -348.034 271.944 -56.6231 -206.243 283.833 -160.323 -206.243 254.028 -163.74 -308.049 245.492 -89.2831 -309.079 257.957 -87.0908 -334.123 252.73 -69.1334 -333.35 243.37 -70.7795 -348.034 242.139 -60.0402
  poly 1: -330.249 239.387 -36.0378 -330.249 269.192 -32.6206 -188.458 281.081 -136.32 -188.458 251.276 -139.737 -283.162 243.336 -70.4748 -284.264 256.673 -68.1291 -309.308 251.446 -50.1717 -308.463 241.214 -51.9711 -330.249 239.387 -36.0378
element 39
  poly 0: -175.052 264.215 -101.648 -175.052 288.915 -84.6207 -75.5356 244.184 -19.7347 -76.3414 240.263 -23.2131 -52.7593 224.77 -11.2102 -51.0333 233.171 -3.75896 -1.60607 210.954 28.4681 -0.135536 202.488 24.0462 23.5545 196.763 42.8861 23.0115 199.889 44.519 118.882 156.797 107.028 118.882 132.097 90.0003 101.349 139.978 78.5687 101.933 142.81 81.0823 78.3538 158.314 69.0902 76.8449 150.992 62.5917 -126.009 242.171 -69.6715 -127.87 252.859 -64.0937 -151.558 258.57 -82.941 -150.629 253.238 -85.724 -175.052 264.215 -101.648
  poly 1: -193.677 250.867 -82.2849 -193.677 275.566 -65.2576 -99.2265 233.113 -3.6747 -99.842 230.117 -6.33163 -76.26 214.625 5.67128 -74.7242 222.099 12.3011 -25.8215 200.118 44.1862 -24.1404 190.44 39.1308 -0.45033 184.714 57.9708 -1.204 189.053 60.2371 100.257 143.448 126.391 100.257 118.749 109.363 77.6607 128.905 94.6304 78.4355 132.665 97.9674 54.8566 148.169 85.9754 53.1565 139.92 78.6533 -150.225 231.336 -53.9537 -151.875 240.808 -49.0106 -175.562 246.519 -67.8579 -174.845 242.402 -70.0063 -193.677 250.867 -82.2849
element 40
  poly 0: -347.59 182.956 48.8872 -347.59 211.006 59.5263 -251.84 237.003 -9.01211 -252.305 231.681 -10.6501 -227.755 235.303 -29.377 -227.019 243.742 -26.7794 -177.423 257.207 -62.2801 -175.562 246.519 -67.8579 -151.558 258.57 -82.941 -152.499 263.974 -80.1212 -53.5141 290.848 -150.975 -53.5141 262.798 -161.614 -76.1474 256.653 -145.413 -75.0012 269.818 -141.358 -99.5512 266.188 -122.634 -100.968 249.914 -127.647 -306.513 194.109 19.4842 -307.987 202.594 23.909 -331.994 190.556 38.9999 -331.436 187.342 37.3239 -347.59 182.956 48.8872
  poly 1: -329.354 174.509 71.1597 -329.354 202.559 81.7989 -227.094 230.322 8.6008 -227.63 224.183 6.7111 -203.081 227.805 -12.0158 -202.273 237.061 -9.16648 -153.527 250.296 -44.0591 -151.875 240.808 -49.0106 -127.87 252.859 -64.0937 -128.602 257.063 -61.9001 -35.2776 282.4 -128.703 -35.2776 254.35 -139.342 -51.4013 249.973 -127.8 -50.3261 262.322 -123.997 -74.8761 258.692 -105.272 -76.222 243.234 -110.034 -282.614 187.198 37.7034 -284.296 196.881 42.7527 -308.303 184.844 57.8436 -307.537 180.432 55.5431 -329.354 174.509 71.1597
element 41
  poly 0: -175.096 219.646 20.5953 -175.096 233.446 47.2328 -72.6185 162.452 84.0125 -73.4023 160.691 79.2822 -49.4764 141.345 82.5229 -47.7506 145.225 92.9377 0.547565 111.765 110.272 2.13434 105.954 101.746 25.8931 92.2177 115.531 25.2236 94.6699 119.128 119.2 29.5656 152.857 119.2 15.7655 126.219 100.66 28.6095 119.565 101.414 30.2982 124.104 77.491 49.6487 120.879 75.7897 45.8389 110.639 -128.273 187.208 37.4004 -129.957 193.361 46.421 -153.713 207.088 32.6234 -152.951 204.305 28.5433 -175.096 219.646 20.5953
  poly 1: -193.55 198.645 31.4755 -193.55 212.445 58.113 -97.151 145.662 92.7112 -97.7046 144.418 89.3703 -73.7787 125.072 92.611 -72.2831 128.434 101.636 -23.1856 94.4205 119.258 -21.4026 87.8906 109.678 2.35615 74.1547 123.462 1.49036 77.3255 128.114 100.745 8.5641 163.737 100.745 -5.23596 137.1 76.1287 11.8179 128.265 77.1143 14.0248 134.196 53.1915 33.3754 130.971 51.2587 29.0472 119.339 -152.004 169.863 46.3865 -153.491 175.295 54.3506 -177.247 189.022 40.5531 -176.682 186.959 37.5294 -193.55 198.645 31.4755
element 42
  poly 0: -347.108 74.5402 115.851 -347.108 94.3692 138.364 -252.412 151.13 88.3683 -252.991 148.316 85.8739 -229.494 158.449 68.9821 -227.986 165.771 75.4724 -178.931 195.175 49.5737 -177.247 189.022 40.5531 -153.713 207.088 32.6234 -154.466 209.839 36.6571 -54.0433 270.032 -16.3614 -54.0433 250.203 -38.8738 -77.1439 236.357 -26.6777 -76.3414 240.263 -23.2131 -99.842 230.117 -6.33163 -101.568 221.717 -13.7828 -304.136 100.297 93.1641 -305.721 106.107 101.675 -329.258 88.0497 109.618 -328.599 85.6344 106.079 -347.108 74.5402 115.851
  poly 1: -328.385 56.9503 131.345 -328.385 76.7793 153.857 -228.64 136.566 101.196 -229.412 132.821 97.876 -205.914 142.954 80.9842 -204.214 151.207 88.3003 -154.976 180.721 62.3048 -153.491 175.295 54.3506 -129.957 193.361 46.421 -130.511 195.385 49.3882 -35.3201 252.442 -0.868114 -35.3201 232.613 -23.3805 -53.371 221.794 -13.8505 -52.7593 224.77 -11.2102 -76.26 214.625 5.67128 -77.7951 207.154 -0.955673 -280.181 85.8439 105.895 -281.963 92.3792 115.469 -305.501 74.3221 123.412 -304.644 71.1808 118.81 -328.385 56.9503 131.345
element 43
  poly 0: -175.913 120.175 107.206 -175.913 120.107 137.206 -72.8757 44.3751 137.036 -73.8655 45.1162 130.982 -49.2547 27.0413 124.746 -47.2526 25.5422 136.994 -1.99407 -7.72272 136.919 -0.266466 -8.96879 126.352 24.3454 -27.0724 132.51 23.6315 -26.5574 136.877 119.774 -97.2221 136.718 119.774 -97.1547 106.719 105.658 -86.7791 106.742 106.295 -87.2563 110.629 81.6882 -69.1843 116.881 80.033 -67.9451 106.784 -129.229 85.8623 107.129 -131.163 87.2573 118.926 -155.772 105.358 112.752 -154.857 104.698 107.172 -175.913 120.175 107.206
  poly 1: -193.68 96.0019 107.152 -193.68 95.9346 137.152 -97.584 25.304 136.993 -98.2995 25.8397 132.617 -73.6887 7.76475 126.381 -71.9608 6.471 136.951 -26.709 -26.7889 136.877 -24.7066 -28.2332 124.628 -0.0946979 -46.3368 130.786 -1.08347 -45.6236 136.834 102.007 -121.395 136.664 102.007 -121.328 106.664 80.9536 -105.853 106.699 81.8664 -106.537 112.268 57.2596 -88.4648 118.519 55.3289 -87.0193 106.741 -153.942 66.7942 107.087 -155.6 67.9899 117.199 -180.208 86.0909 111.024 -179.569 85.6303 107.129 -193.68 96.0019 107.152
element 44
  poly 0: -347.282 -39.8032 123.08 -347.282 -32.6733 152.221 -253.895 35.2769 135.595 -254.667 33.5441 130.947 -230.369 49.811 120.845 -228.664 53.6356 131.103 -182.142 87.4859 122.821 -180.208 86.0909 111.024 -155.772 105.358 112.752 -156.679 106.013 118.288 -52.6926 181.676 99.7752 -52.6926 174.546 70.6348 -74.2007 158.896 74.4638 -73.4023 160.691 79.2822 -97.7046 144.418 89.3703 -99.4304 140.538 78.9555 -306.392 -10.0506 115.801 -308.118 -8.79862 126.357 -332.557 -28.0645 124.647 -331.852 -28.576 120.333 -347.282 -39.8032 123.08
  poly 1: -329.296 -63.1258 128.787 -329.296 -55.9959 157.927 -229.746 16.4388 140.204 -230.746 14.195 134.186 -206.447 30.4619 124.083 -204.515 34.7975 135.712 -157.255 69.1843 127.299 -155.6 67.9899 117.199 -131.163 87.2573 118.926 -131.793 87.7113 122.766 -34.7067 158.353 105.482 -34.7067 151.223 76.3412 -50.0482 140.06 79.0724 -49.4764 141.345 82.5229 -73.7787 125.072 92.611 -75.2778 121.703 83.564 -281.503 -28.3508 120.278 -283.506 -26.898 132.527 -307.946 -46.1639 130.817 -306.964 -46.8762 124.811 -329.296 -63.1258 128.787
element 45
  poly 0: -174.644 4.02933 137.131 -174.644 -9.88919 163.707 -75.3825 -78.5403 127.752 -76.2458 -75.3576 123.128 -52.4946 -89.037 109.279 -50.7141 -95.6015 118.817 -1.59729 -129.572 101.026 -0.103491 -126.172 92.0208 23.813 -145.506 88.6894 23.2602 -146.764 92.0216 119.644 -213.425 57.1094 119.644 -199.506 30.5336 102.749 -187.821 36.6534 103.314 -189.899 39.6701 79.5659 -176.229 53.5322 78.0786 -170.758 45.5895 -125.155 -30.198 119.205 -127.086 -34.5752 130.812 -151 -15.2357 134.127 -150.016 -13.0042 128.21 -174.644 4.02933 137.131
  poly 1: -193.106 -16.9183 126.16 -193.106 -30.8369 152.736 -99.114 -95.8434 118.69 -99.7813 -93.383 115.115 -76.0301 -107.062 101.266 -74.4456 -112.905 109.755 -26.1196 -146.328 92.2499 -24.3963 -142.406 81.8621 -0.479829 -161.74 78.5307 -1.26204 -163.52 83.246 101.182 -234.372 46.1385 101.182 -220.454 19.5627 79.0205 -205.126 27.5902 79.7823 -207.928 31.6585 56.0345 -194.259 45.5206 54.3502 -188.064 36.5263 -149.678 -46.9541 110.429 -151.378 -50.8083 120.649 -175.291 -31.4688 123.965 -174.538 -29.7603 119.434 -193.106 -16.9183 126.16
element 46
  poly 0: -347.062 -152.135 75.7439 -347.062 -159.374 104.857 -249.974 -88.7601 122.415 -250.602 -88.2925 118.583 -226.172 -69.0145 116.931 -224.519 -70.2456 127.018 -177.222 -35.846 135.572 -175.291 -31.4688 123.965 -151 -15.2357 134.127 -151.999 -17.5007 140.133 -52.4798 54.8817 158.13 -52.4798 62.1206 129.017 -74.8479 45.8518 124.972 -73.8655 45.1162 130.982 -98.2995 25.8397 132.617 -100.302 27.3388 120.369 -306.473 -122.614 83.084 -307.971 -126.016 92.1137 -332.266 -142.255 81.9661 -331.695 -140.958 78.5229 -347.062 -152.135 75.7439
  poly 1: -329.07 -175.432 69.9513 -329.07 -182.67 99.0648 -225.09 -107.044 117.869 -225.995 -106.369 112.343 -201.565 -87.0911 110.691 -199.634 -88.529 122.472 -153.081 -54.6706 130.891 -151.378 -50.8083 120.649 -127.086 -34.5752 130.812 -127.858 -36.3252 135.453 -34.488 31.5849 152.338 -34.488 38.8238 123.224 -49.9609 27.57 120.426 -49.2547 27.0413 124.746 -73.6887 7.76475 126.381 -75.4146 9.05701 115.823 -282.329 -141.436 78.404 -284.053 -145.351 88.7964 -308.348 -161.591 78.6488 -307.551 -159.78 73.8429 -329.07 -175.432 69.9513
element 47
  poly 0: -174.179 -119.948 108.802 -174.179 -144.724 125.717 -72.6864 -190.025 59.3664 -73.4392 -185.667 57.1124 -49.7379 -191.325 38.2578 -48.0643 -201.015 43.2696 0.834427 -222.841 11.3018 2.37168 -215.329 4.69987 25.9585 -230.764 -7.36978 25.3414 -233.779 -4.71973 119.782 -275.932 -66.4604 119.782 -251.156 -83.3761 100.962 -242.756 -71.0725 101.69 -246.968 -68.8949 77.9907 -241.318 -50.0365 76.3384 -231.765 -54.975 -127.092 -140.965 78.0187 -128.792 -149.243 85.3 -152.376 -133.796 97.3581 -151.602 -130.025 94.0418 -174.179 -119.948 108.802
  poly 1: -192.799 -133.211 89.3753 -192.799 -157.987 106.291 -96.9152 -200.785 43.6069 -97.4582 -197.641 41.981 -73.7569 -203.299 23.1264 -72.293 -211.775 27.51 -22.8564 -233.841 -4.80947 -21.1287 -225.399 -12.2291 2.45809 -240.834 -24.2988 1.65064 -244.779 -20.831 101.161 -289.195 -85.8867 101.161 -264.419 -102.802 76.7344 -253.516 -86.8331 77.6733 -258.945 -84.0268 53.9739 -253.295 -65.1685 52.1113 -242.526 -70.7356 -150.782 -151.965 61.9066 -152.29 -159.311 68.3678 -175.874 -143.864 80.4259 -175.291 -141.026 77.9297 -192.799 -133.211 89.3753
element 48
  poly 0: -346.455 -233.115 -24.2808 -346.455 -253.03 -1.84463 -251.275 -196.171 48.626 -251.829 -194.133 45.663 -228.297 -176.098 53.6615 -226.811 -181.556 61.5981 -177.573 -152.142 87.7072 -175.874 -143.864 80.4259 -152.376 -133.796 97.3581 -153.146 -137.55 100.66 -53.3789 -77.9499 153.563 -53.3789 -58.0346 131.127 -77.1007 -72.2057 118.548 -76.2458 -75.3576 123.128 -99.7813 -93.383 115.115 -101.562 -86.8185 105.577 -303.963 -207.731 -1.74917 -305.5 -215.233 4.85433 -329.001 -225.315 -12.0668 -328.388 -222.322 -14.7007 -346.455 -233.115 -24.2808
  poly 1: -327.731 -250.645 -39.8413 -327.731 -270.56 -17.405 -227.327 -210.58 35.8359 -228.08 -207.812 31.8108 -204.548 -189.777 39.8092 -202.863 -195.966 48.8081 -153.798 -166.654 74.8259 -152.29 -159.311 68.3678 -128.792 -149.243 85.3 -129.371 -152.062 87.7787 -34.6555 -95.48 138.003 -34.6555 -75.5648 115.567 -53.1518 -86.6143 105.759 -52.4946 -89.037 109.279 -76.0301 -107.062 101.266 -77.6129 -101.227 92.7878 -280.186 -222.242 -14.6298 -281.914 -230.678 -7.20493 -305.415 -240.759 -24.126 -304.611 -236.833 -27.5813 -327.731 -250.645 -39.8413
element 49
  poly 0: -174.794 -214.9 19.521 -174.794 -244.085 26.4662 -71.6064 -262.117 -49.3075 -72.454 -251.852 -51.0927 -47.6321 -253.1 -70.0554 -46.5256 -266.5 -67.725 42.4074 -282.041 -133.031 42.4074 -252.856 -139.976 27.0499 -250.172 -128.699 25.6379 -266.521 -123.713 0.953908 -259.087 -106.329 2.10047 -245.812 -110.378 -128.658 -222.962 -14.3579 -129.463 -232.247 -11.5243 -154.146 -224.804 5.85649 -153.608 -218.602 3.96373 -174.794 -214.9 19.521
  poly 1: -192.868 -220.443 -3.77281 -192.868 -249.628 3.17243 -96.7326 -266.428 -67.4226 -97.5075 -257.044 -69.0545 -72.6856 -258.292 -88.0172 -71.6519 -270.811 -85.8402 24.3333 -287.584 -156.325 24.3333 -258.399 -163.27 2.42005 -254.57 -147.179 1.07775 -270.111 -142.439 -23.6062 -262.677 -125.055 -22.5294 -250.21 -128.858 -153.288 -227.36 -32.8376 -154.022 -235.835 -30.2512 -178.705 -228.392 -12.8704 -178.238 -223 -14.5159 -192.868 -220.443 -3.77281
element 50
  poly 0: -345.928 -254.411 -139.78 -345.928 -282.491 -129.221 -332.895 -278.981 -119.887 -331.482 -262.624 -124.883 -306.921 -259.028 -106.159 -308.067 -272.296 -102.107 -253.162 -257.51 -62.7844 -253.902 -253.235 -64.9973 -229.887 -241.246 -49.8742 -228.232 -250.797 -44.9304 -179.51 -237.676 -10.0368 -178.705 -228.392 -12.8704 -154.146 -224.804 5.85649 -154.682 -230.99 7.74452 -52.396 -203.446 80.9989 -52.396 -175.365 70.4403 -74.2041 -181.238 54.8219 -73.4392 -185.667 57.1124 -97.4582 -197.641 41.981 -99.1318 -187.951 36.9692 -345.928 -254.411 -139.78
  poly 1: -327.698 -262.796 -162.081 -327.698 -290.877 -151.523 -308.141 -285.61 -137.517 -306.798 -270.065 -142.264 -282.238 -266.468 -123.54 -283.314 -278.925 -119.736 -229.256 -264.367 -81.0213 -230.205 -258.891 -83.8559 -206.19 -246.902 -68.7328 -204.327 -257.654 -63.1673 -154.756 -244.305 -27.666 -154.022 -235.835 -30.2512 -129.463 -232.247 -11.5243 -129.928 -237.619 -9.88474 -34.1661 -211.831 58.6975 -34.1661 -183.751 48.1389 -50.2958 -188.094 36.5872 -49.7379 -191.325 38.2578 -73.7569 -203.299 23.1264 -75.2236 -194.807 18.7345 -327.698 -262.796 -162.081
element 51
  poly 0: -192.102 -251.351 -139.726 -192.102 -281.162 -136.365 -51.4953 -269.57 -33.5785 -51.4953 -239.759 -36.9404 -73.304 -241.557 -52.8829 -72.454 -251.852 -51.0927 -97.5075 -257.044 -69.0545 -98.614 -243.644 -71.3849 -192.102 -251.351 -139.726
  poly 1: -174.325 -254.059 -163.74 -174.325 -283.87 -160.378 -33.718 -272.278 -57.5917 -33.718 -242.467 -60.9536 -48.4101 -243.679 -71.6937 -47.6321 -253.1 -70.0554 -72.6856 -258.292 -88.0172 -73.72 -245.765 -90.1957 -174.325 -254.059 -163.74
element 52
  poly 0: 207.979 258.395 -163.253 207.979 287.562 -156.231 233.979 282.966 -137.142 232.831 269.806 -141.203 257.504 262.298 -123.846 258.923 278.557 -118.829 305.575 270.312 -84.5778 306.603 257.875 -86.7734 331.416 256.578 -67.8125 330.647 265.88 -66.1703 426.793 248.886 4.41888 426.793 219.719 -2.60287 412.134 222.31 -13.3652 412.602 227.638 -11.7196 387.931 235.162 -29.0711 387.19 226.719 -31.6788 207.979 258.395 -163.253
  poly 1: 189.9 252.792 -139.977 189.9 281.958 -132.956 209.362 278.519 -118.667 208.284 266.171 -122.477 232.957 258.662 -105.12 234.305 274.11 -100.354 280.463 265.951 -66.466 281.563 252.636 -68.817 306.376 251.339 -49.8561 305.535 261.52 -48.0586 408.714 243.283 27.6944 408.714 214.116 20.6727 387.52 217.862 5.11226 388.059 224.006 7.00992 363.388 231.529 -10.3416 362.576 222.271 -13.2013 189.9 252.792 -139.977
element 53
  poly 0: -40.1901 242.099 -59.8832 -40.1901 271.903 -56.4566 101.8 283.843 -160.313 101.8 254.04 -163.74 -0.209052 245.461 -89.1268 -1.23825 257.916 -86.9321 -26.28 252.683 -68.9752 -25.5075 243.334 -70.6226 -40.1901 242.099 -59.8832
  poly 1: -22.4033 239.34 -35.8828 -22.4033 269.144 -32.4563 119.587 281.084 -136.313 119.587 251.28 -139.74 24.677 243.299 -70.3191 23.5757 256.626 -67.9708 -1.46602 251.392 -50.0139 -0.621463 241.172 -51.8149 -22.4033 239.34 -35.8828
element 54
  poly 0: 132.791 264.2 -101.48 132.791 288.888 -84.4362 232.312 244.11 -19.5742 231.507 240.192 -23.0539 255.088 224.692 -11.061 256.814 233.086 -3.60547 306.245 210.845 28.6108 307.716 202.382 24.1834 331.405 196.644 43.0194 330.862 199.769 44.6544 426.732 156.633 107.137 426.732 131.945 90.0935 409.196 139.835 78.6643 409.78 142.666 81.1802 386.201 158.178 69.1983 384.692 150.86 62.6943 181.829 242.136 -69.52 179.969 252.817 -63.9365 156.282 258.541 -82.78 157.21 253.213 -85.5652 132.791 264.2 -101.48
  poly 1: 114.166 250.839 -82.1261 114.166 275.527 -65.0823 208.622 233.027 -3.52136 208.007 230.035 -6.17909 231.588 214.535 5.81376 233.124 222.003 12.4474 282.032 199.998 44.323 283.713 190.323 39.2618 307.402 184.585 58.0978 306.649 188.922 60.3666 408.107 143.272 126.491 408.107 118.584 109.447 385.508 128.752 94.7188 386.283 132.509 98.0586 362.705 148.021 86.0767 361.004 139.777 78.7487 157.616 231.289 -53.808 155.967 240.755 -48.8596 132.281 246.479 -67.7032 132.997 242.366 -69.8532 114.166 250.839 -82.1261
element 55
  poly 0: -39.7407 182.832 49.0187 -39.7407 210.875 59.6758 56.0068 236.92 -8.85722 55.5417 231.605 -10.4959 80.0877 235.232 -29.2241 80.8261 243.671 -26.6221 130.42 257.161 -62.1197 132.281 246.479 -67.7032 156.282 258.541 -82.78 155.342 263.94 -79.958 254.323 290.863 -150.806 254.323 262.82 -161.463 231.684 256.662 -145.258 232.831 269.806 -141.203 208.284 266.171 -122.477 206.865 249.911 -127.494 1.33776 194.006 19.616 -0.135536 202.488 24.0462 -24.1404 190.44 39.1308 -23.5824 187.227 37.453 -39.7407 182.832 49.0187
  poly 1: -21.5021 174.371 71.2843 -21.5021 202.414 81.9414 80.7512 230.228 8.7517 80.2145 224.094 6.86053 104.76 227.721 -11.8677 105.571 236.979 -9.01317 154.315 250.238 -43.903 155.967 240.755 -48.8596 179.969 252.817 -63.9365 179.237 257.017 -61.7413 272.562 282.402 -128.54 272.562 254.359 -139.197 256.428 249.97 -127.649 257.504 262.298 -123.846 232.957 258.662 -105.12 231.609 243.219 -109.885 25.2357 187.084 37.8308 23.5545 196.763 42.8861 -0.45033 184.714 57.9708 0.315503 180.305 55.6679 -21.5021 174.371 71.2843
element 56
  poly 0: 132.75 219.541 20.7483 132.75 233.323 47.395 235.236 162.307 84.1261 234.452 160.548 79.3939 258.379 141.201 82.6208 260.105 145.074 93.0393 308.403 111.607 110.349 309.99 105.8 101.818 333.75 92.0561 115.593 333.08 94.507 119.194 427.056 29.3871 152.875 427.056 15.6049 126.228 408.521 28.4488 119.585 409.275 30.1344 124.125 385.351 49.4864 120.913 383.649 45.6833 110.671 179.572 187.096 37.5295 177.889 193.242 46.5537 154.131 206.977 32.766 154.893 204.197 28.6843 132.75 219.541 20.7483
  poly 1: 114.297 198.531 31.6149 114.297 212.314 58.2616 210.702 145.511 92.8135 210.149 144.268 89.4716 234.076 124.922 92.6985 235.572 128.278 101.727 284.67 94.2559 119.323 286.453 87.7315 109.737 310.213 73.9873 123.512 309.347 77.1561 128.168 408.603 8.37749 163.741 408.603 -5.40475 137.095 383.989 11.6515 128.273 384.975 13.8546 134.206 361.05 33.2066 130.995 359.117 28.8859 119.359 155.841 169.744 46.5043 154.354 175.17 54.4714 130.597 188.905 40.6837 131.162 186.845 37.6591 114.297 198.531 31.6149
element 57
  poly 0: -39.2546 74.3743 115.902 -39.2546 94.1881 138.428 55.4363 150.982 88.4722 54.8566 148.169 85.9754 78.3538 158.314 69.0902 79.862 165.632 75.5859 128.913 195.052 49.708 130.597 188.905 40.6837 154.131 206.977 32.766 153.379 209.725 36.8009 253.802 269.957 -16.1791 253.802 250.143 -38.7049 230.705 236.29 -26.5197 231.507 240.192 -23.0539 208.007 230.035 -6.17909 206.281 221.641 -13.6346 3.71926 100.149 93.2306 2.13434 105.954 101.746 -21.4026 87.8906 109.678 -20.7436 85.4769 106.136 -39.2546 74.3743 115.902
  poly 1: -20.5311 56.7742 131.383 -20.5311 76.588 153.909 79.2071 136.409 101.291 78.4355 132.665 97.9674 101.933 142.81 81.0823 103.633 151.059 88.4043 152.87 180.59 62.4285 154.354 175.17 54.4714 177.889 193.242 46.5537 177.335 195.264 49.5215 272.525 252.357 -0.697913 272.525 232.543 -23.2237 254.477 221.718 -13.7021 255.088 224.692 -11.061 231.588 214.535 5.81376 230.053 207.069 -0.817035 27.6761 85.6879 105.951 25.8931 92.2177 115.531 2.35615 74.1547 123.462 3.21331 71.0156 118.857 -20.5311 56.7742 131.383
element 58
  poly 0: 131.94 120.015 107.288 131.94 119.927 137.288 234.972 44.1999 137.066 233.982 44.9451 131.011 258.592 26.8749 124.763 260.595 25.3675 137.011 305.857 -7.90024 136.913 307.585 -9.13898 126.346 332.197 -27.2467 132.493 331.483 -26.735 136.858 427.635 -97.4059 136.651 427.635 -97.318 106.651 413.518 -86.9417 106.681 414.155 -87.4214 110.568 389.548 -69.3541 116.831 387.894 -68.1083 106.737 178.625 85.7024 107.187 176.69 87.0895 118.987 152.082 105.195 112.824 152.997 104.539 107.243 131.94 120.015 107.288
  poly 1: 114.173 95.8424 107.217 114.173 95.7544 137.217 210.266 25.1273 137.01 209.55 25.6661 132.632 234.16 7.59586 126.385 235.888 6.29486 136.955 281.142 -26.9661 136.857 283.144 -28.402 124.609 307.756 -46.5097 130.755 306.768 -45.8009 136.802 409.868 -121.579 136.58 409.868 -121.491 106.58 388.816 -106.017 106.625 389.728 -106.704 112.192 365.122 -88.6371 118.455 363.192 -87.1839 106.681 153.912 66.6346 107.132 152.254 67.8237 117.246 127.645 85.9288 111.083 128.284 85.4708 107.187 114.173 95.8424 107.217
element 59
  poly 0: -39.424 -39.9645 123.054 -39.424 -32.8542 152.199 53.9638 35.1049 135.62 53.1915 33.3754 130.971 77.491 49.6487 120.879 79.196 53.4666 131.14 125.711 87.316 122.882 127.645 85.9288 111.083 152.082 105.195 112.824 151.174 105.846 118.362 255.159 181.516 99.9011 255.159 174.406 70.7559 233.653 158.756 74.5738 234.452 160.548 79.3939 210.149 144.268 89.4716 208.423 140.396 79.0531 1.45921 -10.2135 115.796 -0.266466 -8.96879 126.352 -24.7066 -28.2332 124.628 -24.0017 -28.7416 120.316 -39.424 -39.9645 123.054
  poly 1: -21.4385 -63.2913 128.745 -21.4385 -56.181 157.89 78.1145 16.2647 140.216 77.1143 14.0248 134.196 101.414 30.2982 124.104 103.347 34.6263 135.737 150.598 69.0113 127.348 152.254 67.8237 117.246 176.69 87.0895 118.987 176.061 87.541 122.827 273.144 158.19 105.592 273.144 151.079 76.4467 257.807 139.918 79.1695 258.379 141.201 82.6208 234.076 124.922 92.6985 232.577 121.558 83.6488 26.3479 -28.5167 120.261 24.3454 -27.0724 132.51 -0.0946979 -46.3368 130.786 0.88695 -47.0448 124.781 -21.4385 -63.2913 128.745
element 60
  poly 0: 133.216 3.85826 137.135 133.216 -10.0787 163.702 232.481 -78.7133 127.695 231.618 -75.5289 123.075 255.368 -89.1993 109.216 257.148 -95.7689 118.747 306.27 -129.734 100.929 307.764 -126.328 91.9277 331.679 -145.66 88.5823 331.126 -146.92 91.913 427.51 -213.562 56.9515 427.51 -199.625 30.3854 410.61 -187.941 36.5154 411.175 -190.021 39.5308 387.429 -176.36 53.4028 385.941 -170.884 45.4637 182.705 -30.3598 119.184 180.774 -34.7446 130.787 156.862 -15.4072 134.116 157.846 -13.1719 128.201 133.216 3.85826 137.135
  poly 1: 114.753 -17.0811 126.15 114.753 -31.018 152.717 208.751 -96.0106 118.621 208.084 -93.549 115.049 231.834 -107.219 101.191 233.418 -113.066 109.673 281.75 -146.485 92.1412 283.473 -142.557 81.758 307.388 -161.888 78.4125 306.606 -163.671 83.1252 409.047 -234.502 45.9665 409.047 -220.565 19.4003 386.883 -205.24 27.44 387.645 -208.045 31.5061 363.898 -194.384 45.3781 362.214 -188.183 36.3882 158.185 -47.111 110.396 156.485 -50.972 120.613 132.573 -31.6346 123.942 133.326 -29.9231 119.413 114.753 -17.0811 126.15
element 61
  poly 0: -39.1969 -152.287 75.6327 -39.1969 -159.545 104.741 57.8875 -88.9348 122.349 57.2596 -88.4648 118.519 81.6882 -69.1843 116.881 83.3413 -70.422 126.966 130.642 -36.0193 135.545 132.573 -31.6346 123.942 156.862 -15.4072 134.116 155.863 -17.6758 140.119 255.373 54.6989 158.167 255.373 61.9576 129.059 233 45.6849 125.001 233.982 44.9451 131.011 209.55 25.6661 132.632 207.548 27.1736 120.384 1.39386 -122.765 82.9946 -0.103491 -126.172 92.0208 -24.3963 -142.406 81.8621 -23.8254 -141.107 78.4206 -39.1969 -152.287 75.6327
  poly 1: -21.2033 -175.578 69.8245 -21.2033 -182.837 98.9331 82.7718 -107.215 117.791 81.8664 -106.537 112.268 106.295 -87.2563 110.629 108.226 -88.7018 122.407 154.782 -54.8411 130.851 156.485 -50.972 120.613 180.774 -34.7446 130.787 180.003 -36.4976 135.426 273.367 31.4073 152.359 273.367 38.6661 123.25 257.886 27.4067 120.443 258.592 26.8749 124.763 234.16 7.59586 126.385 232.434 8.89537 115.826 25.5363 -141.584 78.3016 23.813 -145.506 88.6894 -0.479829 -161.74 78.5307 0.316964 -159.926 73.7276 -21.2033 -175.578 69.8245
element 62
  poly 0: 133.684 -120.121 108.713 133.684 -144.909 125.611 235.181 -190.161 59.2297 234.429 -185.799 56.9764 258.132 -191.45 38.1221 259.803 -201.139 43.1264 308.706 -222.942 11.1428 310.243 -215.424 4.54537 333.831 -230.85 -7.53469 333.213 -233.869 -4.88576 427.654 -275.974 -66.6519 427.654 -251.186 -83.55 408.838 -242.797 -71.2443 409.57 -247.034 -69.0569 385.868 -241.391 -50.1988 384.215 -231.819 -55.1403 180.768 -141.113 77.9189 179.069 -149.396 85.1933 155.484 -133.957 97.2619 156.258 -130.185 93.9491 133.684 -120.121 108.713
  poly 1: 115.065 -133.371 89.2768 115.065 -158.159 106.175 210.951 -200.91 43.4626 210.409 -197.761 41.8362 234.112 -203.412 22.9818 235.573 -211.887 27.3593 285.016 -233.931 -4.97705 286.743 -225.482 -12.3915 310.331 -240.908 -24.4715 309.523 -244.857 -21.0056 409.034 -289.224 -86.0882 409.034 -264.436 -102.986 384.61 -253.547 -87.0124 385.552 -258.998 -84.1977 361.85 -253.355 -65.3397 359.987 -242.569 -70.9085 157.079 -152.103 61.7983 155.571 -159.452 68.2532 131.987 -144.014 80.3218 132.569 -141.175 77.8284 115.065 -133.371 89.2768
element 63
  poly 0: -38.5853 -233.192 -24.4517 -38.5853 -253.123 -2.02972 56.5891 -196.299 48.4823 56.0345 -194.259 45.5206 79.5659 -176.229 53.5322 81.0514 -181.693 61.4652 130.287 -152.297 87.5962 131.987 -144.014 80.3218 155.484 -133.957 97.2619 154.713 -137.713 100.56 254.481 -78.146 153.51 254.481 -58.2148 131.088 230.764 -72.3754 118.5 231.618 -75.5289 123.075 208.084 -93.549 115.049 206.304 -86.9794 105.518 3.90823 -207.821 -1.89908 2.37168 -215.329 4.69987 -21.1287 -225.399 -12.2291 -20.5157 -222.403 -14.8616 -38.5853 -233.192 -24.4517
  poly 1: -19.861 -250.71 -40.0242 -19.861 -270.642 -17.6022 80.5357 -210.699 35.6815 79.7823 -207.928 31.6585 103.314 -189.899 39.6701 104.998 -196.094 48.6644 154.064 -166.799 74.7052 155.571 -159.452 68.2532 179.069 -149.396 85.1933 178.49 -152.215 87.669 273.205 -95.6645 137.937 273.205 -75.7333 115.515 254.711 -86.7753 105.7 255.368 -89.1993 109.216 231.834 -107.219 101.191 230.251 -101.379 92.7181 27.6861 -222.322 -14.7894 25.9585 -230.764 -7.36978 2.45809 -240.834 -24.2988 3.26217 -236.905 -27.752 -19.861 -250.71 -40.0242
element 64
  poly 0: 133.074 -214.995 19.3604 133.074 -244.183 26.295 236.264 -262.186 -49.4822 235.416 -251.909 -51.2657 260.239 -253.15 -70.2283 261.346 -266.562 -67.9008 350.052 -282.039 -133.042 350.052 -252.851 -139.976 334.927 -250.212 -128.869 333.514 -266.573 -123.886 308.829 -259.146 -106.5 309.976 -245.859 -110.547 179.21 -223.044 -14.5192 178.405 -232.341 -11.6857 153.721 -224.905 5.6971 154.259 -218.691 3.80326 133.074 -214.995 19.3604
  poly 1: 115.001 -220.53 -3.93595 115.001 -249.717 2.99865 211.137 -266.491 -67.5987 210.362 -257.095 -69.2292 235.184 -258.336 -88.1918 236.219 -270.867 -86.0173 331.979 -287.574 -156.338 331.979 -258.386 -163.273 310.297 -254.604 -147.351 308.954 -270.156 -142.613 284.269 -262.729 -125.228 285.347 -250.25 -129.029 154.58 -227.435 -33.0011 153.845 -235.922 -30.4145 129.161 -228.486 -13.0317 129.629 -223.082 -14.6786 115.001 -220.53 -3.93595
element 65
  poly 0: -37.8239 -254.407 -139.782 -37.8239 -282.491 -129.234 -25.0201 -279.046 -120.063 -23.6062 -262.677 -125.055 0.953908 -259.087 -106.329 -0.19314 -272.367 -102.279 54.7175 -257.594 -62.9461 53.9739 -253.295 -65.1685 77.9907 -241.318 -50.0365 79.6457 -250.887 -45.0897 128.356 -237.782 -10.1981 129.161 -228.486 -13.0317 153.721 -224.905 5.6971 153.184 -231.103 7.58617 255.47 -203.584 80.8542 255.47 -175.5 70.306 233.664 -181.366 54.6868 234.429 -185.799 56.9764 210.409 -197.761 41.8362 208.738 -188.072 36.8318 -37.8239 -254.407 -139.782
  poly 1: -19.5935 -262.784 -162.087 -19.5935 -290.868 -151.538 -0.266028 -285.668 -137.694 1.07775 -270.111 -142.439 25.6379 -266.521 -123.713 24.5609 -278.989 -119.91 78.6245 -264.444 -81.184 77.6733 -258.945 -84.0268 101.69 -246.968 -68.8949 103.553 -257.737 -63.3277 153.11 -244.404 -27.8291 153.845 -235.922 -30.4145 178.405 -232.341 -11.6857 177.938 -237.725 -10.0448 273.7 -211.961 58.5501 273.7 -183.877 48.0019 257.575 -188.215 36.4511 258.132 -191.45 38.1221 234.112 -203.412 22.9818 232.648 -194.921 18.5961 -19.5935 -262.784 -162.087
element 66
  poly 0: 116.001 -251.347 -139.726 116.001 -281.159 -136.375 256.377 -269.623 -33.7577 256.377 -239.811 -37.1092 234.565 -241.603 -53.0542 235.416 -251.909 -51.2657 210.362 -257.095 -69.2292 209.254 -243.683 -71.5566 116.001 -251.347 -139.726
  poly 1: 133.778 -254.046 -163.741 133.778 -283.859 -160.389 274.154 -272.322 -57.7723 274.154 -242.51 -61.1238 259.46 -243.718 -71.8652 260.239 -253.15 -70.2283 235.184 -258.336 -88.1918 234.149 -245.798 -90.3676 133.778 -254.046 -163.741
element 67
  poly 0: 515.615 258.407 -163.25 515.615 287.571 -156.219 541.812 282.934 -136.986 540.663 269.794 -141.047 565.334 262.273 -123.695 566.755 278.519 -118.674 613.417 270.26 -84.4167 614.444 257.834 -86.6148 639.256 256.531 -67.6543 638.488 265.822 -66.0107 734.638 248.802 4.5791 734.638 219.638 -2.45251 719.975 222.234 -13.2178 720.443 227.555 -11.5715 695.774 235.091 -28.9182 695.032 226.649 -31.5302 515.615 258.407 -163.25
  poly 1: 497.535 252.796 -139.977 497.535 281.96 -132.946 517.197 278.48 -118.51 516.119 266.154 -122.32 540.79 258.633 -104.968 542.14 274.065 -100.198 588.306 265.893 -66.3052 589.406 252.588 -68.6588 614.218 251.285 -49.6983 613.377 261.455 -47.8992 716.559 243.191 27.8524 716.559 214.027 20.8208 695.364 217.779 5.26009 695.903 223.917 7.15928 671.234 231.453 -10.1874 670.42 222.194 -13.0523 497.535 252.796 -139.977
element 68
  poly 0: 267.654 242.059 -59.7261 267.654 271.862 -56.2901 409.843 283.854 -160.304 409.843 254.051 -163.74 307.631 245.431 -88.9705 306.603 257.875 -86.7734 281.563 252.636 -68.817 282.335 243.297 -70.4657 267.654 242.059 -59.7261
  poly 1: 285.442 239.292 -35.7279 285.442 269.095 -32.2919 427.631 281.087 -136.306 427.631 251.284 -139.742 332.516 243.263 -70.1635 331.416 256.578 -67.8125 306.376 251.339 -49.8561 307.22 241.129 -51.6586 285.442 239.292 -35.7279
element 69
  poly 0: 440.635 264.184 -101.312 440.635 288.861 -84.2517 540.16 244.035 -19.4137 539.355 240.122 -22.8946 562.936 224.613 -10.9118 564.662 233 -3.452 614.096 210.735 28.7534 615.567 202.275 24.3205 639.255 196.525 43.1527 638.712 199.649 44.7896 734.583 156.469 107.247 734.583 131.792 90.1867 717.043 139.692 78.7598 717.626 142.522 81.2781 694.049 158.042 69.3062 692.54 150.728 62.7968 489.668 242.1 -69.3685 487.808 252.775 -63.7793 464.122 258.512 -82.619 465.05 253.188 -85.4063 440.635 264.184 -101.312
  poly 1: 422.009 250.81 -81.9673 422.009 275.487 -64.9071 516.471 232.942 -3.36805 515.856 229.953 -6.02658 539.437 214.444 5.95621 540.972 221.907 12.5937 589.886 199.877 44.4598 591.567 190.206 39.3926 615.255 184.455 58.2248 614.501 188.79 60.496 715.957 143.095 126.592 715.957 118.418 109.531 693.355 128.598 94.8071 694.13 132.354 98.1498 670.553 147.874 86.1779 668.852 139.634 78.8441 465.457 231.241 -53.6623 463.808 240.703 -48.7087 440.123 246.439 -67.5484 440.839 242.329 -69.7001 422.009 250.81 -81.9673
element 70
  poly 0: 268.109 182.708 49.1501 268.109 210.744 59.8251 363.854 236.836 -8.70237 363.388 231.529 -10.3416 387.931 235.162 -29.0711 388.671 243.6 -26.4648 438.263 257.114 -61.9592 440.123 246.439 -67.5484 464.122 258.512 -82.619 463.182 263.905 -79.7949 562.16 290.879 -150.636 562.16 262.842 -161.311 539.514 256.671 -145.103 540.663 269.794 -141.047 516.119 266.154 -122.32 514.698 249.908 -127.341 309.189 193.903 19.7477 307.716 202.382 24.1834 283.713 190.323 39.2618 284.271 187.112 37.5821 268.109 182.708 49.1501
  poly 1: 286.349 174.232 71.4087 286.349 202.269 82.0838 388.596 230.133 8.90256 388.059 224.006 7.00992 412.602 227.638 -11.7196 413.414 236.896 -8.8599 462.157 250.18 -43.7469 463.808 240.703 -48.7087 487.808 252.775 -63.7793 487.077 256.971 -61.5826 580.401 282.403 -128.377 580.401 254.367 -139.052 564.257 249.968 -127.498 565.334 262.273 -123.695 540.79 258.633 -104.968 539.441 243.205 -109.736 333.086 186.969 37.9582 331.405 196.644 43.0194 307.402 184.585 58.0978 308.168 180.178 55.7926 286.349 174.232 71.4087
element 71
  poly 0: 440.596 219.435 20.9012 440.596 233.2 47.5571 543.09 162.161 84.2395 542.306 160.405 79.5055 566.235 141.057 82.7187 567.961 144.923 93.1408 616.258 111.449 110.426 617.845 105.647 101.89 641.606 91.8945 115.654 640.936 94.344 119.259 734.913 29.2087 152.893 734.913 15.4443 126.237 716.382 28.2881 119.604 717.136 29.9706 124.145 693.21 49.3241 120.948 691.509 45.5277 110.702 487.418 186.983 37.6585 485.734 193.123 46.6864 461.975 206.866 32.9086 462.737 204.089 28.8253 440.596 219.435 20.9012
  poly 1: 422.144 198.417 31.7542 422.144 212.182 58.4101 518.556 145.359 92.9157 518.002 144.119 89.5727 541.931 124.771 92.7859 543.427 128.121 101.817 592.525 94.0913 119.389 594.308 87.5724 109.797 618.07 73.8199 123.562 617.203 76.9867 128.221 716.461 8.19092 163.746 716.461 -5.57351 137.09 691.849 11.4851 128.281 692.835 13.6844 134.216 668.909 33.0378 131.019 666.976 28.7246 119.379 463.686 169.625 46.6219 462.2 175.045 54.5921 438.441 188.789 40.8143 439.006 186.731 37.7888 422.144 198.417 31.7542
element 72
  poly 0: 268.599 74.2085 115.953 268.599 94.0071 138.492 363.284 150.833 88.5759 362.705 148.021 86.0767 386.201 158.178 69.1983 387.71 165.492 75.6994 436.758 194.929 49.8422 438.441 188.789 40.8143 461.975 206.866 32.9086 461.223 209.611 36.9447 561.646 269.881 -15.9968 561.646 250.083 -38.536 538.553 236.223 -26.3618 539.355 240.122 -22.8946 515.856 229.953 -6.02658 514.13 221.566 -13.4864 311.575 100.001 93.297 309.99 105.8 101.818 286.453 87.7315 109.737 287.112 85.3193 106.193 268.599 74.2085 115.953
  poly 1: 287.323 56.5981 131.422 287.323 76.3967 153.961 387.055 136.251 101.385 386.283 132.509 98.0586 409.78 142.666 81.1802 411.48 150.91 88.5082 460.715 180.459 62.5522 462.2 175.045 54.5921 485.734 193.123 46.6864 485.18 195.142 49.6547 580.37 252.271 -0.527743 580.37 232.473 -23.067 562.325 221.643 -13.5538 562.936 224.613 -10.9118 539.437 214.444 5.95621 537.902 206.985 -0.678433 335.533 85.5318 106.007 333.75 92.0561 115.593 310.213 73.9873 123.512 311.07 70.8503 118.903 287.323 56.5981 131.422
element 73
  poly 0: 439.793 119.856 107.37 439.793 119.747 137.369 542.819 44.0246 137.095 541.829 44.7741 131.04 566.44 26.7085 124.781 568.442 25.1928 137.027 613.709 -8.0778 136.907 615.436 -9.3092 126.341 640.048 -27.4211 132.475 639.335 -26.9126 136.839 735.497 -97.5897 136.583 735.497 -97.4812 106.583 721.378 -87.1043 106.621 722.015 -87.5865 110.506 697.409 -69.5238 116.781 695.754 -68.2714 106.689 486.479 85.5424 107.245 484.544 86.9218 119.047 459.936 105.031 112.896 460.851 104.379 107.314 439.793 119.856 107.37
  poly 1: 422.026 95.6828 107.282 422.026 95.5742 137.282 518.115 24.9505 137.026 517.399 25.4926 132.647 542.009 7.42699 126.388 543.737 6.11872 136.958 588.993 -27.1433 136.838 590.995 -28.5707 124.59 615.607 -46.6826 130.724 614.619 -45.9781 136.77 717.73 -121.763 136.496 717.73 -121.654 106.496 696.678 -106.181 106.552 697.59 -106.872 112.116 672.984 -88.8093 118.391 671.054 -87.3485 106.62 461.766 66.475 107.177 460.107 67.6573 117.293 435.499 85.7667 111.142 436.137 85.3112 107.245 422.026 95.6828 107.282
element 74
  poly 0: 268.434 -40.1259 123.028 268.434 -33.0352 152.178 361.823 34.9329 135.644 361.05 33.2066 130.995 385.351 49.4864 120.913 387.056 53.2975 131.177 433.564 87.146 122.944 435.499 85.7667 111.142 459.936 105.031 112.896 459.027 105.679 118.436 563.01 181.357 100.027 563.01 174.266 70.8769 541.507 158.616 74.6837 542.306 160.405 79.5055 518.002 144.119 89.5727 516.276 140.253 79.1506 309.31 -10.3763 115.791 307.585 -9.13898 126.346 283.144 -28.402 124.609 283.849 -28.9072 120.299 268.434 -40.1259 123.028
  poly 1: 286.419 -63.4568 128.703 286.419 -56.3661 157.853 385.975 16.0905 140.228 384.975 13.8546 134.206 409.275 30.1344 124.125 411.208 34.4551 135.761 458.451 68.8383 127.397 460.107 67.6573 117.293 484.544 86.9218 119.047 483.914 87.3708 122.889 580.995 158.026 105.702 580.995 150.935 76.5521 565.663 139.776 79.2665 566.235 141.057 82.7187 541.931 124.771 92.7859 540.431 121.413 83.7334 334.199 -28.6826 120.244 332.197 -27.2467 132.493 307.756 -46.5097 130.755 308.738 -47.2135 124.752 286.419 -63.4568 128.703
element 75
  poly 0: 441.076 3.68714 137.14 441.076 -10.2682 163.696 540.344 -78.8863 127.638 539.482 -75.7002 123.022 563.23 -89.3616 109.154 565.01 -95.9364 118.678 614.138 -129.896 100.833 615.631 -126.485 91.8346 639.545 -145.814 88.4751 638.992 -147.076 91.8043 735.376 -213.7 56.7936 735.376 -199.745 30.2371 718.472 -188.06 36.3774 719.037 -190.142 39.3915 695.291 -176.491 53.2733 693.804 -171.009 45.3378 490.565 -30.5217 119.163 488.635 -34.9139 130.761 464.725 -15.5786 134.105 465.708 -13.3396 128.192 441.076 3.68714 137.14
  poly 1: 422.612 -17.2439 126.141 422.612 -31.1992 152.697 516.615 -96.1778 118.551 515.949 -93.715 114.984 539.697 -107.376 101.115 541.281 -113.228 109.591 589.62 -146.642 92.0325 591.343 -142.707 81.6537 615.256 -162.037 78.2942 614.475 -163.822 83.0043 716.912 -234.631 45.7944 716.912 -220.676 19.2379 694.746 -205.354 27.2896 695.507 -208.161 31.3536 671.762 -194.51 45.2354 670.078 -188.302 36.2501 466.048 -47.268 110.363 464.348 -51.1358 120.576 440.437 -31.8004 123.92 441.191 -30.0859 119.392 422.612 -17.2439 126.141
element 76
  poly 0: 268.668 -152.438 75.5213 268.668 -159.717 104.625 365.749 -89.1095 122.284 365.122 -88.6371 118.455 389.548 -69.3541 116.831 391.201 -70.5984 126.913 438.507 -36.1926 135.518 440.437 -31.8004 123.92 464.725 -15.5786 134.105 463.726 -17.851 140.105 563.227 54.516 158.204 563.227 61.7947 129.1 540.847 45.518 125.029 541.829 44.7741 131.04 517.399 25.4926 132.647 515.397 27.0083 120.4 309.261 -122.915 82.905 307.764 -126.328 91.9277 283.473 -142.557 81.758 284.044 -141.255 78.3182 268.668 -152.438 75.5213
  poly 1: 286.663 -175.725 69.6975 286.663 -183.003 98.8011 390.633 -107.386 117.713 389.728 -106.704 112.192 414.155 -87.4214 110.568 416.085 -88.8746 122.342 462.645 -55.0117 130.811 464.348 -51.1358 120.576 488.635 -34.9139 130.761 487.864 -36.67 135.398 581.222 31.2298 152.38 581.222 38.5085 123.276 565.733 27.2434 120.459 566.44 26.7085 124.781 542.009 7.42699 126.388 540.283 8.73374 115.83 333.402 -141.732 78.199 331.679 -145.66 88.5823 307.388 -161.888 78.4125 308.185 -160.072 73.6122 286.663 -175.725 69.6975
element 77
  poly 0: 441.546 -120.294 108.624 441.546 -145.094 125.505 543.048 -190.297 59.0929 542.297 -185.931 56.8403 566.003 -191.576 37.9863 567.67 -201.263 42.9831 616.577 -223.043 10.9838 618.115 -215.52 4.3908 641.703 -230.936 -7.69964 641.085 -233.958 -5.05185 735.526 -276.016 -66.8434 735.526 -251.216 -83.7238 716.715 -242.839 -71.4161 717.449 -247.1 -69.219 693.745 -241.463 -50.3612 692.092 -231.873 -55.3057 488.628 -141.261 77.8191 486.929 -149.548 85.0866 463.344 -134.119 97.1655 464.117 -130.346 93.8562 441.546 -120.294 108.624
  poly 1: 422.928 -133.53 89.1781 422.928 -158.33 106.058 518.818 -201.034 43.3183 518.275 -197.88 41.6912 541.981 -203.526 22.8372 543.44 -212 27.2085 592.888 -234.021 -5.14467 594.616 -225.566 -12.5539 618.204 -240.983 -24.6444 617.396 -244.936 -21.1803 716.907 -289.253 -86.2897 716.907 -264.452 -103.17 692.486 -253.577 -87.1917 693.43 -259.052 -84.3687 669.726 -253.415 -65.5109 667.864 -242.611 -71.0813 464.94 -152.24 61.6898 463.432 -159.593 68.1386 439.847 -144.164 80.2176 440.429 -141.324 77.727 422.928 -133.53 89.1781
element 78
  poly 0: 269.284 -233.269 -24.6227 269.284 -253.216 -2.21486 364.453 -196.426 48.3386 363.898 -194.384 45.3781 387.429 -176.36 53.4028 388.914 -181.83 61.3323 438.148 -152.451 87.485 439.847 -144.164 80.2176 463.344 -134.119 97.1655 462.573 -137.876 100.46 562.341 -78.3422 153.456 562.341 -58.395 131.048 538.628 -72.545 118.452 539.482 -75.7002 123.022 515.949 -93.715 114.984 514.169 -87.1402 105.459 311.78 -207.911 -2.04904 310.243 -215.424 4.54537 286.743 -225.482 -12.3915 287.357 -222.484 -15.0226 269.284 -233.269 -24.6227
  poly 1: 288.009 -250.776 -40.2071 288.009 -270.723 -17.7993 388.398 -210.818 35.527 387.645 -208.045 31.5061 411.175 -190.021 39.5308 412.859 -196.222 48.5207 461.925 -166.943 74.5843 463.432 -159.593 68.1386 486.929 -149.548 85.0866 486.351 -152.368 87.5591 581.066 -95.8491 137.871 581.066 -75.9019 115.464 562.574 -86.9364 105.641 563.23 -89.3616 109.154 539.697 -107.376 101.115 538.115 -101.532 92.6483 335.558 -222.402 -14.9491 333.831 -230.85 -7.53469 310.331 -240.908 -24.4715 311.135 -236.976 -27.9227 288.009 -250.776 -40.2071
element 79
  poly 0: 440.942 -215.09 19.1999 440.942 -244.28 26.1238 544.135 -262.255 -49.657 543.286 -251.967 -51.4387 568.11 -253.201 -70.4012 569.218 -266.625 -68.0766 657.697 -282.037 -133.052 657.697 -252.847 -139.976 642.803 -250.253 -129.039 641.39 -266.625 -124.058 616.704 -259.205 -106.671 617.852 -245.906 -110.716 487.078 -223.126 -14.6806 486.272 -232.435 -11.8472 461.587 -225.006 5.53764 462.126 -218.78 3.64273 440.942 -215.09 19.1999
  poly 1: 422.869 -220.617 -4.09914 422.869 -249.807 2.82481 519.007 -266.553 -67.7748 518.231 -257.146 -69.4038 543.054 -258.38 -88.3663 544.09 -270.922 -86.1944 639.624 -287.563 -156.351 639.624 -258.373 -163.275 618.174 -254.637 -147.523 616.83 -270.202 -142.788 592.145 -262.781 -125.4 593.223 -250.291 -129.2 462.449 -227.511 -33.1646 461.713 -236.009 -30.5779 437.028 -228.58 -13.193 437.497 -223.165 -14.8413 422.869 -220.617 -4.09914
element 80
  poly 0: 270.28 -254.403 -139.785 270.28 -282.491 -129.247 282.854 -279.111 -120.238 284.269 -262.729 -125.228 308.829 -259.146 -106.5 307.681 -272.438 -102.451 362.596 -257.678 -63.1078 361.85 -253.355 -65.3397 385.868 -241.391 -50.1988 387.523 -250.978 -45.2491 436.222 -237.888 -10.3596 437.028 -228.58 -13.193 461.587 -225.006 5.53764 461.049 -231.215 7.42775 563.335 -203.722 80.7094 563.335 -175.634 70.1716 541.533 -181.494 54.5517 542.297 -185.931 56.8403 518.275 -197.88 41.6912 516.608 -188.194 36.6943 270.28 -254.403 -139.785
  poly 1: 288.511 -262.771 -162.092 288.511 -290.86 -151.554 307.609 -285.726 -137.871 308.954 -270.156 -142.613 333.514 -266.573 -123.886 332.436 -279.053 -120.084 386.505 -264.52 -81.3468 385.552 -258.998 -84.1977 409.57 -247.034 -69.0569 411.432 -257.82 -63.4881 460.977 -244.504 -27.9923 461.713 -236.009 -30.5779 486.272 -232.435 -11.8472 485.804 -237.83 -10.205 581.566 -212.091 58.4026 581.566 -184.003 47.8648 565.445 -188.336 36.3149 566.003 -191.576 37.9863 541.981 -203.526 22.8372 540.52 -195.035 18.4576 288.511 -262.771 -162.092
element 81
  poly 0: 424.104 -251.343 -139.726 424.104 -281.156 -136.385 564.249 -269.675 -33.937 564.249 -239.862 -37.2781 542.434 -241.649 -53.2254 543.286 -251.967 -51.4387 518.231 -257.146 -69.4038 517.122 -243.722 -71.7284 424.104 -251.343 -139.726
  poly 1: 441.881 -254.034 -163.742 441.881 -283.847 -160.4 582.026 -272.366 -57.9528 582.026 -242.553 -61.2939 567.33 -243.757 -72.0366 568.11 -253.201 -70.4012 543.054 -258.38 -88.3663 542.018 -245.83 -90.5396 441.881 -254.034 -163.742
element 82
  poly 0: 823.243 258.329 -163.265 823.243 287.509 -156.298 849.69 282.872 -136.878 848.519 269.767 -140.917 873.186 262.217 -123.574 874.642 278.497 -118.557 921.375 270.304 -84.2414 922.349 257.874 -86.4535 947.176 256.45 -67.5241 946.435 265.91 -65.8405 1007.48 255.208 -21.0167 1004.76 244.495 -25.6839 1028.17 231.948 -10.5143 1032.94 250.744 -2.3247 1040.91 249.346 3.53059 1040.91 220.167 -3.43663 823.243 258.329 -163.265
  poly 1: 805.168 252.768 -139.977 805.168 281.948 -133.009 825.082 278.457 -118.387 823.984 266.184 -122.169 848.651 258.633 -104.827 850.033 274.082 -100.066 896.275 265.975 -66.1107 897.314 252.713 -68.4709 922.141 251.289 -49.5414 921.335 261.581 -47.7097 984.455 250.515 -1.36201 982.136 241.374 -5.34441 1005.54 228.827 9.82519 1009.91 246.052 17.33 1022.83 243.786 26.8192 1022.83 214.606 19.852 805.168 252.768 -139.977
element 83
  poly 0: 575.497 242.019 -59.569 575.497 271.82 -56.1235 717.886 283.864 -160.295 717.886 254.063 -163.741 615.472 245.4 -88.8142 614.444 257.834 -86.6148 589.406 252.588 -68.6588 590.177 243.261 -70.3087 575.497 242.019 -59.569
  poly 1: 593.288 239.245 -35.573 593.288 269.046 -32.1275 735.676 281.09 -136.299 735.676 251.288 -139.745 640.355 243.226 -70.0078 639.256 256.531 -67.6543 614.218 251.285 -49.6983 615.061 241.086 -51.5023 593.288 239.245 -35.573
element 84
  poly 0: 748.484 264.08 -101.208 748.484 288.796 -84.2052 848.074 244.077 -19.2 847.25 240.118 -22.7159 870.814 224.584 -10.7425 872.58 233.073 -3.2042 924.247 209.873 30.5202 924.247 203.775 26.3259 948.314 192.97 42.0358 948.313 199.066 46.2294 1009.94 171.394 86.4543 1006.64 164.46 78.5121 1028.61 145.075 86.3076 1035.64 159.851 103.233 1040.61 157.619 106.477 1040.61 132.903 89.4741 797.503 242.069 -69.2122 795.674 252.703 -63.6556 771.979 258.463 -82.4789 772.899 253.117 -85.2721 748.484 264.08 -101.208
  poly 1: 729.854 250.753 -81.8353 729.854 275.469 -64.8322 824.394 233.017 -3.12302 823.765 229.991 -5.81008 847.329 214.457 6.16325 848.9 222.013 12.8727 900.49 198.847 46.5469 900.49 192.75 42.3524 924.557 181.944 58.0623 924.557 188.04 62.256 987.577 159.742 103.391 984.82 153.948 96.7531 1006.79 134.563 104.549 1013.28 148.2 120.169 1021.99 144.292 125.85 1021.99 119.576 108.847 773.287 231.25 -53.4857 771.664 240.683 -48.5566 747.969 246.443 -67.3799 748.682 242.298 -69.5457 729.854 250.753 -81.8353
element 85
  poly 0: 575.958 182.583 49.2814 575.958 210.613 59.9744 671.7 236.753 -8.54755 671.234 231.453 -10.1874 695.774 235.091 -28.9182 696.516 243.528 -26.3076 746.14 257.077 -61.8233 747.969 246.443 -67.3799 771.979 258.463 -82.4789 771.048 263.878 -79.6494 869.997 290.894 -150.466 869.997 262.864 -161.159 847.348 256.68 -144.95 848.519 269.767 -140.917 823.984 266.184 -122.169 822.528 249.904 -127.186 617.04 193.8 19.8794 615.567 202.275 24.3205 591.567 190.206 39.3926 592.124 186.997 37.7111 575.958 182.583 49.2814
  poly 1: 594.201 174.094 71.533 594.201 202.124 82.2261 696.442 230.039 9.05337 695.903 223.917 7.15928 720.443 227.555 -11.5715 721.257 236.814 -8.70666 770.039 250.133 -43.6192 771.664 240.683 -48.5566 795.674 252.703 -63.6556 794.946 256.933 -61.4453 888.24 282.405 -128.215 888.24 254.375 -138.908 872.09 249.966 -127.35 873.186 262.217 -123.574 848.651 258.633 -104.827 847.27 243.189 -109.586 640.935 186.854 38.0855 639.255 196.525 43.1527 615.255 184.455 58.2248 616.02 180.052 55.9172 594.201 174.094 71.533
element 86
  poly 0: 748.461 219.289 20.9507 748.461 233.116 47.5741 850.986 162.076 84.4703 850.182 160.294 79.6773 874.085 140.922 82.8707 875.854 144.844 93.4198 926.958 109.433 111.811 926.881 105.926 104.926 951.166 88.9185 113.32 951.247 92.6032 120.552 1010.83 51.3193 141.994 1007.29 48.8446 131.235 1029.56 27.9392 128.717 1037.03 33.162 151.424 1040.71 30.6157 152.746 1040.71 16.7884 126.123 795.255 186.865 37.7906 793.6 192.986 46.773 769.839 206.748 33.0181 770.595 203.952 28.9161 748.461 219.289 20.9507
  poly 1: 729.999 198.304 31.8494 729.999 212.132 58.4728 826.463 145.29 93.1881 825.894 144.03 89.7978 849.797 124.658 92.9912 851.331 128.059 102.138 902.951 92.2908 120.714 902.875 88.8234 113.909 927.16 71.8162 122.303 927.24 75.4605 129.455 986.989 34.0598 150.958 984.257 32.1489 142.65 1006.53 11.2436 140.132 1013.19 15.9026 160.388 1022.24 9.63118 163.645 1022.24 -4.19615 137.022 771.517 169.536 46.791 770.055 174.945 54.7294 746.294 188.707 40.9744 746.857 186.623 37.9164 729.999 198.304 31.8494
element 87
  poly 0: 576.453 74.0426 116.004 576.453 93.8259 138.556 671.133 150.685 88.6796 670.553 147.874 86.1779 694.049 158.042 69.3062 695.557 165.352 75.8128 744.639 194.828 49.9568 746.294 188.707 40.9744 769.839 206.748 33.0181 769.092 209.512 37.0754 869.491 269.806 -15.8145 869.491 250.023 -38.3671 846.43 236.173 -26.2184 847.25 240.118 -22.7159 823.765 229.991 -5.81008 821.999 221.502 -13.3484 619.431 99.8524 93.3632 617.845 105.647 101.89 594.308 87.5724 109.797 594.968 85.1618 106.25 576.453 74.0426 116.004
  poly 1: 595.177 56.4221 131.461 595.177 76.2054 154.013 694.902 136.094 101.479 694.13 132.354 98.1498 717.626 142.522 81.2781 719.327 150.762 88.612 768.594 180.348 62.6582 770.055 174.945 54.7294 793.6 192.986 46.773 793.047 195.033 49.7768 888.216 252.185 -0.357605 888.216 232.402 -22.9102 870.188 221.576 -13.4134 870.814 224.584 -10.7425 847.329 214.457 6.16325 845.757 206.904 -0.543478 643.39 85.3757 106.062 641.606 91.8945 115.654 618.07 73.8199 123.562 618.927 70.685 118.949 595.177 56.4221 131.461
element 88
  poly 0: 747.645 119.695 107.322 747.645 119.675 137.322 850.766 43.8896 137.27 849.75 44.6405 131.145 874.342 26.5718 124.85 876.4 25.0509 137.257 924.923 -10.6092 137.233 924.885 -10.5756 128.763 950.286 -29.2429 128.575 950.325 -29.2773 137.22 1010 -73.1298 137.19 1006.7 -70.7037 126.757 1029.61 -87.5301 115.617 1036.41 -92.5438 137.176 1041.06 -95.961 137.174 1041.06 -95.9405 107.174 794.335 85.3823 107.298 792.437 86.7689 119.045 767.809 104.873 112.929 768.716 104.21 107.311 747.645 119.695 107.322
  poly 1: 729.879 95.5214 107.305 729.879 95.5009 137.305 826.075 24.8054 137.257 825.34 25.3482 132.829 849.932 7.27951 126.534 851.709 5.96664 137.244 899.357 -29.0503 137.22 899.319 -29.0168 128.804 924.72 -47.6842 128.616 924.759 -47.7183 137.207 987.341 -93.7108 137.176 984.699 -91.7635 128.802 1007.61 -108.59 117.662 1013.76 -113.125 137.162 1023.3 -120.135 137.158 1023.3 -120.114 107.158 769.609 66.3231 107.285 767.981 67.5131 117.367 743.352 85.6171 111.251 743.991 85.1504 107.298 729.879 95.5214 107.305
element 89
  poly 0: 576.293 -40.2873 123.001 576.293 -33.2162 152.156 669.682 34.7609 135.669 668.909 33.0378 131.019 693.21 49.3241 120.948 694.916 53.1284 131.214 741.455 87.0036 122.998 743.352 85.6171 111.251 767.809 104.873 112.929 766.908 105.531 118.505 870.862 181.198 100.152 870.862 174.127 70.9978 849.363 158.478 74.7932 850.182 160.294 79.6773 825.894 144.03 89.7978 824.125 140.108 79.2487 617.162 -10.5392 115.786 615.436 -9.3092 126.341 590.995 -28.5707 124.59 591.7 -29.0728 120.281 576.293 -40.2873 123.001
  poly 1: 594.277 -63.6224 128.661 594.277 -56.5512 157.816 693.835 15.9163 140.24 692.835 13.6844 134.216 717.136 29.9706 124.145 719.069 34.2838 135.785 766.354 68.7018 127.437 767.981 67.5131 117.367 792.437 86.7689 119.045 791.807 87.229 122.944 888.846 157.863 105.812 888.846 150.792 76.6574 873.497 139.619 79.3671 874.085 140.922 82.8707 849.797 124.658 92.9912 848.26 121.249 83.8226 642.051 -28.8485 120.227 640.048 -27.4211 132.475 615.607 -46.6826 130.724 616.589 -47.3821 124.722 594.277 -63.6224 128.661
element 90
  poly 0: 748.939 3.58814 137.01 748.939 -10.2742 163.615 848.308 -79.104 127.752 847.419 -75.8799 123.067 871.146 -89.5332 109.165 872.984 -96.1959 118.846 924.37 -131.789 100.301 924.377 -128.259 93.5149 948.653 -145.091 84.7834 948.647 -148.605 91.539 1010.56 -191.491 69.1935 1007.27 -184.48 61.3028 1029.39 -194.511 43.1595 1036.37 -209.367 59.8795 1040.7 -212.37 58.3149 1040.7 -198.508 31.7097 798.423 -30.6877 119.15 796.538 -35.0391 130.688 772.61 -15.7243 134.063 773.582 -13.4813 128.116 748.939 3.58814 137.01
  poly 1: 730.472 -17.3794 126.085 730.472 -31.2418 152.69 824.594 -96.4363 118.721 823.906 -93.9435 115.099 847.633 -107.597 101.197 849.269 -113.528 109.815 900.392 -148.939 91.3648 900.399 -145.406 84.5721 924.676 -162.237 75.8407 924.669 -165.755 82.6031 988.362 -209.873 59.6161 985.603 -203.997 53.0027 1007.73 -214.028 34.8595 1014.17 -227.749 50.3021 1022.24 -233.338 47.39 1022.24 -219.475 20.7848 773.895 -47.457 110.413 772.233 -51.294 120.587 748.306 -31.9792 123.962 749.055 -30.2506 119.378 730.472 -17.3794 126.085
element 91
  poly 0: 576.532 -152.59 75.4098 576.532 -159.889 104.508 673.611 -89.2842 122.218 672.984 -88.8093 118.391 697.409 -69.5238 116.781 699.061 -70.7747 126.86 746.42 -36.3306 135.5 748.306 -31.9792 123.962 772.61 -15.7243 134.063 771.624 -18.0001 140.097 871.08 54.3332 158.24 871.08 61.6318 129.142 848.742 45.3856 125.067 849.75 44.6405 131.145 825.34 25.3482 132.829 823.282 26.8691 120.422 617.128 -123.065 82.8154 615.631 -126.485 91.8346 591.343 -142.707 81.6537 591.913 -141.404 78.2156 576.532 -152.59 75.4098
  poly 1: 594.53 -175.871 69.5705 594.53 -183.17 98.6691 698.495 -107.557 117.635 697.59 -106.872 112.116 722.015 -87.5865 110.506 723.945 -89.0473 122.277 770.567 -55.1389 130.782 772.233 -51.294 120.587 796.538 -35.0391 130.688 795.771 -36.8084 135.38 889.077 31.0523 152.401 889.077 38.3508 123.302 873.618 27.1073 120.482 874.342 26.5718 124.85 849.932 7.27951 126.534 848.158 8.59082 115.838 641.267 -141.879 78.0964 639.545 -145.814 88.4751 615.256 -162.037 78.2942 616.052 -160.218 73.4967 594.53 -175.871 69.5705
element 92
  poly 0: 749.43 -120.331 108.459 749.43 -145.071 125.427 850.982 -190.583 59.0665 850.204 -186.138 56.7649 873.879 -191.772 37.8817 875.602 -201.617 42.9788 927.098 -224.696 9.32779 927.03 -218.453 5.11229 951.097 -228.946 -10.8162 951.169 -235.483 -6.40132 1011.6 -262.565 -45.8878 1008.06 -252.184 -49.6119 1030.11 -252.26 -70.7488 1037.59 -274.213 -62.8728 1040.61 -275.57 -64.8504 1040.61 -250.829 -81.8182 796.479 -141.416 77.7146 794.82 -149.641 84.9496 771.229 -134.238 97.0522 771.995 -130.443 93.714 749.43 -120.331 108.459
  poly 1: 730.799 -133.63 89.0679 730.799 -158.37 106.036 826.768 -201.38 43.3241 826.204 -198.159 41.6565 849.879 -203.793 22.7733 851.387 -212.413 27.2364 903.325 -235.69 -6.70299 903.257 -229.511 -10.8759 927.324 -240.003 -26.8044 927.395 -246.478 -22.4321 988.068 -273.669 -62.0796 985.277 -265.469 -65.0217 1007.33 -265.545 -86.1586 1014.06 -285.318 -79.0646 1021.98 -288.869 -84.2413 1021.98 -264.128 -101.209 772.782 -152.445 61.6339 771.308 -159.753 68.0626 747.717 -144.35 80.1652 748.297 -141.472 77.6333 730.799 -133.63 89.0679
element 93
  poly 0: 577.154 -233.346 -24.7936 577.154 -253.309 -2.40007 672.317 -196.554 48.1947 671.762 -194.51 45.2354 695.291 -176.491 53.2733 696.777 -181.966 61.1992 746.058 -152.576 87.4002 747.717 -144.35 80.1652 771.229 -134.238 97.0522 770.467 -138.019 100.377 870.2 -78.5383 153.402 870.2 -58.5752 131.008 846.538 -72.6871 118.428 847.419 -75.8799 123.067 823.906 -93.9435 115.099 822.068 -87.2808 105.418 619.652 -208 -2.19906 618.115 -215.52 4.3908 594.616 -225.566 -12.5539 595.229 -222.565 -15.1836 577.154 -233.346 -24.7936
  poly 1: 595.88 -250.841 -40.3901 595.88 -270.804 -17.9965 696.261 -210.938 35.3724 695.507 -208.161 31.3536 719.037 -190.142 39.3915 720.721 -196.35 48.3769 769.834 -167.059 74.4887 771.308 -159.753 68.0626 794.82 -149.641 84.9496 794.243 -152.502 87.4658 888.926 -96.0336 137.806 888.926 -76.0704 115.412 870.469 -87.0784 105.599 871.146 -89.5332 109.165 847.633 -107.597 101.197 845.999 -101.672 92.5889 643.431 -222.482 -15.1089 641.703 -230.936 -7.69964 618.204 -240.983 -24.6444 619.008 -237.047 -28.0935 595.88 -250.841 -40.3901
element 94
  poly 0: 748.809 -215.185 19.0392 748.809 -244.377 25.9525 852.006 -262.324 -49.8317 851.155 -252.024 -51.6117 875.98 -253.252 -70.5741 877.089 -266.687 -68.2524 928.416 -275.613 -105.945 927.241 -261.883 -108.285 952.058 -262.996 -127.269 953.511 -279.977 -124.374 965.342 -282.035 -133.062 965.342 -252.842 -139.976 794.946 -223.208 -14.842 794.139 -232.529 -12.0088 769.453 -225.106 5.37811 769.994 -218.869 3.48214 748.809 -215.185 19.0392
  poly 1: 730.738 -220.703 -4.26239 730.738 -249.896 2.65092 826.877 -266.615 -67.9509 826.1 -257.197 -69.5785 850.925 -258.424 -88.5409 851.961 -270.978 -86.3716 903.278 -279.902 -124.058 902.182 -267.088 -126.242 926.999 -268.201 -145.225 928.373 -284.267 -142.487 947.27 -287.553 -156.364 947.27 -258.36 -163.277 770.317 -227.586 -33.3282 769.58 -236.097 -30.7413 744.895 -228.674 -13.3544 745.365 -223.247 -15.004 730.738 -220.703 -4.26239
element 95
  poly 0: 578.384 -254.399 -139.787 578.384 -282.491 -129.26 590.729 -279.176 -120.414 592.145 -262.781 -125.4 616.704 -259.205 -106.671 615.555 -272.509 -102.624 670.475 -257.761 -63.2696 669.726 -253.415 -65.5109 693.745 -241.463 -50.3612 695.401 -251.068 -45.4086 744.088 -237.994 -10.5211 744.895 -228.674 -13.3544 769.453 -225.106 5.37811 768.915 -231.327 7.26925 871.201 -203.861 80.5646 871.201 -175.768 70.0372 849.414 -181.619 54.4253 850.204 -186.138 56.7649 826.204 -198.159 41.6565 824.481 -188.314 36.5594 578.384 -254.399 -139.787
  poly 1: 596.615 -262.759 -162.097 596.615 -290.851 -151.569 615.485 -285.784 -138.048 616.83 -270.202 -142.788 641.39 -266.625 -124.058 640.311 -279.118 -120.258 694.386 -264.597 -81.5096 693.43 -259.052 -84.3687 717.449 -247.1 -69.219 719.312 -257.903 -63.6486 768.843 -244.603 -28.1556 769.58 -236.097 -30.7413 794.139 -232.529 -12.0088 793.67 -237.936 -10.3652 889.432 -212.221 58.255 889.432 -184.129 47.7276 873.3 -188.461 36.1675 873.879 -191.772 37.8817 849.879 -203.793 22.7733 848.367 -195.156 18.3017 596.615 -262.759 -162.097
element 96
  poly 0: 732.208 -251.339 -139.725 732.208 -281.153 -136.395 872.122 -269.727 -34.1163 872.122 -239.912 -37.447 850.303 -241.694 -53.3967 851.155 -252.024 -51.6117 826.1 -257.197 -69.5785 824.991 -243.761 -71.9001 732.208 -251.339 -139.725
  poly 1: 749.983 -254.022 -163.742 749.983 -283.836 -160.412 889.897 -272.41 -58.1334 889.897 -242.596 -61.4641 875.2 -243.796 -72.2081 875.98 -253.252 -70.5741 850.925 -258.424 -88.5409 849.888 -245.863 -90.7115 749.983 -254.022 -163.742
element 97
  poly 0: 883.35 241.931 -59.3867 883.35 271.718 -55.8189 1023.23 283.991 -158.282 1023.23 254.204 -161.849 923.323 245.438 -88.6668 922.349 257.874 -86.4535 897.314 252.713 -68.4709 898.058 243.222 -70.1601 883.35 241.931 -59.3867
  poly 1: 901.16 239.06 -35.4167 901.16 268.847 -31.8489 1041.04 281.12 -134.312 1041.04 251.333 -137.879 948.215 243.189 -69.8843 947.176 256.45 -67.5241 922.141 251.289 -49.5414 922.949 240.972 -51.3776 901.16 239.06 -35.4167
element 98
  poly 0: 884.23 179.108 49.1287 884.23 203.825 66.1306 1021.39 267.477 -26.4052 1021.39 242.76 -43.4071 1002.04 233.78 -30.3526 1004.76 244.495 -25.6839 982.136 241.374 -5.34441 977.295 222.296 -13.6569 924.247 197.678 22.1317 924.247 203.775 26.3259 900.49 192.75 42.3524 900.491 186.654 38.1589 884.23 179.108 49.1287
  poly 1: 903.237 165.954 68.2525 903.237 190.671 85.2544 1040.4 254.322 -7.28137 1040.4 229.605 -24.2833 1025.86 222.858 -14.4746 1028.17 231.948 -10.5143 1005.54 228.827 9.82519 1001.11 211.374 2.22112 948.314 186.872 37.8414 948.314 192.97 42.0358 924.557 181.944 58.0623 924.557 175.848 53.8686 903.237 165.954 68.2525
element 99
  poly 0: 884.352 71.865 113.307 884.352 85.2699 140.146 1021.71 184.134 90.767 1021.71 170.729 63.9284 1003.33 157.498 70.5368 1006.64 164.46 78.5121 984.82 153.948 96.7531 977.75 139.088 79.7318 926.804 102.42 98.0461 926.881 105.926 104.926 902.875 88.8234 113.909 902.794 85.1387 106.677 884.352 71.865 113.307
  poly 1: 903.157 50.9539 123.751 903.157 64.3588 150.59 1040.52 163.222 101.211 1040.52 149.818 74.3727 1025.85 139.26 79.646 1028.61 145.075 86.3076 1006.79 134.563 104.549 1000.27 120.85 88.8409 951.09 85.4536 106.52 951.166 88.9185 113.32 927.16 71.8162 122.303 927.08 68.1723 115.151 903.157 50.9539 123.751
element 100
  poly 0: 883.942 -40.0451 120.08 883.942 -40.2613 150.079 1023.61 60.4787 150.805 1023.61 60.695 120.806 1003.83 46.4222 120.703 1007.29 48.8446 131.235 984.257 32.1489 142.65 976.993 27.0688 120.563 924.847 -10.5419 120.292 924.885 -10.5756 128.763 899.319 -29.0168 128.804 899.28 -28.9824 120.159 883.942 -40.0451 120.08
  poly 1: 901.492 -64.3757 119.904 901.492 -64.5919 149.903 1041.16 36.1481 150.63 1041.16 36.3644 120.63 1026.88 26.062 120.556 1029.56 27.9392 128.717 1006.53 11.2436 140.132 1000.05 6.70869 120.417 950.249 -29.2094 120.158 950.286 -29.2429 128.575 924.72 -47.6842 128.616 924.682 -47.65 120.025 901.492 -64.3757 119.904
element 101
  poly 0: 884.845 -153.03 72.0334 884.845 -166.855 98.6577 1021.67 -68.9229 149.512 1021.67 -55.0974 122.888 1003.33 -68.2193 116.074 1006.7 -70.7037 126.757 984.699 -91.7635 128.802 977.674 -86.5856 106.537 924.383 -124.73 86.7292 924.377 -128.259 93.5149 900.399 -145.406 84.5721 900.406 -141.892 77.817 884.845 -153.03 72.0334
  poly 1: 903.679 -173.754 61.2718 903.679 -187.579 87.8961 1040.5 -89.6469 138.751 1040.5 -75.8213 112.126 1026.92 -85.5442 107.078 1029.61 -87.5301 115.617 1007.61 -108.59 117.662 1001.26 -103.91 97.5402 948.66 -141.557 77.9908 948.653 -145.091 84.7834 924.676 -162.237 75.8407 924.683 -158.72 69.0786 903.679 -173.754 61.2718
element 102
  poly 0: 885.174 -231.123 -27.5551 885.174 -256.109 -10.9512 1021.42 -194.458 81.8241 1021.42 -169.472 65.2203 1003.94 -177.383 53.315 1007.27 -184.48 61.3028 985.603 -203.997 53.0027 978.508 -188.89 35.9997 926.961 -212.214 0.899266 927.03 -218.453 5.11229 903.257 -229.511 -10.8759 903.185 -222.973 -15.2908 885.174 -231.123 -27.5551
  poly 1: 904.163 -243.977 -46.8991 904.163 -268.964 -30.2953 1040.41 -207.313 62.48 1040.41 -182.326 45.8762 1026.6 -188.573 36.476 1029.39 -194.511 43.1595 1007.73 -214.028 34.8595 1001.18 -200.079 19.1608 951.029 -222.771 -14.9861 951.097 -228.946 -10.8162 927.324 -240.003 -26.8044 927.253 -233.529 -31.1762 904.163 -243.977 -46.8991
element 103
  poly 0: 886.252 -251.285 -139.706 886.252 -281.114 -136.507 1023.3 -270.378 -36.3998 1023.3 -240.549 -39.5989 1004.6 -242.014 -53.2605 1008.06 -252.184 -49.6119 985.277 -265.469 -65.0217 978.002 -244.097 -72.6888 926.067 -248.166 -110.624 927.241 -261.883 -108.285 902.182 -267.088 -126.242 900.733 -250.151 -129.129 886.252 -251.285 -139.706
  poly 1: 904.014 -253.863 -163.746 904.014 -283.692 -160.547 1041.06 -272.956 -60.4391 1041.06 -243.127 -63.6382 1027.37 -244.2 -73.6405 1030.11 -252.26 -70.7488 1007.33 -265.545 -86.1586 1000.77 -246.283 -93.0688 950.962 -250.185 -129.453 952.058 -262.996 -127.269 926.999 -268.201 -145.225 925.627 -252.17 -147.958 904.014 -253.863 -163.746
