2 22 22
2 22 22
14 5 5 5 5 5 5 5 5 5 5 5 5 15 15
14 5 5 5 5 5 5 5 5 5 5 5 5 15 15
2 34 34
2 34 34
18 5 5 5 5 5 5 5 5 5 5 5 5 5 5 5 5 33 33
2 81 81
16 5 5 5 5 5 5 5 5 5 5 5 5 5 5 171 171
64 5 5 5 5 5 5 5 5 5 5 5 5 5 5 5 5 5 5 5 5 5 5 5 5 5 5 5 5 5 5 5 5 5 5 5 5 5 5 5 5 5 5 5 5 5 5 5 5 5 5 5 5 5 5 5 5 5 5 5 5 5 5 21 21
2 87 87
18 5 5 5 5 5 5 5 5 5 5 5 5 5 5 5 5 39 39
2 87 87
18 5 5 5 5 5 5 5 5 5 5 5 5 5 5 5 5 39 39
66 5 5 5 5 5 5 5 5 5 5 5 5 5 5 5 5 5 5 5 5 5 5 5 5 5 5 5 5 5 5 5 5 5 5 5 5 5 5 5 5 5 5 5 5 5 5 5 5 5 5 5 5 5 5 5 5 5 5 5 5 5 5 5 5 21 21
16 5 5 5 5 5 5 5 5 5 5 5 5 5 5 165 165
18 5 5 5 5 5 5 5 5 5 5 5 5 5 5 5 5 33 33
2 81 81
