element 0
  poly 0: -629.737 0.650809 151.826 -629.737 129.824 151.826 -640.904 129.824 171.826 -640.904 238.997 171.826 -629.737 238.997 151.826 -629.737 348.17 151.826 -640.904 348.17 171.826 -640.904 457.343 171.826 -629.737 457.343 151.826 -629.737 566.516 151.826 -640.904 566.516 171.826 -640.904 675.689 171.826 -629.737 675.689 151.826 -629.737 784.862 151.826 -640.904 784.862 171.826 -640.904 894.035 171.826 -629.737 894.035 151.826 -629.737 1003.21 151.826 -640.904 1003.21 171.826 -640.904 1112.38 171.826 -629.737 1112.38 151.826 -629.737 1241.55 151.826 -473.365 1241.55 -128.219 -473.365 0.650809 -128.219 -629.737 0.650809 151.826
  poly 1: -606.83 0.650809 151.826 -606.83 129.824 151.826 -617.998 129.824 171.826 -617.998 238.997 171.826 -606.83 238.997 151.826 -606.83 348.17 151.826 -617.998 348.17 171.826 -617.998 457.343 171.826 -606.83 457.343 151.826 -606.83 566.516 151.826 -617.998 566.516 171.826 -617.998 675.689 171.826 -606.83 675.689 151.826 -606.83 784.862 151.826 -617.998 784.862 171.826 -617.998 894.035 171.826 -606.83 894.035 151.826 -606.83 1003.21 151.826 -617.998 1003.21 171.826 -617.998 1112.38 171.826 -606.83 1112.38 151.826 -606.83 1241.55 151.826 -455.902 1241.55 -118.468 -455.902 0.650809 -118.468 -606.83 0.650809 151.826
element 1
  poly 0: 640.904 100.426 171.826 640.904 1251.52 171.826 317.253 1251.52 171.826 317.253 1108.07 171.826 327.253 1108.07 171.826 327.253 984.614 171.826 307.253 984.614 171.826 307.253 861.159 171.826 327.253 861.159 171.826 327.253 737.703 171.826 307.253 737.703 171.826 307.253 614.248 171.826 327.253 614.248 171.826 327.253 490.793 171.826 307.253 490.793 171.826 307.253 367.337 171.826 327.253 367.337 171.826 327.253 243.882 171.826 317.253 243.882 171.826 317.253 100.426 171.826 640.904 100.426 171.826
  poly 1: 640.904 100.426 151.826 640.904 1251.52 151.826 317.253 1251.52 151.826 317.253 1108.07 151.826 327.253 1108.07 151.826 327.253 984.614 151.826 307.253 984.614 151.826 307.253 861.159 151.826 327.253 861.159 151.826 327.253 737.703 151.826 307.253 737.703 151.826 307.253 614.248 151.826 327.253 614.248 151.826 327.253 490.793 151.826 307.253 490.793 151.826 307.253 367.337 151.826 327.253 367.337 151.826 327.253 243.882 151.826 317.253 243.882 151.826 317.253 100.426 151.826 640.904 100.426 151.826
element 2
  poly 0: 317.253 100.426 171.826 317.253 243.882 171.826 327.253 243.882 171.826 327.253 367.337 171.826 307.253 367.337 171.826 307.253 490.793 171.826 327.253 490.793 171.826 327.253 614.248 171.826 307.253 614.248 171.826 307.253 737.703 171.826 327.253 737.703 171.826 327.253 861.159 171.826 307.253 861.159 171.826 307.253 984.614 171.826 327.253 984.614 171.826 327.253 1108.07 171.826 317.253 1108.07 171.826 317.253 1251.52 171.826 -6.39804 1251.52 171.826 -6.39804 100.426 171.826 317.253 100.426 171.826
  poly 1: 317.253 100.426 151.826 317.253 243.882 151.826 327.253 243.882 151.826 327.253 367.337 151.826 307.253 367.337 151.826 307.253 490.793 151.826 327.253 490.793 151.826 327.253 614.248 151.826 307.253 614.248 151.826 307.253 737.703 151.826 327.253 737.703 151.826 327.253 861.159 151.826 307.253 861.159 151.826 307.253 984.614 151.826 327.253 984.614 151.826 327.253 1108.07 151.826 317.253 1108.07 151.826 317.253 1251.52 151.826 -6.39804 1251.52 151.826 -6.39804 100.426 151.826 317.253 100.426 151.826
element 3
  poly 0: -317.253 -803.094 151.826 -606.83 -803.094 151.826 -606.83 -685.715 151.826 -629.737 -685.715 151.826 -629.737 -588.337 151.826 -606.83 -588.337 151.826 -606.83 -490.958 151.826 -629.737 -490.958 151.826 -629.737 -393.579 151.826 -606.83 -393.579 151.826 -606.83 -276.201 151.826 -317.253 -276.201 151.826 -317.253 -803.094 151.826
  poly 1: -317.253 -803.094 171.826 -617.998 -803.094 171.826 -617.998 -685.715 171.826 -640.904 -685.715 171.826 -640.904 -588.337 171.826 -617.998 -588.337 171.826 -617.998 -490.958 171.826 -640.904 -490.958 171.826 -640.904 -393.579 171.826 -617.998 -393.579 171.826 -617.998 -276.201 171.826 -317.253 -276.201 171.826 -317.253 -803.094 171.826
element 4
  poly 0: -317.253 0.650809 171.826 -317.253 1241.55 171.826 -640.904 1241.55 171.826 -640.904 1112.38 171.826 -617.998 1112.38 171.826 -617.998 1003.21 171.826 -640.904 1003.21 171.826 -640.904 894.035 171.826 -617.998 894.035 171.826 -617.998 784.862 171.826 -640.904 784.862 171.826 -640.904 675.689 171.826 -617.998 675.689 171.826 -617.998 566.516 171.826 -640.904 566.516 171.826 -640.904 457.343 171.826 -617.998 457.343 171.826 -617.998 348.17 171.826 -640.904 348.17 171.826 -640.904 238.997 171.826 -617.998 238.997 171.826 -617.998 129.824 171.826 -640.904 129.824 171.826 -640.904 0.650809 171.826 -317.253 0.650809 171.826
  poly 1: -317.253 0.650809 151.826 -317.253 1241.55 151.826 -629.737 1241.55 151.826 -629.737 1112.38 151.826 -606.83 1112.38 151.826 -606.83 1003.21 151.826 -629.737 1003.21 151.826 -629.737 894.035 151.826 -606.83 894.035 151.826 -606.83 784.862 151.826 -629.737 784.862 151.826 -629.737 675.689 151.826 -606.83 675.689 151.826 -606.83 566.516 151.826 -629.737 566.516 151.826 -629.737 457.343 151.826 -606.83 457.343 151.826 -606.83 348.17 151.826 -629.737 348.17 151.826 -629.737 238.997 151.826 -606.83 238.997 151.826 -606.83 129.824 151.826 -629.737 129.824 151.826 -629.737 0.650809 151.826 -317.253 0.650809 151.826
element 5
  poly 0: -640.904 -1251.52 151.826 -640.904 -1146.81 151.826 -640.904 -1146.81 171.826 -640.904 -1062.09 171.826 -640.904 -1062.09 151.826 -640.904 -957.375 151.826 -640.904 -957.375 -171.826 -640.904 -1251.52 -171.826 -640.904 -1251.52 151.826
  poly 1: -620.904 -1251.52 151.826 -620.904 -1146.81 151.826 -620.904 -1146.81 171.826 -620.904 -1062.09 171.826 -620.904 -1062.09 151.826 -620.904 -957.375 151.826 -620.904 -957.375 -171.826 -620.904 -1251.52 -171.826 -620.904 -1251.52 151.826
element 6
  poly 0: 317.253 -754.852 151.826 -6.39801 -754.852 151.826 -6.39801 -389.313 151.826 317.253 -389.313 151.826 317.253 -474.421 151.826 307.253 -474.421 151.826 307.253 -539.529 151.826 327.253 -539.529 151.826 327.253 -604.636 151.826 307.253 -604.636 151.826 307.253 -669.744 151.826 317.253 -669.744 151.826 317.253 -754.852 151.826
  poly 1: 317.253 -754.852 171.826 -6.39801 -754.852 171.826 -6.39801 -389.313 171.826 317.253 -389.313 171.826 317.253 -474.421 171.826 307.253 -474.421 171.826 307.253 -539.529 171.826 327.253 -539.529 171.826 327.253 -604.636 171.826 307.253 -604.636 171.826 307.253 -669.744 171.826 317.253 -669.744 171.826 317.253 -754.852 171.826
element 7
  poly 0: 371.809 -1233.31 171.826 371.809 -1135.31 171.826 362.529 -1135.31 167.488 362.529 -1057.31 167.488 371.809 -1057.31 171.826 371.809 -959.314 171.826 170.693 -959.314 77.8221 170.693 -1233.31 77.8221 371.809 -1233.31 171.826
  poly 1: 376.252 -1233.31 151.826 376.252 -1135.31 151.826 366.972 -1135.31 147.488 366.972 -1057.31 147.488 376.252 -1057.31 151.826 376.252 -959.314 151.826 179.162 -959.314 59.7036 179.162 -1233.31 59.7036 376.252 -1233.31 151.826
element 8
  poly 0: -617.998 -803.094 171.826 -455.902 -803.094 -118.468 -455.902 -276.201 -118.468 -617.998 -276.201 171.826 -617.998 -393.579 171.826 -606.83 -393.579 151.826 -606.83 -490.958 151.826 -617.998 -490.958 171.826 -617.998 -588.337 171.826 -606.83 -588.337 151.826 -606.83 -685.715 151.826 -617.998 -685.715 171.826 -617.998 -803.094 171.826
  poly 1: -640.904 -803.094 171.826 -473.365 -803.094 -128.219 -473.365 -276.201 -128.219 -640.904 -276.201 171.826 -640.904 -393.579 171.826 -629.737 -393.579 151.826 -629.737 -490.958 151.826 -640.904 -490.958 171.826 -640.904 -588.337 171.826 -629.737 -588.337 151.826 -629.737 -685.715 151.826 -640.904 -685.715 171.826 -640.904 -803.094 171.826
element 9
  poly 0: -317.253 -1251.52 171.826 -317.253 -957.375 171.826 -640.904 -957.375 171.826 -640.904 -1062.09 171.826 -620.904 -1062.09 171.826 -620.904 -1146.81 171.826 -640.904 -1146.81 171.826 -640.904 -1251.52 171.826 -317.253 -1251.52 171.826
  poly 1: -317.253 -1251.52 151.826 -317.253 -957.375 151.826 -640.904 -957.375 151.826 -640.904 -1062.09 151.826 -620.904 -1062.09 151.826 -620.904 -1146.81 151.826 -640.904 -1146.81 151.826 -640.904 -1251.52 151.826 -317.253 -1251.52 151.826
element 10
  poly 0: 593.809 -1233.31 151.826 593.809 -959.314 151.826 376.252 -959.314 151.826 376.252 -1057.31 151.826 366.008 -1057.31 151.826 366.008 -1135.31 151.826 376.252 -1135.31 151.826 376.252 -1233.31 151.826 593.809 -1233.31 151.826
  poly 1: 593.809 -1233.31 171.826 593.809 -959.314 171.826 371.809 -959.314 171.826 371.809 -1057.31 171.826 361.565 -1057.31 171.826 361.565 -1135.31 171.826 371.809 -1135.31 171.826 371.809 -1233.31 171.826 593.809 -1233.31 171.826
element 11
  poly 0: 640.904 -754.852 151.826 317.253 -754.852 151.826 317.253 -669.744 151.826 307.253 -669.744 151.826 307.253 -604.636 151.826 327.253 -604.636 151.826 327.253 -539.529 151.826 307.253 -539.529 151.826 307.253 -474.421 151.826 317.253 -474.421 151.826 317.253 -389.313 151.826 640.904 -389.313 151.826 640.904 -754.852 151.826
  poly 1: 640.904 -754.852 171.826 317.253 -754.852 171.826 317.253 -669.744 171.826 307.253 -669.744 171.826 307.253 -604.636 171.826 327.253 -604.636 171.826 327.253 -539.529 171.826 307.253 -539.529 171.826 307.253 -474.421 171.826 317.253 -474.421 171.826 317.253 -389.313 171.826 640.904 -389.313 171.826 640.904 -754.852 171.826
