element 0
  poly 0: 1641.5 -87.0852 -398.046 1544.56 -75.6814 -316.89 1550.39 -64.3376 -321.773 1543.95 -58.7026 -316.378 1535.75 -74.6451 -309.516 1476.74 -67.7022 -260.106 1482.57 -56.3584 -264.989 1476.12 -50.7234 -259.593 1467.93 -66.6659 -252.732 1408.91 -59.723 -203.322 1414.74 -48.3792 -208.204 1408.3 -42.7442 -202.809 1400.1 -58.6867 -195.947 1337.68 -51.3428 -143.684 1337.68 -7.92643 -143.684 1349.85 10.5469 -153.874 1344.02 17.0822 -148.992 1337.68 7.45962 -143.684 1337.68 51.0717 -143.684 1400.08 58.4132 -195.93 1408.3 42.4192 -202.812 1414.75 48.0535 -208.208 1408.89 59.4494 -203.304 1467.91 66.3924 -252.714 1476.13 50.3984 -259.597 1482.57 56.0327 -264.992 1476.71 67.4286 -260.088 1535.73 74.3716 -309.499 1543.95 58.3776 -316.381 1550.4 64.0119 -321.777 1544.54 75.4078 -316.873 1641.5 86.8141 -398.046 1641.5 -87.0852 -398.046
  poly 1: 1703.81 -104.362 -398.046 1569.33 -88.542 -285.46 1580.01 -67.7787 -294.397 1573.56 -62.1437 -289.002 1560.52 -87.5058 -278.086 1501.51 -80.5628 -228.676 1512.18 -59.7995 -237.613 1505.74 -54.1645 -232.218 1492.7 -79.5266 -221.302 1433.68 -72.5836 -171.892 1444.35 -51.8203 -180.828 1437.91 -46.1853 -175.433 1424.87 -71.5474 -164.517 1360.45 -63.9691 -110.586 1360.45 -7.76544 -110.586 1373.8 12.4844 -121.757 1367.96 19.0197 -116.874 1360.45 7.62062 -110.586 1360.45 63.6285 -110.586 1424.89 71.2093 -164.535 1437.92 45.8643 -175.441 1444.36 51.4986 -180.837 1433.7 72.2455 -171.909 1492.72 79.1885 -221.319 1505.75 53.8435 -232.225 1512.19 59.4778 -237.621 1501.53 80.2247 -228.694 1560.54 87.1677 -278.104 1573.57 61.8227 -289.01 1580.02 67.457 -294.405 1569.35 88.2039 -285.478 1703.81 104.022 -398.046 1703.81 -104.362 -398.046
element 1
  poly 0: 1563.56 -151.925 -398.046 1257.06 -195.635 -213.096 990.272 -207.066 -28.4779 1005.86 -161.385 0.697697 1024.44 -154.833 -7.04844 1024.54 -147.317 -0.449267 1008.77 -152.881 6.12884 1022.44 -112.809 31.7229 1094.09 -98.83 -8.16844 1086.26 -105.862 -8.69949 1091.07 -110.628 -16.4427 1107.01 -96.3095 -15.3612 1173.37 -83.3612 -52.3124 1165.54 -90.3929 -52.8435 1170.35 -95.1596 -60.5867 1186.29 -80.8407 -59.5052 1252.65 -67.8924 -96.4564 1244.82 -74.9241 -96.9875 1249.63 -79.6908 -104.731 1265.57 -65.3719 -103.649 1337.63 -51.3122 -143.772 1400.11 -58.6905 -195.938 1389.95 -67.7607 -196.572 1394.64 -72.4848 -204.192 1408.93 -59.7318 -203.3 1468.01 -66.7086 -252.627 1457.85 -75.7788 -253.261 1462.54 -80.5029 -260.881 1476.83 -67.7499 -259.989 1535.91 -74.7267 -309.317 1525.75 -83.7969 -309.951 1530.44 -88.521 -317.57 1544.73 -75.768 -316.679 1642.19 -87.2765 -398.046 1563.56 -151.925 -398.046
  poly 1: 1626.44 -168.863 -398.046 1273.11 -219.251 -184.84 1005.69 -230.709 0.217534 1021.14 -185.436 29.1327 1043.62 -177.51 19.7618 1043.72 -169.994 26.361 1024.04 -176.932 34.5638 1041.37 -126.185 66.9758 1115.34 -111.752 25.7889 1100.92 -124.705 24.8107 1105.73 -129.472 17.0675 1128.25 -109.232 18.5961 1194.62 -96.2833 -18.3551 1180.2 -109.236 -19.3333 1185.01 -114.003 -27.0765 1207.53 -93.7629 -25.5479 1273.9 -80.8145 -62.4991 1259.48 -93.7674 -63.4773 1264.29 -98.5341 -71.2205 1286.82 -78.2941 -69.6919 1360.39 -63.9381 -110.66 1424.88 -71.5535 -164.502 1406.25 -88.186 -165.665 1410.94 -92.9101 -173.285 1433.7 -72.5948 -171.864 1492.78 -79.5716 -221.192 1474.15 -96.2041 -222.354 1478.84 -100.928 -229.974 1501.6 -80.6129 -228.554 1560.68 -87.5897 -277.881 1542.05 -104.222 -279.044 1546.74 -108.946 -286.663 1569.5 -88.631 -285.243 1704.61 -104.586 -398.046 1626.44 -168.863 -398.046
element 2
  poly 0: 1641.86 86.9134 -398.046 1544.61 75.4457 -316.78 1530.37 88.1619 -317.665 1525.68 83.4399 -310.043 1535.8 74.4062 -309.414 1476.74 67.4413 -260.057 1462.5 80.1575 -260.943 1457.81 75.4354 -253.32 1467.92 66.4018 -252.691 1408.86 59.4369 -203.335 1394.62 72.1531 -204.22 1389.93 67.431 -196.598 1400.05 58.3975 -195.969 1337.37 51.0057 -143.587 1265.65 65.015 -103.611 1249.62 79.4295 -104.695 1244.81 74.6647 -96.9485 1252.74 67.5376 -96.4123 1186.39 80.4972 -59.4315 1170.36 94.9116 -60.5159 1165.55 90.1468 -52.7694 1173.48 83.0197 -52.2333 1107.13 95.9793 -15.2525 1091.1 110.394 -16.3369 1086.29 105.629 -8.59042 1094.22 98.5018 -8.05426 1022.34 112.543 32.0138 1009.29 150.764 7.59546 1018.53 142.57 8.12302 1023.14 147.281 0.567175 1004.98 163.388 -0.46978 990.108 206.956 -28.3044 1255.41 195.501 -212.045 1563.39 151.473 -398.046 1641.86 86.9134 -398.046
  poly 1: 1704.31 104.161 -398.046 1569.46 88.2571 -285.347 1546.68 108.587 -286.763 1541.99 103.865 -279.14 1560.64 87.2177 -277.981 1501.58 80.2528 -228.625 1478.81 100.583 -230.04 1474.12 95.8605 -222.418 1492.77 79.2133 -221.258 1433.71 72.2484 -171.902 1410.93 92.5781 -173.318 1406.24 87.8561 -165.695 1424.89 71.2089 -164.536 1360.65 63.6324 -110.845 1286.77 78.0627 -69.6675 1264.29 98.273 -71.1879 1259.48 93.5082 -63.4414 1273.86 80.5852 -62.4692 1207.51 93.5448 -25.4885 1185.03 113.755 -27.0089 1180.22 108.99 -19.2624 1194.6 96.0673 -18.2902 1128.25 109.027 18.6906 1105.77 129.237 17.1702 1100.96 124.472 24.9166 1115.34 111.549 25.8888 1041.63 125.948 66.9754 1025.05 174.503 35.9544 1036.34 164.489 36.5992 1040.96 169.2 29.0433 1020.75 187.127 27.8892 1005.98 230.378 0.257176 1274.73 218.774 -185.873 1626.05 168.55 -398.046 1704.31 104.161 -398.046
element 3
  poly 0: 1338.28 -51.6792 -142.809 1265.9 -65.5756 -103.114 1271.46 -57.2052 -106.163 1264.27 -50.994 -102.22 1252.93 -68.0655 -96.0015 1186.31 -80.8568 -59.4629 1191.87 -72.4866 -62.512 1184.68 -66.2753 -58.5691 1173.34 -83.3467 -52.3504 1106.72 -96.1381 -15.8117 1112.28 -87.7679 -18.8608 1105.09 -81.5567 -14.9179 1093.76 -98.628 -8.69921 1022.81 -112.249 30.2093 947.927 -99.2552 71.281 950.184 -82.6854 70.043 941.52 -81.1501 74.795 939.258 -97.7511 76.0353 868.619 -85.4942 114.778 870.876 -68.9229 113.54 862.212 -67.3876 118.292 859.95 -83.9901 119.532 789.31 -71.7332 158.275 791.568 -55.1603 157.037 782.903 -53.625 161.789 780.642 -70.2291 163.029 707.256 -57.4957 203.278 707.256 -7.34325 203.278 721.45 9.0505 195.493 715.172 16.1222 198.937 707.256 6.97978 203.278 707.256 57.4943 203.278 779.73 70.0787 163.529 790.399 54.9325 157.678 797.325 61.279 153.879 789.885 71.8419 157.96 859.033 83.8487 120.035 869.704 68.6995 114.183 876.631 75.0459 110.384 869.188 85.612 114.466 938.336 97.6187 76.5409 949.009 82.4664 70.6875 955.936 88.8129 66.8885 948.491 99.382 70.9714 1021.68 112.09 30.8318 1093.8 98.2441 -8.72483 1105.07 81.2832 -14.9023 1112.26 87.494 -18.8456 1106.77 95.7546 -15.8369 1173.39 82.9652 -52.3752 1184.65 66.003 -58.5531 1191.84 72.2138 -62.4964 1186.36 80.4757 -59.4873 1252.98 67.6862 -96.0256 1264.24 50.7228 -102.204 1271.43 56.9337 -106.147 1265.95 65.1968 -103.138 1338.28 51.3106 -142.809 1338.28 7.46388 -142.809 1324.54 -10.77 -135.275 1331.21 -17.3053 -138.932 1338.28 -7.92218 -142.809 1338.28 -51.6792 -142.809
  poly 1: 1361.07 -64.3085 -109.689 1287.16 -78.5006 -69.1493 1297.43 -63.0256 -74.7865 1290.24 -56.8144 -70.8436 1274.19 -80.9905 -62.0368 1207.57 -93.7818 -25.4981 1217.84 -78.307 -31.1353 1210.66 -72.0958 -27.1925 1194.6 -96.2717 -18.3856 1127.98 -109.063 18.153 1138.25 -93.5884 12.5159 1131.07 -87.3772 16.4587 1115.01 -111.553 25.2655 1040.03 -125.95 66.39 964.976 -112.928 107.552 969.103 -82.6294 105.288 960.439 -81.0941 110.04 956.307 -111.423 112.306 885.667 -99.1665 151.049 889.795 -68.8668 148.785 881.131 -67.3315 153.537 876.999 -97.6624 155.803 806.359 -85.4055 194.546 810.487 -55.1043 192.282 801.823 -53.569 197.034 797.691 -83.9014 199.3 720.95 -70.586 241.389 720.95 -7.28239 241.389 737.854 12.24 232.118 731.575 19.3116 235.561 720.95 7.04064 241.389 720.95 69.9416 241.389 797.123 83.1681 199.611 814.117 59.0406 190.291 821.044 65.3871 186.492 807.278 84.9314 194.042 876.426 96.9381 156.117 893.423 72.8076 146.795 900.349 79.154 142.996 886.581 98.7014 150.548 955.729 110.708 112.623 972.728 86.5745 103.3 979.655 92.921 99.5009 965.884 112.471 107.053 1041.01 125.516 65.8498 1114.97 111.319 25.2887 1131.04 87.1083 16.4708 1138.23 93.3192 12.5275 1127.93 108.829 18.1766 1194.55 96.0399 -18.3617 1210.63 71.8281 -27.18 1217.82 78.039 -31.1233 1207.52 93.5504 -25.4738 1274.14 80.761 -62.012 1290.22 56.5479 -70.8309 1297.41 62.7588 -74.7742 1287.11 78.2715 -69.1242 1361.07 64.0726 -109.689 1361.07 7.62498 -109.689 1345.75 -12.7076 -101.287 1352.42 -19.2429 -104.945 1361.07 -7.76108 -109.689 1361.07 -64.3085 -109.689
element 4
  poly 0: 989.895 -206.975 -29.1802 665.133 -244.089 64.1651 343.51 -239.519 190.033 348.376 -187.22 230.485 367.543 -183.687 226.062 367.56 -175.909 232.347 349.113 -179.309 236.604 353.463 -132.559 272.765 432.191 -115.578 256.593 425.787 -120.712 254.873 431.827 -126.035 248.274 449.537 -111.837 253.03 521.274 -96.3645 238.295 514.868 -101.501 236.574 520.907 -106.824 229.975 538.62 -92.6233 234.732 610.357 -77.1508 219.996 603.948 -82.2891 218.275 609.988 -87.6119 211.676 627.703 -73.4095 216.433 706.2 -56.4792 200.309 779.97 -69.6907 161.601 773.207 -83.0327 153.379 781.941 -84.6231 148.775 788.716 -71.257 157.012 859.989 -84.0211 119.615 853.226 -97.3611 111.394 861.96 -98.9514 106.79 868.735 -85.5874 115.025 940.007 -98.3515 77.628 933.246 -111.69 69.4083 941.98 -113.28 64.8044 948.753 -99.9179 73.0388 1023.55 -113.314 33.7903 1009.13 -153.453 6.80421 988.584 -157.372 11.4383 988.643 -165.138 5.13466 1006.13 -161.802 1.19075 989.895 -206.975 -29.1802
  poly 1: 1005.53 -229.985 -0.0854687 671.792 -268.124 95.8385 349.323 -263.542 222.038 354.1 -212.197 261.752 378.874 -207.63 256.036 378.89 -199.852 262.321 354.836 -204.286 267.871 360.16 -147.075 312.123 442.349 -129.348 295.24 430.407 -138.922 292.033 436.446 -144.245 285.434 459.695 -125.607 291.677 531.432 -110.135 276.942 519.487 -119.711 273.734 525.526 -125.034 267.134 548.778 -106.393 273.379 620.515 -90.9209 258.643 608.567 -100.499 255.435 614.607 -105.822 248.835 637.861 -87.1797 255.08 719.812 -69.5041 238.247 796.968 -83.3218 197.762 784.855 -107.215 183.038 793.589 -108.806 178.434 805.714 -84.8881 193.173 876.986 -97.6522 155.776 864.875 -121.544 141.052 873.609 -123.134 136.448 885.732 -99.2185 151.187 957.005 -111.983 113.789 944.894 -135.872 99.0671 953.628 -137.462 94.4631 965.751 -113.549 109.2 1042.43 -127.282 68.9639 1024.39 -177.482 35.2135 999.919 -182.151 40.7339 999.978 -189.917 34.4302 1021.39 -185.831 29.6 1005.53 -229.985 -0.0854687
element 5
  poly 0: 1023 113.008 33.2236 949.074 99.8206 72.1803 934.529 110.978 68.6963 928.875 105.635 75.1898 938.835 97.9941 77.5757 869.115 85.5572 114.315 854.575 96.7116 110.832 848.921 91.3683 117.325 858.877 83.7307 119.71 789.157 71.2938 156.449 774.621 82.4448 152.967 768.966 77.1015 159.46 778.918 69.4673 161.844 705.722 56.4103 200.415 627.557 73.3145 216.597 610.099 87.3127 211.924 604.066 81.9972 218.54 610.218 77.0642 220.186 538.517 92.5706 235.031 521.059 106.569 230.358 515.026 101.253 236.973 521.178 96.3203 238.62 449.477 111.827 253.464 432.018 125.825 248.791 425.985 120.51 255.407 432.138 115.576 257.054 353.482 132.587 273.338 349.222 178.246 237.952 360.519 169.809 240.473 365.989 175.202 234.01 348.272 188.434 230.057 343.522 239.35 190.598 662.863 243.524 65.1169 989.588 205.815 -29.2348 1004.9 163.275 -0.605379 995.413 169.969 -2.40319 990.234 164.376 4.11139 1009.37 150.881 7.73535 1023 113.008 33.2236
  poly 1: 1042.48 126.54 68.5222 966.588 113.001 108.514 942.258 131.666 102.686 936.603 126.323 109.18 956.349 111.175 113.91 886.63 98.738 150.648 862.303 117.399 144.821 856.649 112.056 151.315 876.391 96.9116 156.044 806.671 84.4746 192.783 782.349 103.133 186.957 776.695 97.7894 193.45 796.432 82.6482 198.178 720.257 69.0597 238.319 638.093 86.8287 255.329 614.764 105.535 249.084 608.731 100.219 255.7 620.755 90.5784 258.918 549.053 106.085 273.762 525.723 124.791 267.518 519.69 119.476 274.134 531.714 109.834 277.352 460.013 125.341 292.196 436.683 144.047 285.952 430.65 138.732 292.567 442.674 129.091 295.786 360.367 146.891 312.825 355.115 203.18 269.202 369.993 192.068 272.522 375.463 197.461 266.059 354.165 213.368 261.307 349.466 263.731 222.276 674.088 267.975 94.7196 1005.32 229.745 -0.934527 1020.69 187.051 27.7982 1008.33 195.77 25.4568 1003.15 190.176 31.9714 1025.16 174.658 36.139 1042.48 126.54 68.5222
element 6
  poly 0: 707.41 -57.6471 203.708 628.259 -74.1633 218.549 633.492 -68.5126 217.568 626.045 -61.3743 218.964 610.836 -77.799 221.816 538.777 -92.8354 235.327 544.006 -87.1881 234.346 536.559 -80.0498 235.743 521.353 -96.4711 238.594 449.294 -111.507 252.105 454.521 -105.864 251.125 447.074 -98.7253 252.522 431.87 -115.143 255.372 353.284 -131.542 270.107 271.264 -114.839 285.486 279.723 -105.956 283.9 272.545 -98.88 285.246 259.608 -112.465 287.672 182.173 -96.6963 302.191 190.634 -87.8113 300.605 183.456 -80.7352 301.951 170.517 -94.3226 304.377 93.0822 -78.5536 318.896 101.545 -69.6665 317.309 94.367 -62.5903 318.655 81.4258 -76.1799 321.081 8.27402e-05 -59.5982 336.349 8.27402e-05 -7.10314 336.349 15.9838 8.32939 333.352 9.16195 15.6432 334.631 8.27402e-05 6.79731 336.349 8.27402e-05 59.5175 336.349 81.2329 76.0698 321.118 94.467 62.1718 318.636 101.646 69.248 317.29 92.8885 78.4447 318.932 170.315 94.2214 304.414 183.552 80.321 301.933 190.73 87.3972 300.587 181.971 96.5964 302.229 259.397 112.373 287.711 272.636 98.4702 285.229 279.815 105.546 283.883 271.053 114.748 285.526 352.952 131.436 270.17 431.69 115.001 255.406 447.125 98.3282 252.512 454.575 105.467 251.115 449.116 111.364 252.139 521.18 96.3225 238.626 536.615 79.6495 235.732 544.065 86.7886 234.335 538.606 92.6852 235.359 610.67 77.6435 221.847 626.105 60.9707 218.953 633.555 68.1099 217.556 628.096 74.0062 218.579 707.41 57.4513 203.708 707.41 6.98046 203.708 691.585 -9.32395 206.675 698.623 -16.3956 205.355 707.41 -7.34256 203.708 707.41 -57.6471 203.708
  poly 1: 721.111 -70.7349 241.836 638.453 -87.9828 257.334 649.138 -76.4443 255.331 641.691 -69.306 256.727 621.03 -91.6186 260.601 548.971 -106.655 274.113 559.652 -95.1198 272.11 552.206 -87.9815 273.506 531.547 -110.291 277.38 459.488 -125.327 290.891 470.167 -113.795 288.889 462.72 -106.657 290.285 442.064 -128.963 294.158 359.513 -146.189 309.636 275.238 -129.026 325.438 292.311 -111.098 322.237 285.132 -104.022 323.583 263.581 -126.653 327.624 186.146 -110.884 342.143 203.222 -92.9529 338.941 196.043 -85.8767 340.287 174.49 -108.51 344.329 97.0554 -92.7411 358.848 114.133 -74.808 355.646 106.954 -67.7319 356.992 85.399 -90.3674 361.034 7.7813e-05 -72.9766 377.046 7.7813e-05 -7.10314 377.046 19.8624 12.0743 373.322 13.0406 19.3882 374.601 7.7813e-05 6.79731 377.046 7.7813e-05 72.4089 377.046 85.6051 89.8521 360.995 107.061 67.3196 356.972 114.24 74.3958 355.626 97.2606 92.227 358.809 174.687 108.004 344.292 196.146 85.4688 340.268 203.325 92.545 338.922 186.343 110.379 342.106 263.77 126.155 327.589 285.23 103.618 323.565 292.409 110.694 322.219 275.425 128.53 325.403 359.784 145.72 309.586 442.223 128.512 294.128 462.8 106.285 290.27 470.25 113.424 288.873 459.649 124.875 290.861 531.713 109.833 277.348 552.29 87.6066 273.49 559.74 94.7457 272.093 549.14 106.196 274.081 621.204 91.1543 260.569 641.78 68.9278 256.711 649.23 76.067 255.314 638.63 87.517 257.301 721.111 70.301 241.836 721.111 7.04135 241.836 702.131 -12.5134 245.395 709.169 -19.5851 244.075 721.111 -7.28167 241.836 721.111 -70.7349 241.836
element 7
  poly 0: 343.447 -239.203 189.698 9.56242e-05 -259.248 173.875 -343.447 -239.203 189.698 -348.404 -187.34 230.635 -329.076 -187.34 230.635 -329.076 -179.49 236.831 -349.154 -179.49 236.831 -353.616 -132.805 273.682 -275.256 -116.3 286.709 -279.848 -120.004 283.786 -272.337 -125.743 279.256 -255.458 -112.13 290.001 -185.967 -97.4933 301.554 -190.563 -101.2 298.628 -183.052 -106.939 294.098 -166.169 -93.3233 304.846 -96.6778 -78.6867 316.399 -101.278 -82.3969 313.47 -93.7665 -88.1356 308.94 -76.8796 -74.5166 319.69 4.99426e-05 -58.3237 332.472 81.2158 -75.4299 318.97 71.7423 -82.1749 313.645 78.5744 -88.0872 308.979 92.8964 -77.8902 317.028 170.492 -94.2339 304.127 161.021 -100.977 298.804 167.853 -106.889 294.138 182.173 -96.6942 302.185 259.768 -113.038 289.284 250.3 -119.779 283.963 257.132 -125.692 279.296 271.449 -115.498 287.342 353.616 -132.805 273.682 349.154 -179.49 236.831 329.076 -179.49 236.831 329.076 -187.34 230.635 348.404 -187.34 230.635 343.447 -239.203 189.698
  poly 1: 349.251 -263.304 221.634 6.95383e-05 -283.689 205.543 -349.251 -263.304 221.634 -354.125 -212.306 261.888 -329.076 -212.306 261.888 -329.076 -204.456 268.084 -354.875 -204.456 268.084 -360.317 -147.517 313.028 -279.731 -130.543 326.426 -288.858 -137.904 320.616 -281.346 -143.643 316.086 -259.933 -126.373 329.718 -190.442 -111.737 341.271 -199.573 -119.1 335.458 -192.061 -124.839 330.929 -170.644 -107.567 344.562 -101.153 -92.93 356.116 -110.288 -100.297 350.301 -102.776 -106.036 345.771 -81.3551 -88.76 359.407 4.52129e-05 -71.6244 372.933 85.1741 -89.5644 358.772 66.778 -102.662 348.434 73.6102 -108.574 343.767 96.8547 -92.0246 356.83 174.45 -108.368 343.93 156.057 -121.464 333.593 162.889 -127.377 328.926 186.131 -110.829 341.988 263.727 -127.172 329.087 245.336 -140.266 318.751 252.168 -146.179 314.085 275.407 -129.633 327.145 360.317 -147.517 313.028 354.875 -204.456 268.084 329.076 -204.456 268.084 329.076 -212.306 261.888 354.125 -212.306 261.888 349.251 -263.304 221.634
element 8
  poly 0: 353.525 132.668 273.583 271.244 115.35 287.268 257.249 125.309 279.398 250.417 119.399 284.068 259.562 112.891 289.211 181.959 96.5583 302.119 167.966 106.515 294.25 161.134 100.605 298.921 170.277 94.0995 304.062 92.6733 77.7664 316.969 78.6839 87.7215 309.102 71.8517 81.8115 313.773 80.9912 75.3076 318.912 4.84186e-05 58.2614 332.384 -77.2451 74.5192 319.536 -93.6158 87.7167 309.106 -101.128 81.9804 313.639 -97.0416 78.6858 316.243 -166.516 93.3082 304.687 -182.891 106.509 294.255 -190.404 100.773 298.788 -186.313 97.4747 301.395 -255.788 112.097 289.839 -272.167 125.302 279.404 -279.679 119.565 283.937 -275.584 116.264 286.546 -353.525 132.668 273.583 -349.158 178.259 237.553 -337.619 170.783 243.461 -331.227 176.856 238.662 -348.237 187.876 229.953 -343.385 238.528 189.924 7.73875e-05 258.569 174.087 343.385 238.528 189.925 348.209 188.168 229.723 336.56 194.506 224.714 330.839 188.034 229.828 349.177 178.056 237.714 353.525 132.668 273.583
  poly 1: 360.434 147.038 313.209 275.635 129.191 327.313 252.279 145.811 314.179 245.447 139.901 318.849 263.952 126.732 329.256 186.349 110.399 342.164 162.996 127.017 329.031 156.164 121.107 333.701 174.667 107.94 344.107 97.0638 91.6067 357.015 73.7136 108.223 343.883 66.8814 102.313 348.554 85.3817 89.148 358.958 4.33419e-05 71.1776 373.159 -81.0535 88.237 359.677 -102.632 105.633 345.93 -110.145 99.8967 350.463 -100.85 92.4036 356.385 -170.325 107.026 344.829 -191.908 124.425 331.079 -199.42 118.689 335.612 -190.121 111.193 341.536 -259.596 125.815 329.981 -281.183 143.218 316.228 -288.696 137.482 320.761 -279.393 129.982 326.688 -360.434 147.038 313.209 -355.045 203.298 268.748 -339.857 193.458 276.525 -333.465 199.531 271.726 -354.124 212.915 261.148 -349.298 263.303 221.328 7.39409e-05 283.689 205.218 349.298 263.303 221.328 354.105 213.115 260.99 338.562 221.573 254.307 332.842 215.101 259.421 355.074 203.004 268.981 360.434 147.038 313.209
element 9
  poly 0: 8.27402e-05 -59.5982 336.349 -77.1271 -75.3045 321.887 -72.81 -71.3385 322.697 -79.7146 -63.5584 321.402 -96.8789 -79.3268 318.184 -166.207 -93.4449 305.185 -161.893 -89.4822 305.994 -168.798 -81.7021 304.699 -185.959 -97.4672 301.481 -255.286 -111.585 288.482 -250.977 -107.626 289.29 -257.881 -99.8458 287.996 -275.038 -115.608 284.779 -353.284 -131.542 270.107 -434.305 -114.635 254.916 -425.608 -106.381 256.546 -432.436 -98.9331 255.266 -446.336 -112.125 252.66 -523.799 -95.9608 238.135 -515.099 -87.7042 239.767 -521.927 -80.2565 238.486 -535.829 -93.4504 235.88 -613.292 -77.2864 221.355 -604.59 -69.0275 222.987 -611.418 -61.5799 221.706 -625.323 -74.776 219.099 -707.41 -57.6471 203.708 -707.41 -7.2863 203.708 -691.584 9.01811 206.675 -698.623 16.0898 205.355 -707.41 7.03672 203.708 -707.41 57.4513 203.708 -625.414 74.566 219.082 -611.351 61.2186 221.719 -604.523 68.6655 222.999 -613.385 77.0767 221.338 -535.925 93.2448 235.862 -521.862 79.8972 238.498 -515.034 87.3441 239.779 -523.896 95.7555 238.117 -446.435 111.924 252.641 -432.372 98.5759 255.278 -425.544 106.023 256.558 -434.407 114.434 254.897 -352.952 131.436 270.169 -275.41 115.636 284.709 -257.72 99.3855 288.026 -250.815 107.166 289.32 -255.652 111.61 288.413 -97.2197 79.3273 318.12 -79.5379 63.0845 321.435 -72.6331 70.8653 322.73 -77.4622 75.3014 321.825 8.27402e-05 59.5175 336.349 8.27402e-05 6.79731 336.349 -15.9836 -8.63522 333.352 -9.16178 -15.9491 334.631 8.27402e-05 -7.10314 336.349 8.27402e-05 -59.5982 336.349
  poly 1: 7.7813e-05 -72.9765 377.046 -81.6182 -89.5975 361.742 -71.9003 -80.6699 363.565 -78.8049 -72.8898 362.27 -101.37 -93.6197 358.039 -170.698 -107.738 345.04 -160.984 -98.8136 346.861 -167.888 -91.0335 345.567 -190.45 -111.76 341.336 -259.777 -125.878 328.337 -250.067 -116.957 330.158 -256.971 -109.177 328.863 -279.529 -129.9 324.634 -359.513 -146.189 309.636 -444.994 -128.351 293.608 -427.798 -112.032 296.833 -434.627 -104.584 295.552 -457.025 -125.841 291.353 -534.488 -109.677 276.828 -517.29 -93.355 280.053 -524.118 -85.9073 278.773 -546.518 -107.167 274.572 -623.981 -91.0026 260.048 -606.781 -74.6783 263.273 -613.609 -67.2307 261.993 -636.012 -88.4922 257.792 -721.111 -70.7349 241.836 -721.111 -7.34718 241.836 -702.13 12.2076 245.395 -709.169 19.2792 244.075 -721.111 6.97584 241.836 -721.111 70.301 241.836 -635.913 88.084 257.811 -613.551 66.8594 262.004 -606.723 74.3063 263.284 -623.884 90.5947 260.066 -546.423 106.763 274.59 -524.061 85.5381 278.783 -517.233 92.985 280.063 -534.395 109.274 276.846 -456.934 125.442 291.37 -434.572 104.217 295.563 -427.744 111.664 296.843 -444.905 127.952 293.625 -359.784 145.72 309.586 -279.203 129.3 324.695 -256.804 108.724 328.895 -249.9 116.505 330.189 -259.446 125.274 328.399 -101.013 92.9917 358.106 -78.6224 72.423 362.304 -71.7175 80.2038 363.599 -81.2559 88.9659 361.81 7.7813e-05 72.4089 377.046 7.7813e-05 6.79731 377.046 -19.8623 -12.3801 373.322 -13.0405 -19.694 374.601 7.7813e-05 -7.10314 377.046 7.7813e-05 -72.9765 377.046
element 10
  poly 0: -343.51 -239.519 190.033 -665.133 -244.089 64.165 -989.895 -206.975 -29.1802 -1006.13 -161.802 1.1907 -988.643 -165.138 5.1346 -988.583 -157.372 11.4383 -1009.13 -153.453 6.80415 -1023.55 -113.314 33.7902 -952.642 -100.614 70.998 -956.591 -104.835 66.084 -948.198 -110.791 64.4548 -935.865 -97.6097 79.8014 -872.617 -86.2827 112.988 -876.568 -90.5061 108.071 -868.175 -96.4625 106.442 -855.839 -83.278 121.792 -792.591 -71.9511 154.978 -796.545 -76.1771 150.058 -788.152 -82.1334 148.429 -775.814 -68.9464 163.782 -706.199 -56.4792 200.309 -535.679 -93.2576 235.336 -543.009 -99.6379 227.391 -535.261 -105.899 225.27 -523.705 -95.8403 237.795 -446.604 -112.47 253.633 -453.933 -118.849 245.689 -446.185 -125.11 243.568 -434.63 -115.052 256.092 -353.462 -132.559 272.765 -349.112 -179.309 236.604 -367.56 -175.909 232.347 -367.543 -183.687 226.062 -348.376 -187.22 230.485 -343.51 -239.519 190.033
  poly 1: -349.323 -263.542 222.038 -671.793 -268.124 95.8385 -1005.53 -229.985 -0.0854644 -1021.39 -185.831 29.6 -999.978 -189.917 34.4302 -999.918 -182.151 40.7338 -1024.39 -177.482 35.2134 -1042.43 -127.282 68.9638 -969.906 -114.293 107.02 -977.361 -122.261 97.7432 -968.968 -128.217 96.1139 -953.128 -111.288 115.823 -889.881 -99.9615 149.01 -897.338 -107.932 139.73 -888.945 -113.888 138.101 -873.103 -96.9568 157.813 -809.855 -85.6298 191 -817.315 -93.6029 181.717 -808.922 -99.5592 180.088 -793.078 -82.6251 199.803 -719.812 -69.5041 238.247 -546.328 -106.922 273.882 -560.218 -119.012 258.827 -552.47 -125.273 256.706 -534.353 -109.505 276.342 -457.253 -126.134 292.179 -471.142 -138.223 277.125 -463.394 -144.484 275.004 -445.279 -128.716 294.638 -360.16 -147.075 312.123 -354.836 -204.286 267.871 -378.89 -199.852 262.32 -378.874 -207.63 256.035 -354.1 -212.197 261.752 -349.323 -263.542 222.038
element 11
  poly 0: -353.482 132.587 273.338 -434.84 114.992 256.494 -446.23 124.908 244.101 -453.98 118.646 246.214 -446.808 112.404 254.017 -523.881 95.7358 238.061 -535.271 105.651 225.668 -543.02 99.3901 227.78 -535.849 93.1475 235.583 -612.921 76.4795 219.627 -624.312 86.395 207.234 -632.061 80.1337 209.347 -624.89 73.8912 217.149 -705.722 56.4103 200.415 -776.101 68.965 163.328 -787.931 81.6229 148.544 -796.326 75.6673 150.162 -792.855 71.9536 154.499 -856.042 83.2251 121.204 -867.876 95.8881 106.413 -876.271 89.9325 108.031 -872.796 86.2137 112.375 -935.982 97.4852 79.079 -947.821 110.153 64.2828 -956.216 104.198 65.9011 -952.736 100.474 70.2505 -1023 113.008 33.2235 -1008.84 152.337 6.75584 -998.021 145.094 16.7646 -991.044 151.749 14.0373 -1005.56 161.462 0.614463 -989.588 205.815 -29.2348 -662.863 243.524 65.1168 -343.522 239.35 190.598 -348.299 188.142 230.284 -359.447 193.544 221.642 -365.587 186.391 225.093 -349.203 178.452 237.793 -353.482 132.587 273.338
  poly 1: -360.367 146.891 312.825 -445.341 128.514 295.233 -463.489 144.312 275.488 -471.238 138.05 277.601 -457.31 125.925 292.756 -534.382 109.257 276.8 -552.53 125.055 257.054 -560.279 118.794 259.167 -546.351 106.669 274.322 -623.423 90.0012 258.366 -641.57 105.799 238.621 -649.32 99.5376 240.734 -635.391 87.4129 255.888 -720.257 69.0597 238.318 -792.782 81.9972 200.101 -808.749 99.0806 180.148 -817.143 93.125 181.766 -809.536 84.9858 191.272 -872.723 96.2573 157.976 -888.694 113.346 138.017 -897.088 107.39 139.636 -889.477 99.246 149.148 -952.663 110.517 115.852 -968.639 127.611 95.8869 -977.033 121.655 97.5052 -969.417 113.506 107.023 -1042.48 126.54 68.5221 -1024.5 176.475 34.9159 -1011.18 167.556 47.2417 -1004.2 174.211 44.5143 -1021.22 185.601 28.7746 -1005.32 229.745 -0.934502 -674.088 267.975 94.7195 -349.466 263.731 222.276 -354.184 213.167 261.462 -368.685 220.195 250.221 -374.826 213.042 253.671 -355.088 203.477 268.972 -360.367 146.891 312.825
element 12
  poly 0: -707.255 -57.4957 203.278 -776.533 -69.5162 165.283 -771.906 -64.8384 167.82 -777.967 -57.0407 164.496 -793.159 -72.4012 156.164 -855.837 -83.2765 121.788 -851.212 -78.6005 124.324 -857.273 -70.8029 121 -872.464 -86.1615 112.669 -935.142 -97.0368 78.2929 -930.518 -92.3627 80.8285 -936.579 -84.5651 77.5045 -951.768 -99.9218 69.174 -1022.81 -112.249 30.2092 -1094.73 -98.4408 -9.23386 -1086.89 -89.9099 -4.936 -1093.06 -82.5421 -8.31785 -1105.72 -96.3298 -15.2641 -1174.32 -83.1595 -52.8852 -1166.48 -74.6285 -48.5873 -1172.65 -67.2607 -51.9691 -1185.31 -81.0485 -58.9154 -1253.91 -67.8782 -96.5365 -1246.07 -59.3471 -92.2385 -1252.24 -51.9793 -95.6204 -1264.9 -65.7672 -102.567 -1338.28 -51.6793 -142.809 -1338.28 -7.7697 -142.809 -1324.54 10.4642 -135.275 -1331.21 16.9995 -138.932 -1338.28 7.61635 -142.809 -1338.28 51.3106 -142.809 -1264.85 65.407 -102.537 -1252.26 51.7023 -95.6335 -1246.1 59.0695 -92.2515 -1253.86 67.5177 -96.5072 -1185.26 80.6866 -58.8848 -1172.67 66.9828 -51.9817 -1166.51 74.35 -48.5998 -1174.26 82.7973 -52.855 -1105.67 95.9662 -15.2326 -1093.08 82.2633 -8.32994 -1086.92 89.6305 -4.94798 -1094.67 98.0768 -9.20271 -1021.68 112.09 30.8317 -952.152 100.018 68.9634 -936.386 84.0729 77.6102 -930.325 91.8685 80.9345 -935.529 97.1313 78.0805 -872.836 86.2455 112.465 -857.075 70.3048 121.109 -851.014 78.1005 124.433 -856.213 83.3591 121.582 -793.52 72.4732 155.966 -777.763 56.5368 164.608 -771.702 64.3324 167.932 -776.897 69.5868 165.083 -707.255 57.4943 203.278 -707.255 7.03741 203.278 -721.45 -9.35634 195.493 -715.171 -16.428 198.937 -707.255 -7.28562 203.278 -707.255 -57.4957 203.278
  poly 1: -720.95 -70.5859 241.389 -793.847 -83.2344 201.408 -784.325 -73.608 206.63 -790.386 -65.8103 203.306 -810.473 -86.1194 192.289 -873.151 -96.9947 157.913 -863.631 -87.3701 163.134 -869.692 -79.5725 159.81 -889.777 -99.8797 148.794 -952.455 -110.755 114.418 -942.937 -101.132 119.638 -948.998 -93.3347 116.314 -969.082 -113.64 105.299 -1040.03 -125.95 66.3898 -1116.01 -111.361 24.7182 -1101.44 -95.508 32.705 -1107.61 -88.1402 29.3232 -1127 -109.25 18.6879 -1195.6 -96.0801 -18.9332 -1181.03 -80.2266 -10.9462 -1187.2 -72.8588 -14.3281 -1206.59 -93.969 -24.9634 -1275.19 -80.7988 -62.5845 -1260.62 -64.9452 -54.5975 -1266.79 -57.5773 -57.9793 -1286.18 -78.6877 -68.6147 -1361.07 -64.3085 -109.689 -1361.07 -7.9308 -109.689 -1345.75 12.4018 -101.287 -1352.42 18.9371 -104.945 -1361.07 7.45525 -109.689 -1361.07 64.0726 -109.689 -1286.24 78.4391 -68.6453 -1266.82 57.2954 -57.9944 -1260.65 64.6626 -54.6125 -1275.24 80.5498 -62.6154 -1206.64 93.7187 -24.993 -1187.23 72.5759 -14.3426 -1181.06 79.9431 -10.9607 -1195.65 95.8293 -18.9632 -1127.05 108.998 18.6592 -1107.64 87.8565 29.3091 -1101.47 95.2237 32.6911 -1116.06 111.109 24.6891 -1041.01 125.516 65.8497 -968.724 112.965 105.496 -948.814 92.8285 116.415 -942.753 100.624 119.74 -952.101 110.078 114.613 -889.408 99.1924 148.997 -869.502 79.0605 159.914 -863.441 86.8561 163.238 -872.785 96.306 158.114 -810.092 85.4201 192.498 -790.191 65.2924 203.413 -784.13 73.0881 206.737 -793.469 82.5337 201.615 -720.95 69.9416 241.389 -720.95 6.97656 241.389 -737.853 -12.5458 232.118 -731.575 -19.6175 235.561 -720.95 -7.34647 241.389 -720.95 -70.5859 241.389
element 13
  poly 0: -990.272 -207.065 -28.4779 -1257.06 -195.635 -213.096 -1563.56 -151.925 -398.046 -1642.19 -87.2763 -398.046 -1546.61 -75.9904 -318.252 -1549.66 -81.4073 -325.289 -1541.25 -87.3102 -324.391 -1534.04 -74.506 -307.757 -1478.71 -67.9723 -261.563 -1481.76 -73.3892 -268.6 -1473.35 -79.2921 -267.702 -1466.14 -66.488 -251.068 -1410.81 -59.9543 -204.873 -1413.86 -65.3712 -211.91 -1405.45 -71.2741 -211.013 -1398.24 -58.4699 -194.379 -1337.63 -51.3122 -143.772 -1264.57 -65.5659 -103.096 -1269.28 -72.2062 -112.428 -1261.22 -78.4257 -112.067 -1253.62 -67.7029 -96.9973 -1185.29 -81.0347 -58.9516 -1190 -87.6751 -68.284 -1181.94 -93.8945 -67.9233 -1174.34 -83.1717 -52.8533 -1106.01 -96.5035 -14.8076 -1110.72 -103.144 -24.14 -1102.66 -109.363 -23.7793 -1095.06 -98.6405 -8.70929 -1022.44 -112.809 31.7228 -1008.77 -152.881 6.12879 -1024.54 -147.317 -0.44933 -1024.44 -154.833 -7.0485 -1005.86 -161.385 0.69765 -990.272 -207.065 -28.4779
  poly 1: -1005.69 -230.709 0.217591 -1273.11 -219.251 -184.841 -1626.44 -168.863 -398.046 -1704.61 -104.586 -398.046 -1571.37 -88.8513 -286.802 -1577.05 -98.9439 -299.913 -1568.65 -104.847 -299.015 -1558.8 -87.367 -276.307 -1503.47 -80.8333 -230.113 -1509.15 -90.9258 -243.224 -1500.75 -96.8287 -242.326 -1490.9 -79.3489 -219.618 -1435.57 -72.8152 -173.423 -1441.25 -82.9077 -186.534 -1432.84 -88.8106 -185.637 -1423 -71.3309 -162.929 -1360.39 -63.9381 -110.66 -1285.84 -78.4836 -69.151 -1294.57 -90.7908 -86.4479 -1286.51 -97.0103 -86.0872 -1274.89 -80.6205 -63.0528 -1206.56 -93.9524 -25.007 -1215.29 -106.26 -42.3039 -1207.23 -112.479 -41.9432 -1195.61 -96.0893 -18.9088 -1127.28 -109.421 19.137 -1136.01 -121.728 1.84014 -1127.95 -127.948 2.20077 -1116.33 -111.558 25.2352 -1041.37 -126.185 66.9757 -1024.04 -176.932 34.5638 -1043.72 -169.994 26.3609 -1043.62 -177.51 19.7617 -1021.14 -185.436 29.1326 -1005.69 -230.709 0.217591
element 14
  poly 0: -1022.33 112.543 32.0138 -1095.09 98.3315 -8.54033 -1102.73 109.114 -23.7024 -1110.79 102.894 -24.0664 -1106.04 96.1929 -14.643 -1174.35 82.8494 -52.7193 -1181.99 93.6319 -67.8815 -1190.05 87.4122 -68.2454 -1185.3 80.7108 -58.822 -1253.61 67.3673 -96.8984 -1261.25 78.1498 -112.06 -1269.3 71.9301 -112.424 -1264.56 65.2287 -103.001 -1337.37 51.0057 -143.587 -1398.23 58.183 -194.449 -1405.41 70.9348 -211.022 -1413.82 65.0318 -211.924 -1410.79 59.6645 -204.948 -1466.11 66.1873 -251.171 -1473.28 78.9391 -267.745 -1481.69 73.0362 -268.646 -1478.67 67.6688 -261.67 -1533.98 74.1916 -307.894 -1541.16 86.9435 -324.467 -1549.56 81.0406 -325.369 -1546.54 75.6731 -318.393 -1641.86 86.9133 -398.046 -1563.39 151.473 -398.046 -1255.41 195.501 -212.045 -990.108 206.956 -28.3044 -1005.61 161.543 0.708996 -1015.59 167.228 -11.6395 -1022.08 159.82 -9.80227 -1008.78 152.245 6.64921 -1022.33 112.543 32.0138
  poly 1: -1041.63 125.948 66.9754 -1116.43 111.336 25.2798 -1128.03 127.704 2.26295 -1136.08 121.485 1.89901 -1127.38 109.197 19.1772 -1195.69 95.8539 -18.8992 -1207.29 112.222 -41.9161 -1215.34 106.003 -42.28 -1206.64 93.7153 -25.0019 -1274.95 80.3718 -63.0782 -1286.55 96.7402 -86.0951 -1294.6 90.5205 -86.459 -1285.9 78.2332 -69.1809 -1360.65 63.6323 -110.845 -1422.96 70.9812 -162.923 -1432.81 88.4774 -185.662 -1441.21 82.5745 -186.563 -1435.52 72.4627 -173.421 -1490.84 78.9855 -219.645 -1500.68 96.4817 -242.384 -1509.09 90.5788 -243.286 -1503.4 80.467 -230.144 -1558.71 86.9898 -276.367 -1568.56 104.486 -299.107 -1576.96 98.5832 -300.008 -1571.27 88.4713 -286.866 -1704.31 104.16 -398.046 -1626.05 168.551 -398.046 -1274.73 218.774 -185.873 -1005.98 230.378 0.257189 -1021.25 185.65 28.8328 -1033.13 192.416 14.137 -1039.62 185.008 15.9743 -1024.42 176.353 34.773 -1041.63 125.948 66.9754
element 15
  poly 0: -1337.68 -51.3428 -143.684 -1398.24 -58.4672 -194.386 -1393.04 -51.9236 -190.036 -1398.53 -44.5051 -194.635 -1410.79 -59.9443 -204.898 -1466.06 -66.4464 -251.17 -1460.87 -59.9027 -246.82 -1466.36 -52.4842 -251.419 -1478.62 -67.9235 -261.682 -1533.89 -74.4255 -307.954 -1528.69 -67.8819 -303.604 -1534.19 -60.4634 -308.203 -1546.44 -75.9027 -318.466 -1641.5 -87.085 -398.046 -1641.5 86.8139 -398.046 -1546.47 75.6346 -318.488 -1534.17 60.1391 -308.189 -1528.67 67.5566 -303.59 -1533.92 74.1577 -307.977 -1478.64 67.6554 -261.703 -1466.34 52.1599 -251.405 -1460.85 59.5774 -246.806 -1466.09 66.1785 -251.193 -1410.82 59.6762 -204.919 -1398.52 44.1808 -194.621 -1393.02 51.5983 -190.022 -1398.26 58.1994 -194.409 -1337.68 51.0717 -143.684 -1337.68 7.62061 -143.684 -1349.85 -10.8527 -153.874 -1344.02 -17.388 -148.992 -1337.68 -7.76545 -143.684 -1337.68 -51.3428 -143.684
  poly 1: -1360.45 -63.969 -110.586 -1422.99 -71.3258 -162.941 -1413.35 -59.1795 -154.867 -1418.84 -51.761 -159.466 -1435.55 -72.8029 -173.453 -1490.81 -79.305 -219.726 -1481.17 -67.1587 -211.652 -1486.66 -59.7402 -216.251 -1503.37 -80.7821 -230.238 -1558.64 -87.2841 -276.51 -1549 -75.1378 -268.436 -1554.49 -67.7194 -273.035 -1571.2 -88.7613 -287.022 -1703.81 -104.362 -398.046 -1703.81 104.021 -398.046 -1571.17 88.4175 -286.999 -1554.48 67.3893 -273.024 -1548.98 74.8068 -268.424 -1558.61 86.9406 -276.488 -1503.34 80.4383 -230.215 -1486.65 59.4101 -216.239 -1481.16 66.8276 -211.64 -1490.79 78.9614 -219.704 -1435.52 72.4591 -173.43 -1418.82 51.431 -159.455 -1413.33 58.8485 -154.856 -1422.96 70.9822 -162.92 -1360.45 63.6285 -110.586 -1360.45 7.45962 -110.586 -1373.8 -12.7903 -121.757 -1367.96 -19.3256 -116.874 -1360.45 -7.92644 -110.586 -1360.45 -63.969 -110.586
element 16
  poly 0: 1580.44 -97.4635 -268.673 1579.65 -97.0576 -269.664 1544.82 -128.145 -271.838 1532.44 -121.709 -287.555 1546.74 -108.946 -286.663 1530.44 -88.521 -317.57 1507.68 -108.836 -318.99 1495.3 -102.4 -334.708 1530.13 -71.3127 -332.535 1530.91 -71.7186 -331.543 1550.86 -32.8993 -348.251 1563.25 -39.3356 -332.534 1550.39 -64.3376 -321.773 1580.01 -67.7787 -294.397 1588.01 -52.208 -301.099 1600.39 -58.6442 -285.381 1580.44 -97.4635 -268.673
  poly 1: 1575.12 -91.9598 -262.233 1574.34 -91.5539 -263.225 1539.51 -122.641 -265.398 1528.07 -116.696 -279.916 1542.05 -104.222 -279.044 1525.75 -83.7969 -309.951 1503.31 -103.824 -311.351 1489.98 -96.8965 -328.268 1524.81 -65.809 -326.095 1525.59 -66.2149 -325.103 1545.55 -27.3957 -341.812 1556.99 -33.3406 -327.294 1543.95 -58.7026 -316.378 1573.56 -62.1437 -289.002 1581.75 -46.213 -295.859 1595.08 -53.1406 -278.941 1575.12 -91.9598 -262.233
element 17
  poly 0: 1512.61 -89.4843 -211.889 1511.75 -89.0394 -212.975 1476.92 -120.127 -215.148 1464.54 -113.691 -230.866 1478.84 -100.928 -229.974 1462.54 -80.5029 -260.881 1439.78 -100.818 -262.301 1427.39 -94.382 -278.019 1462.23 -63.2945 -275.845 1463.08 -63.7394 -274.759 1483.04 -24.9201 -291.467 1495.42 -31.3563 -275.75 1482.57 -56.3584 -264.989 1512.18 -59.7995 -237.613 1520.19 -44.2288 -244.315 1532.57 -50.665 -228.597 1512.61 -89.4843 -211.889
  poly 1: 1507.3 -83.9806 -205.449 1506.44 -83.5358 -206.535 1471.61 -114.623 -208.709 1460.17 -108.678 -223.226 1474.15 -96.2041 -222.354 1457.85 -75.7788 -253.261 1435.41 -95.8059 -254.661 1422.08 -88.8783 -271.579 1456.91 -57.7909 -269.406 1457.77 -58.2357 -268.319 1477.73 -19.4165 -285.027 1489.16 -25.3614 -270.51 1476.12 -50.7234 -259.593 1505.74 -54.1645 -232.218 1513.93 -38.2338 -239.074 1527.25 -45.1614 -222.157 1507.3 -83.9806 -205.449
element 18
  poly 0: 1444.78 -81.5051 -155.105 1443.85 -81.0213 -156.286 1409.02 -112.109 -158.459 1396.64 -105.673 -174.177 1410.94 -92.9101 -173.285 1394.64 -72.4848 -204.192 1371.88 -92.8001 -205.612 1359.49 -86.3639 -221.329 1394.33 -55.2764 -219.156 1395.26 -55.7602 -217.975 1415.21 -16.9409 -234.683 1427.6 -23.3771 -218.965 1414.74 -48.3792 -208.204 1444.35 -51.8203 -180.828 1452.36 -36.2496 -187.53 1464.74 -42.6858 -171.813 1444.78 -81.5051 -155.105
  poly 1: 1439.47 -76.0014 -148.665 1438.54 -75.5176 -149.846 1403.71 -106.605 -152.019 1392.27 -100.66 -166.537 1406.25 -88.186 -165.665 1389.95 -67.7607 -196.572 1367.51 -87.7877 -197.972 1354.18 -80.8602 -214.889 1389.01 -49.7727 -212.716 1389.94 -50.2565 -211.535 1409.9 -11.4373 -228.243 1421.34 -17.3822 -213.725 1408.3 -42.7442 -202.809 1437.91 -46.1853 -175.433 1446.1 -30.2546 -182.29 1459.43 -37.1822 -165.373 1439.47 -76.0014 -148.665
element 19
  poly 0: 1374.66 -3.40261 -96.3997 1375.69 -3.40261 -94.8969 1349.92 -37.602 -80.7651 1338.59 -37.602 -97.3584 1352.42 -19.2429 -104.945 1331.21 -17.3053 -138.932 1315.92 -37.602 -130.545 1304.58 -37.602 -147.138 1330.35 -3.40262 -161.27 1329.32 -3.40262 -162.773 1351.85 30.7968 -181.638 1363.19 30.7968 -165.044 1349.85 10.5469 -153.874 1373.8 12.4844 -121.757 1385.86 30.7968 -131.858 1397.2 30.7968 -115.265 1374.66 -3.40261 -96.3997
  poly 1: 1368.39 3.09679 -92.1127 1369.42 3.09679 -90.6098 1343.65 -31.1026 -76.478 1331.89 -31.1026 -93.6863 1345.75 -12.7076 -101.287 1324.54 -10.77 -135.275 1309.22 -31.1026 -126.873 1298.31 -31.1026 -142.851 1324.07 3.09678 -156.983 1323.05 3.09678 -158.486 1345.58 37.2962 -177.351 1357.33 37.2962 -160.142 1344.02 17.0822 -148.992 1367.96 19.0197 -116.874 1380.01 37.2962 -126.956 1390.92 37.2962 -110.977 1368.39 3.09679 -92.1127
element 20
  poly 0: 1574.18 91.1642 -263.44 1575.22 91.7003 -262.131 1540.39 122.792 -264.296 1528 116.355 -280.01 1541.99 103.865 -279.14 1525.68 83.4399 -310.043 1503.23 103.481 -311.438 1490.85 97.0442 -327.152 1525.67 65.9528 -324.987 1524.64 65.4167 -326.296 1544.59 26.5957 -343.001 1556.98 33.0326 -327.287 1543.95 58.3776 -316.381 1573.57 61.8227 -289.01 1581.75 45.9064 -295.859 1594.14 52.3432 -280.145 1574.18 91.1642 -263.44
  poly 1: 1579.5 96.6668 -269.881 1580.53 97.2029 -268.572 1545.7 128.294 -270.737 1532.37 121.365 -287.652 1546.68 108.587 -286.763 1530.37 88.1619 -317.665 1507.6 108.492 -319.081 1496.16 102.547 -333.594 1530.99 71.4554 -331.429 1529.95 70.9193 -332.738 1549.91 32.0984 -349.443 1563.24 39.0272 -332.528 1550.4 64.0119 -321.777 1580.02 67.457 -294.405 1588.01 51.901 -301.099 1599.45 57.8458 -286.586 1579.5 96.6668 -269.881
element 21
  poly 0: 1506.36 83.185 -206.655 1507.34 83.6958 -205.408 1472.52 114.787 -207.573 1460.13 108.35 -223.287 1474.12 95.8605 -222.418 1457.81 75.4354 -253.32 1435.36 95.4766 -254.716 1422.97 89.0398 -270.43 1457.8 57.9483 -268.265 1456.81 57.4375 -269.512 1476.77 18.6165 -286.217 1489.15 25.0534 -270.503 1476.13 50.3984 -259.597 1505.75 53.8435 -232.225 1513.93 37.9272 -239.074 1526.31 44.364 -223.36 1506.36 83.185 -206.655
  poly 1: 1511.67 88.6876 -213.097 1512.65 89.1984 -211.85 1477.83 120.29 -214.015 1464.5 113.361 -230.93 1478.81 100.583 -230.04 1462.5 80.1575 -260.943 1439.72 100.487 -262.358 1428.28 94.5424 -276.871 1463.11 63.451 -274.706 1462.13 62.9401 -275.954 1482.08 24.1192 -292.659 1495.41 31.048 -275.743 1482.57 56.0327 -264.992 1512.19 59.4778 -237.621 1520.19 43.9218 -244.315 1531.62 49.8666 -229.802 1511.67 88.6876 -213.097
element 22
  poly 0: 1438.53 75.2058 -149.871 1439.47 75.6913 -148.686 1404.64 106.783 -150.85 1392.25 100.346 -166.565 1406.24 87.8561 -165.695 1389.93 67.431 -196.598 1367.48 87.4722 -197.993 1355.1 81.0353 -213.707 1389.92 49.9439 -211.542 1388.99 49.4583 -212.728 1408.94 10.6373 -229.433 1421.33 17.0742 -213.719 1408.3 42.4192 -202.812 1437.92 45.8643 -175.441 1446.1 29.948 -182.29 1458.49 36.3848 -166.576 1438.53 75.2058 -149.871
  poly 1: 1443.85 80.7084 -156.313 1444.78 81.194 -155.127 1409.95 112.285 -157.292 1396.62 105.357 -174.207 1410.93 92.5781 -173.318 1394.62 72.1531 -204.22 1371.85 92.4828 -205.636 1360.41 86.5379 -220.149 1395.24 55.4465 -217.984 1394.3 54.9609 -219.169 1414.26 16.14 -235.874 1427.59 23.0688 -218.959 1414.75 48.0535 -208.208 1444.36 51.4986 -180.837 1452.36 35.9426 -187.531 1463.8 41.8874 -173.018 1443.85 80.7084 -156.313
element 23
  poly 0: 1030.34 -196.911 42.6992 1030.73 -197.52 43.4192 987.333 -205.8 53.2085 979.619 -193.801 39.0224 999.978 -189.917 34.4302 988.643 -165.138 5.13466 964.19 -169.803 10.6502 956.476 -157.804 -3.53591 999.877 -149.524 -13.3252 999.485 -148.915 -14.0453 1039.2 -134.908 -30.6054 1046.92 -146.907 -16.4193 1024.44 -154.833 -7.04844 1043.62 -177.51 19.7618 1062.35 -170.905 11.9529 1070.06 -182.904 26.139 1030.34 -196.911 42.6992
  poly 1: 1030.34 -189.276 49.1571 1030.73 -189.885 49.8772 987.333 -198.165 59.6665 979.537 -186.04 45.3309 999.919 -182.151 40.7339 988.584 -157.372 11.4383 964.109 -162.042 16.9587 956.476 -150.169 2.92206 999.877 -141.889 -6.86719 999.485 -141.28 -7.58728 1039.2 -127.273 -24.1475 1047 -139.398 -9.81193 1024.54 -147.317 -0.449267 1043.72 -169.994 26.361 1062.43 -163.396 18.5603 1070.06 -175.269 32.597 1030.34 -189.276 49.1571
element 24
  poly 0: 1288.79 -83.4439 -45.231 1287.85 -82.8775 -46.7212 1312.23 -46.1796 -60.0895 1301.59 -39.7257 -77.0687 1290.24 -56.8144 -70.8436 1264.27 -50.994 -102.22 1280.33 -26.8179 -111.027 1269.7 -20.3641 -128.006 1245.32 -57.0619 -114.638 1246.26 -57.6283 -113.148 1212.06 -88.3626 -115.469 1222.69 -94.8164 -98.4898 1244.82 -74.9241 -96.9875 1259.48 -93.7674 -63.4773 1243.95 -107.724 -64.5314 1254.59 -114.178 -47.5522 1288.79 -83.4439 -45.231
  poly 1: 1294.45 -89.3142 -51.0115 1293.52 -88.7478 -52.5017 1317.89 -52.0499 -65.87 1308.51 -46.352 -80.8604 1297.43 -63.0256 -74.7865 1271.46 -57.2052 -106.163 1287.24 -33.4442 -114.819 1275.37 -26.2344 -133.787 1250.99 -62.9322 -120.419 1251.92 -63.4987 -118.928 1217.73 -94.2329 -121.25 1227.11 -99.9308 -106.259 1249.63 -79.6908 -104.731 1264.29 -98.5341 -71.2205 1248.38 -112.839 -72.3008 1260.25 -120.048 -53.3327 1294.45 -89.3142 -51.0115
element 25
  poly 0: 1209.5 -98.9127 -1.08702 1208.26 -98.159 -3.06995 1232.64 -61.4611 -16.4383 1222.01 -55.0072 -33.4175 1210.66 -72.0958 -27.1925 1184.68 -66.2753 -58.5691 1200.74 -42.0994 -67.3759 1190.11 -35.6456 -84.3552 1165.73 -72.3434 -70.9868 1166.98 -73.0971 -69.0039 1132.78 -103.831 -71.3251 1143.41 -110.285 -54.3458 1165.54 -90.3929 -52.8435 1180.2 -109.236 -19.3333 1164.67 -123.193 -20.3874 1175.31 -129.647 -3.40816 1209.5 -98.9127 -1.08702
  poly 1: 1215.17 -104.783 -6.86754 1213.93 -104.029 -8.85048 1238.31 -67.3314 -22.2188 1228.92 -61.6335 -37.2091 1217.84 -78.307 -31.1353 1191.87 -72.4866 -62.512 1207.65 -48.7257 -71.1676 1195.78 -41.5159 -90.1357 1171.4 -78.2137 -76.7674 1172.64 -78.9675 -74.7844 1138.44 -109.702 -77.1056 1147.83 -115.4 -62.1152 1170.35 -95.1596 -60.5867 1185.01 -114.003 -27.0765 1169.1 -128.307 -28.1568 1180.97 -135.517 -9.18869 1215.17 -104.783 -6.86754
element 26
  poly 0: 1130.22 -114.381 43.057 1128.67 -113.44 40.5813 1153.05 -76.7426 27.213 1142.42 -70.2887 10.2337 1131.07 -87.3772 16.4587 1105.09 -81.5567 -14.9179 1121.15 -57.3809 -23.7247 1110.52 -50.9271 -40.7039 1086.14 -87.6249 -27.3356 1087.69 -88.566 -24.8599 1053.5 -119.3 -27.1811 1064.13 -125.754 -10.2018 1086.26 -105.862 -8.69949 1100.92 -124.705 24.8107 1085.39 -138.662 23.7566 1096.02 -145.116 40.7358 1130.22 -114.381 43.057
  poly 1: 1135.89 -120.252 37.2765 1134.34 -119.311 34.8008 1158.72 -82.6129 21.4324 1149.33 -76.915 6.4421 1138.25 -93.5884 12.5159 1112.28 -87.7679 -18.8608 1128.06 -64.0072 -27.5163 1116.19 -56.7974 -46.4845 1091.81 -93.4952 -33.1161 1093.36 -94.4363 -30.6404 1059.16 -125.17 -32.9616 1068.55 -130.868 -17.9712 1091.07 -110.628 -16.4427 1105.73 -129.472 17.0675 1089.81 -143.776 15.9872 1101.69 -150.986 34.9553 1135.89 -120.252 37.2765
element 27
  poly 0: 1293.24 88.2665 -52.9728 1294.78 89.1998 -50.5181 1319.15 52.5005 -63.8847 1308.51 46.0457 -80.8614 1297.41 62.7588 -74.7742 1271.43 56.9337 -106.147 1287.24 33.1359 -114.815 1276.6 26.6811 -131.792 1252.23 63.3804 -118.425 1250.69 62.4471 -120.88 1216.49 93.1849 -123.192 1227.13 99.6398 -106.215 1249.62 79.4295 -104.695 1264.29 98.273 -71.1879 1248.41 112.55 -72.2619 1259.04 119.004 -55.2852 1293.24 88.2665 -52.9728
  poly 1: 1287.57 82.3971 -47.1905 1289.11 83.3304 -44.7358 1313.48 46.6311 -58.1024 1301.6 39.4195 -77.0694 1290.22 56.5479 -70.8309 1264.24 50.7228 -102.204 1280.32 26.5098 -111.023 1270.93 20.8117 -126.009 1246.56 57.511 -112.643 1245.02 56.5777 -115.097 1210.83 87.3155 -117.41 1222.71 94.5271 -98.4427 1244.81 74.6647 -96.9485 1259.48 93.5082 -63.4414 1243.99 107.437 -64.4893 1253.38 113.135 -49.5028 1287.57 82.3971 -47.1905
element 28
  poly 0: 1213.98 103.749 -8.79376 1215.19 104.481 -6.8668 1239.56 67.782 -20.2334 1228.92 61.3271 -37.2101 1217.82 78.039 -31.1233 1191.84 72.2138 -62.4964 1207.65 48.4174 -71.1636 1197.01 41.9625 -88.1403 1172.64 78.6618 -74.7737 1171.43 77.9292 -76.7007 1137.24 108.667 -79.013 1147.87 115.122 -62.0363 1170.36 94.9116 -60.5159 1185.03 113.755 -27.0089 1169.15 128.032 -28.0829 1179.78 134.487 -11.1061 1213.98 103.749 -8.79376
  poly 1: 1208.31 97.8792 -3.01143 1209.52 98.6119 -1.08447 1233.89 61.9126 -14.4511 1222.01 54.701 -33.4181 1210.63 71.8281 -27.18 1184.65 66.003 -58.5531 1200.73 41.7913 -67.3715 1191.34 36.0931 -82.358 1166.97 72.7925 -68.9914 1165.76 72.0598 -70.9183 1131.57 102.798 -73.2307 1143.45 110.009 -54.2637 1165.55 90.1468 -52.7694 1180.22 108.99 -19.2624 1164.73 122.919 -20.3102 1174.12 128.617 -5.32382 1208.31 97.8792 -3.01143
element 29
  poly 0: 1134.72 119.231 35.3853 1135.6 119.763 36.7845 1159.97 83.0635 23.4179 1149.33 76.6086 6.44119 1138.23 93.3192 12.5275 1112.26 87.494 -18.8456 1128.06 63.6989 -27.5123 1117.42 57.244 -44.489 1093.05 93.9433 -31.1224 1092.17 93.4113 -32.5216 1057.98 124.149 -34.834 1068.61 130.604 -17.8573 1091.1 110.394 -16.3369 1105.77 129.237 17.1702 1089.89 143.514 16.0962 1100.52 149.969 33.0729 1134.72 119.231 35.3853
  poly 1: 1129.05 113.361 41.1676 1129.93 113.893 42.5668 1154.3 77.1941 29.2002 1142.42 69.9825 10.2332 1131.04 87.1083 16.4708 1105.07 81.2832 -14.9023 1121.14 57.0727 -23.7202 1111.75 51.3746 -38.7066 1087.38 88.0739 -25.34 1086.51 87.5419 -26.7393 1052.31 118.28 -29.0517 1064.19 125.491 -10.0847 1086.29 105.629 -8.59042 1100.96 124.472 24.9166 1085.47 138.401 23.8688 1094.86 144.099 38.8552 1129.05 113.361 41.1676
element 30
  poly 0: 1028.15 190.618 49.8607 1027.88 190.195 49.361 991.426 215.905 42.4564 983.695 203.901 28.2856 1003.15 190.176 31.9714 990.234 164.376 4.11139 968.231 179.894 -0.056174 960.499 167.891 -14.227 996.952 142.181 -7.32251 997.225 142.604 -6.82283 1030.96 112.677 -4.8962 1038.69 124.681 9.27467 1018.53 142.57 8.12302 1036.34 164.489 36.5992 1054.16 148.688 37.6164 1061.89 160.691 51.7873 1028.15 190.618 49.8607
  poly 1: 1033.09 195.735 42.8311 1032.82 195.311 42.3315 996.367 221.021 35.4269 988.921 209.461 21.7799 1008.33 195.77 25.4568 995.413 169.969 -2.40319 973.457 185.454 -6.56185 965.44 173.007 -21.2566 1001.89 147.297 -14.352 1002.16 147.72 -13.8523 1035.9 117.794 -11.9257 1043.35 129.354 1.72131 1023.14 147.281 0.567175 1040.96 169.2 29.0433 1058.81 153.361 30.0631 1066.83 165.808 44.7578 1033.09 195.735 42.8311
element 31
  poly 0: 973.526 -119.573 125.673 974.33 -120.207 127.378 955.483 -157.385 104.466 946.945 -150.646 86.3384 953.628 -137.462 94.4631 941.98 -113.28 64.8044 929.869 -137.169 50.0824 921.332 -130.43 31.9544 940.179 -93.2519 54.866 939.375 -92.6179 53.1606 945.778 -45.6173 49.6491 954.316 -52.356 67.7771 950.184 -82.6854 70.043 969.103 -82.6294 105.288 971.391 -65.8335 104.033 979.929 -72.5722 122.161 973.526 -119.573 125.673
  poly 1: 964.819 -118.038 130.344 965.622 -118.672 132.05 946.775 -155.85 109.138 938.198 -149.08 90.9273 944.894 -135.872 99.0671 933.246 -111.69 69.4083 921.123 -135.603 54.6714 912.624 -128.895 36.626 931.471 -91.7167 59.5376 930.668 -91.0828 57.8322 937.07 -44.0821 54.3207 945.647 -50.8516 72.5314 941.52 -81.1501 74.795 960.439 -81.0941 110.04 962.723 -64.329 108.787 971.221 -71.037 126.833 964.819 -118.038 130.344
element 32
  poly 0: 894.218 -105.809 169.169 894.309 -105.88 169.362 875.462 -143.059 146.45 866.924 -136.32 128.322 873.609 -123.134 136.448 861.96 -98.9514 106.79 849.849 -122.843 92.0665 841.311 -116.104 73.9385 860.158 -78.9255 96.8501 860.067 -78.8539 96.6574 866.47 -31.8533 93.1459 875.008 -38.592 111.274 870.876 -68.9229 113.54 889.795 -68.8668 148.785 892.083 -52.0694 147.53 900.621 -58.8081 165.658 894.218 -105.809 169.169
  poly 1: 885.511 -104.274 173.841 885.602 -104.345 174.034 866.755 -141.524 151.122 858.178 -134.754 132.911 864.875 -121.544 141.052 853.226 -97.3611 111.394 841.103 -121.277 96.6554 832.604 -114.569 78.6101 851.451 -77.3903 101.522 851.36 -77.3187 101.329 857.763 -30.3181 97.8175 866.339 -37.0876 116.028 862.212 -67.3876 118.292 881.131 -67.3315 153.537 883.415 -50.565 152.284 891.913 -57.273 170.329 885.511 -104.274 173.841
element 33
  poly 0: 814.91 -92.0447 212.666 814.289 -91.554 211.346 795.442 -128.732 188.435 786.904 -121.994 170.307 793.589 -108.806 178.434 781.941 -84.6231 148.775 769.828 -108.516 134.051 761.291 -101.777 115.923 780.138 -64.5991 138.834 780.759 -65.0899 140.154 787.162 -18.0892 136.643 795.7 -24.828 154.771 791.568 -55.1603 157.037 810.487 -55.1043 192.282 812.775 -38.3054 191.027 821.313 -45.0441 209.155 814.91 -92.0447 212.666
  poly 1: 806.203 -90.5095 217.338 805.581 -90.0188 216.018 786.734 -127.197 193.106 778.158 -120.428 174.895 784.855 -107.215 183.038 773.207 -83.0327 153.379 761.082 -106.95 138.639 752.583 -100.242 120.594 771.43 -63.064 143.506 772.052 -63.5547 144.826 778.455 -16.5541 141.314 787.031 -23.3235 159.525 782.903 -53.625 161.789 801.823 -53.569 197.034 804.107 -36.801 195.781 812.605 -43.5089 213.826 806.203 -90.5095 217.338
element 34
  poly 0: 730.922 -3.64379 258.73 731.463 -3.64379 260.243 700.193 -35.8604 266.107 693.372 -35.8604 247.037 709.169 -19.5851 244.075 698.623 -16.3956 205.355 679.73 -35.8604 208.898 672.909 -35.8605 189.828 704.179 -3.6438 183.965 703.638 -3.6438 182.452 731.533 28.5728 167.153 738.354 28.5728 186.222 721.45 9.0505 195.493 737.854 12.24 232.118 751.996 28.5729 224.362 758.817 28.5729 243.431 730.922 -3.64379 258.73
  poly 1: 724.181 3.33797 261.141 724.722 3.33797 262.655 693.452 -28.8787 268.518 686.246 -28.8787 248.373 702.131 -12.5134 245.395 691.585 -9.32395 206.675 672.605 -28.8787 210.234 666.168 -28.8787 192.239 697.438 3.33796 186.376 696.897 3.33796 184.863 724.792 35.5546 169.564 731.997 35.5546 189.709 715.172 16.1222 198.937 731.575 19.3116 235.561 745.639 35.5546 227.848 752.076 35.5546 245.842 724.181 3.33797 261.141
element 35
  poly 0: 965.896 115.165 129.857 967.178 116.176 132.573 930.588 144.245 123.808 922.034 137.5 105.69 936.603 126.323 109.18 928.875 105.635 75.1898 904.924 124.009 69.4525 896.369 117.263 51.334 932.959 89.194 60.0987 931.676 88.183 57.3831 957.453 51.5872 43.246 966.008 58.3327 61.3645 949.009 82.4664 70.6875 972.728 86.5745 103.3 983.118 71.8238 97.6016 991.673 78.5693 115.72 965.896 115.165 129.857
  poly 1: 971.863 121.345 124.739 973.146 122.356 127.454 936.556 150.426 118.69 927.308 143.134 99.1052 942.258 131.666 102.686 934.529 110.978 68.6963 910.199 129.643 62.8681 902.336 123.444 46.2156 938.926 95.3742 54.9803 937.643 94.3632 52.2648 963.42 57.7674 38.1276 972.667 65.0588 57.7121 955.936 88.8129 66.8885 979.655 92.921 99.5009 989.777 78.5498 93.9492 997.64 84.7496 110.602 971.863 121.345 124.739
element 36
  poly 0: 886.589 101.401 173.354 887.229 101.906 174.709 850.639 129.975 165.944 842.084 123.23 147.826 856.649 112.056 151.315 848.921 91.3683 117.325 824.974 109.739 111.589 816.419 102.993 93.4703 853.009 74.9237 102.235 852.369 74.4191 100.88 878.145 37.8234 86.7425 886.7 44.5689 104.861 869.704 68.6995 114.183 893.423 72.8076 146.795 903.81 58.06 141.098 912.365 64.8055 159.217 886.589 101.401 173.354
  poly 1: 892.556 107.581 168.235 893.196 108.086 169.591 856.606 136.155 160.826 847.359 128.864 141.242 862.303 117.399 144.821 854.575 96.7116 110.832 830.249 115.373 105.004 822.386 109.173 88.3519 858.976 81.104 97.1167 858.336 80.5994 95.7613 884.112 44.0036 81.6241 893.36 51.295 101.209 876.631 75.0459 110.384 900.349 79.154 142.996 910.47 64.786 137.446 918.332 70.9857 154.098 892.556 107.581 168.235
element 37
  poly 0: 807.281 87.6374 216.85 807.279 87.6356 216.846 770.689 115.705 208.081 762.134 108.959 189.962 776.695 97.7894 193.45 768.966 77.1015 159.46 745.024 95.4684 153.725 736.469 88.7229 135.607 773.059 60.6535 144.371 773.061 60.6553 144.376 798.838 24.0596 130.239 807.393 30.8051 148.358 790.399 54.9325 157.678 814.117 59.0406 190.291 824.503 44.2961 184.595 833.058 51.0417 202.713 807.281 87.6374 216.85
  poly 1: 813.248 93.8177 211.732 813.246 93.8158 211.727 776.656 121.885 202.962 767.409 114.594 183.378 782.349 103.133 186.957 774.621 82.4448 152.967 750.299 101.103 147.141 742.436 94.9031 130.488 779.026 66.8337 139.253 779.029 66.8356 139.258 804.805 30.2398 125.121 814.052 37.5311 144.705 797.325 61.279 153.879 821.044 65.3871 186.492 831.162 51.0222 180.942 839.025 57.2219 197.595 813.248 93.8177 211.732
element 38
  poly 0: 357.387 -224.607 277.288 357.429 -224.789 277.515 311.961 -224.789 277.515 309.069 -212.306 261.888 329.076 -212.306 261.888 329.076 -187.34 230.635 303.285 -187.34 230.635 300.393 -174.857 215.009 345.861 -174.857 215.009 345.819 -174.676 214.782 389.425 -166.637 204.719 392.317 -179.12 220.346 367.543 -183.687 226.062 378.874 -207.63 256.036 398.101 -204.086 251.599 400.992 -216.569 267.225 357.387 -224.607 277.288
  poly 1: 357.387 -216.794 283.529 357.429 -216.976 283.756 311.961 -216.976 283.756 309.06 -204.456 268.084 329.076 -204.456 268.084 329.076 -179.49 236.831 303.277 -179.49 236.831 300.393 -167.044 221.25 345.861 -167.044 221.25 345.819 -166.862 221.023 389.425 -158.824 210.96 392.325 -171.343 226.632 367.56 -175.909 232.347 378.89 -199.852 262.321 398.109 -196.309 257.886 400.992 -208.756 273.467 357.387 -216.794 283.529
element 39
  poly 0: 631.758 -92.8646 279.622 631.582 -92.6376 278.971 662.422 -59.3333 273.189 657.183 -52.5761 253.823 641.691 -69.306 256.727 626.045 -61.3743 218.964 646.707 -39.0616 215.09 641.469 -32.3044 195.724 610.629 -65.6087 201.506 610.805 -65.8357 202.157 575.862 -93.8481 192.773 581.101 -100.605 212.139 603.948 -82.2891 218.275 608.567 -100.499 255.435 591.577 -114.12 250.872 596.815 -120.877 270.238 631.758 -92.8646 279.622
  poly 1: 638.118 -99.4521 275.603 637.942 -99.2251 274.953 668.782 -65.9208 269.17 664.271 -60.1021 252.494 649.138 -76.4443 255.331 633.492 -68.5126 217.568 653.795 -46.5876 213.761 647.829 -38.8919 191.705 616.989 -72.1962 197.487 617.165 -72.4232 198.138 582.223 -100.436 188.754 586.733 -106.254 205.43 609.988 -87.6119 211.676 614.607 -105.822 248.835 597.21 -119.769 244.163 603.176 -127.465 266.219 638.118 -99.4521 275.603
element 40
  poly 0: 542.68 -112.074 297.922 542.093 -111.316 295.751 572.933 -78.0122 289.968 567.694 -71.255 270.602 552.206 -87.9815 273.506 536.559 -80.0498 235.743 557.218 -57.7405 231.869 551.98 -50.9833 212.503 521.14 -84.2876 218.285 521.727 -85.0451 220.457 486.785 -113.058 211.073 492.023 -119.815 230.439 514.868 -101.501 236.574 519.487 -119.711 273.734 502.499 -133.329 269.172 507.738 -140.086 288.538 542.68 -112.074 297.922
  poly 1: 549.04 -118.662 293.903 548.453 -117.904 291.732 579.293 -84.5997 285.949 574.782 -78.781 269.273 559.652 -95.1198 272.11 544.006 -87.1881 234.346 564.306 -65.2665 230.54 558.34 -57.5708 208.484 527.5 -90.875 214.267 528.087 -91.6326 216.438 493.145 -119.645 207.054 497.656 -125.464 223.73 520.907 -106.824 229.975 525.526 -125.034 267.134 508.132 -138.978 262.463 514.098 -146.674 284.519 549.04 -118.662 293.903
element 41
  poly 0: 453.602 -131.283 316.222 452.604 -129.995 312.53 483.444 -96.6911 306.748 478.205 -89.9339 287.381 462.72 -106.657 290.285 447.074 -98.7253 252.522 467.729 -76.4194 248.649 462.491 -69.6622 229.282 431.651 -102.966 235.065 432.649 -104.255 238.757 397.707 -132.267 229.373 402.945 -139.024 248.739 425.787 -120.712 254.873 430.407 -138.922 292.033 413.422 -152.539 287.472 418.66 -159.296 306.838 453.602 -131.283 316.222
  poly 1: 459.963 -137.871 312.203 458.964 -136.583 308.511 489.804 -103.279 302.729 485.293 -97.4599 286.052 470.167 -113.795 288.889 454.521 -105.864 251.125 474.817 -83.9454 247.32 468.851 -76.2497 225.263 438.011 -109.554 231.046 439.01 -110.842 234.738 404.067 -138.854 225.354 408.578 -144.673 242.03 431.827 -126.035 248.274 436.446 -144.245 285.434 419.055 -158.188 280.763 425.02 -165.883 302.819 459.963 -137.871 312.203
element 42
  poly 0: 637.483 98.2992 273.121 638.708 99.8766 277.635 669.542 66.5702 271.854 664.285 59.8041 252.491 649.23 76.067 255.314 633.555 68.1099 217.556 653.772 46.2718 213.765 648.515 39.5057 194.402 617.681 72.8121 200.184 616.456 71.2348 195.67 581.513 99.2527 186.317 586.77 106.019 205.68 610.099 87.3127 211.924 614.764 105.535 249.084 597.283 119.551 244.405 602.54 126.317 263.768 637.483 98.2992 273.121
  poly 1: 631.125 91.7143 277.148 632.351 93.2917 281.662 663.184 59.9853 275.881 657.195 52.2765 253.82 641.78 68.9278 256.711 626.105 60.9707 218.953 646.682 38.7443 215.095 642.157 32.9208 198.429 611.323 66.2273 204.211 610.098 64.6499 199.697 575.155 92.6678 190.344 581.144 100.377 212.404 604.066 81.9972 218.54 608.731 100.219 255.7 591.658 113.909 251.13 596.182 119.732 267.795 631.125 91.7143 277.148
element 43
  poly 0: 548.442 117.556 291.555 549.219 118.555 294.415 580.053 85.2487 288.633 574.796 78.4825 269.27 559.74 94.7457 272.093 544.065 86.7886 234.335 564.282 64.9503 230.545 559.025 58.1842 211.182 528.191 91.4906 216.963 527.415 90.4912 214.103 492.472 118.509 204.75 497.729 125.275 224.113 521.059 106.569 230.358 525.723 124.791 267.518 508.243 138.808 262.839 513.499 145.574 282.202 548.442 117.556 291.555
  poly 1: 542.084 110.971 295.582 542.861 111.97 298.442 573.695 78.6638 292.66 567.706 70.955 270.6 552.29 87.6066 273.49 536.615 79.6495 235.732 557.192 57.4228 231.874 552.667 51.5993 215.209 521.834 84.9057 220.99 521.057 83.9064 218.13 486.114 111.924 208.777 492.104 119.633 230.838 515.026 101.253 236.973 519.69 119.476 274.134 502.617 133.165 269.564 507.142 138.989 286.229 542.084 110.971 295.582
element 44
  poly 0: 459.401 136.812 309.988 459.729 137.234 311.194 490.563 103.927 305.413 485.306 97.161 286.05 470.25 113.424 288.873 454.575 105.467 251.115 474.792 83.6288 247.324 469.536 76.8627 227.961 438.702 110.169 233.743 438.374 109.748 232.537 403.432 137.766 223.184 408.688 144.532 242.547 432.018 125.825 248.791 436.683 144.047 285.952 419.202 158.064 281.273 424.459 164.83 300.635 459.401 136.812 309.988
  poly 1: 453.044 130.227 314.015 453.371 130.649 315.221 484.205 97.3423 309.44 478.216 89.6335 287.379 462.8 106.285 290.27 447.125 98.3282 252.512 467.702 76.1013 248.654 463.178 70.2778 231.988 432.344 103.584 237.77 432.016 103.163 236.564 397.074 131.181 227.211 403.063 138.89 249.272 425.985 120.51 255.407 430.65 138.732 292.567 413.576 152.422 287.997 418.101 158.245 304.663 453.044 130.227 314.015
element 45
  poly 0: 354.732 218.134 284.084 354.553 217.365 283.123 317.329 237.62 267.117 314.422 225.124 251.501 332.842 215.101 259.421 330.839 188.034 229.828 308.607 200.132 220.268 305.699 187.636 204.652 342.923 167.381 220.659 343.102 168.15 221.619 378.829 141.466 229.591 381.737 153.962 245.207 360.519 169.809 240.473 369.993 192.068 272.522 387.552 178.954 276.439 390.459 191.45 292.055 354.732 218.134 284.084
  poly 1: 360.409 224.014 278.322 360.23 223.245 277.361 323.006 243.499 261.355 320.226 231.55 246.422 338.562 221.573 254.307 336.56 194.506 224.714 314.411 206.558 215.19 311.376 193.515 198.89 348.6 173.261 214.897 348.779 174.03 215.857 384.506 147.346 223.829 387.287 159.295 238.762 365.989 175.202 234.01 375.463 197.461 266.059 393.101 184.287 269.994 396.136 197.33 286.294 360.409 224.014 278.322
element 46
  poly 0: 274.977 -138.48 345.836 274.961 -138.427 345.683 240.134 -163.223 326.111 238.054 -156.228 306.153 252.168 -146.179 314.085 257.132 -125.692 279.296 233.892 -142.238 266.236 231.812 -135.243 246.277 266.638 -110.447 265.85 266.654 -110.501 266.002 298.811 -76.7319 259.973 300.892 -83.7269 279.931 279.723 -105.956 283.9 292.311 -111.098 322.237 305.053 -97.7168 319.848 307.134 -104.712 339.806 274.977 -138.48 345.836
  poly 1: 268.37 -131.638 348.923 268.354 -131.584 348.77 233.528 -156.38 329.198 231.636 -150.02 311.052 245.336 -140.266 318.751 250.3 -119.779 283.963 227.475 -136.03 271.136 225.205 -128.4 249.364 260.031 -103.604 268.937 260.047 -103.658 269.089 292.205 -69.8893 263.06 294.096 -76.2489 281.205 272.545 -98.88 285.246 285.132 -104.022 323.583 298.258 -90.2388 321.122 300.527 -97.8691 342.893 268.37 -131.638 348.923
element 47
  poly 0: 185.89 -120.333 362.54 185.679 -119.627 360.523 150.853 -144.422 340.951 148.772 -137.427 320.992 162.889 -127.377 328.926 167.853 -106.889 294.138 144.611 -123.437 281.076 142.531 -116.442 261.117 177.357 -91.6466 280.689 177.567 -92.3535 282.706 209.724 -58.5849 276.677 211.805 -65.5798 296.635 190.634 -87.8113 300.605 203.222 -92.9529 338.941 215.966 -79.5698 336.552 218.047 -86.5647 356.51 185.89 -120.333 362.54
  poly 1: 179.283 -113.491 365.627 179.073 -112.784 363.61 144.246 -137.58 344.038 142.355 -131.22 325.892 156.057 -121.464 333.593 161.021 -100.977 298.804 138.193 -117.23 285.975 135.924 -109.6 264.204 170.75 -84.804 283.776 170.96 -85.5108 285.793 203.118 -51.7422 279.764 205.009 -58.1019 297.909 183.456 -80.7352 301.951 196.043 -85.8767 340.287 209.171 -72.0918 337.826 211.44 -79.7221 359.597 179.283 -113.491 365.627
element 48
  poly 0: 96.8027 -102.186 379.244 96.3981 -100.826 375.363 61.5718 -125.622 355.791 59.4911 -118.627 335.832 73.6102 -108.574 343.767 78.5744 -88.0872 308.979 55.3299 -104.637 295.915 53.2493 -97.642 275.957 88.0756 -72.8462 295.529 88.4801 -74.2064 299.41 120.638 -40.4378 293.381 122.718 -47.4328 313.339 101.545 -69.6665 317.309 114.133 -74.808 355.646 126.879 -61.4227 353.256 128.96 -68.4177 373.214 96.8027 -102.186 379.244
  poly 1: 90.1959 -95.3436 382.331 89.7914 -93.9834 378.45 54.9651 -118.779 358.878 53.0734 -112.42 340.732 66.778 -102.662 348.434 71.7423 -82.1749 313.645 48.9122 -98.4296 300.815 46.6425 -90.7993 279.044 81.4688 -66.0035 298.616 81.8734 -67.3638 302.497 114.031 -33.5951 296.468 115.922 -39.9548 314.613 94.367 -62.5903 318.655 106.954 -67.7319 356.992 120.084 -53.9447 354.53 122.353 -61.575 376.301 90.1959 -95.3436 382.331
element 49
  poly 0: 3.47305 -3.74992 396.743 3.47305 -3.74992 398.046 -28.9 -35.0067 391.976 -28.9 -35.0067 371.627 -13.0405 -19.694 374.601 -9.16178 -15.9491 334.631 -28.9 -35.0067 330.93 -28.9 -35.0067 310.582 3.47306 -3.74992 316.652 3.47306 -3.74992 315.349 35.8461 27.5068 309.279 35.8461 27.5068 329.628 15.9838 8.32939 333.352 19.8624 12.0743 373.322 35.8461 27.5068 370.325 35.8461 27.5068 390.673 3.47305 -3.74992 396.743
  poly 1: -3.4729 3.44409 396.743 -3.4729 3.44409 398.046 -35.846 -27.8127 391.976 -35.846 -27.8127 370.325 -19.8623 -12.3801 373.322 -15.9836 -8.63522 333.352 -35.846 -27.8127 329.628 -35.846 -27.8127 310.582 -3.47289 3.44409 316.652 -3.47289 3.44409 315.349 28.9002 34.7008 309.279 28.9002 34.7008 330.93 9.16195 15.6432 334.631 13.0406 19.3882 374.601 28.9002 34.7008 371.627 28.9002 34.7008 390.673 -3.4729 3.44409 396.743
element 50
  poly 0: 268.182 130.709 347.11 268.549 131.943 350.629 233.719 156.729 331.042 231.638 149.727 311.084 245.447 139.901 318.849 250.417 119.399 284.068 227.476 135.724 271.167 225.395 128.723 251.209 260.225 103.938 270.796 259.858 102.703 267.276 292.016 68.9314 261.247 294.097 75.9328 281.205 272.636 98.4702 285.229 285.23 103.618 323.565 298.259 89.9357 321.122 300.34 96.9372 341.08 268.182 130.709 347.11
  poly 1: 274.788 137.551 344.021 275.155 138.786 347.54 240.326 163.571 327.953 238.055 155.933 306.18 252.279 145.811 314.179 257.249 125.309 279.398 233.893 141.93 266.263 232.002 135.565 248.12 266.831 110.78 267.707 266.464 109.545 264.187 298.622 75.7736 258.158 300.892 83.4117 279.931 279.815 105.546 283.883 292.409 110.694 322.219 305.054 97.4146 319.848 306.946 103.779 337.991 274.788 137.551 344.021
element 51
  poly 0: 179.095 112.562 363.814 179.269 113.147 365.483 144.44 137.933 345.896 142.359 130.931 325.938 156.164 121.107 333.701 161.134 100.605 298.921 138.197 116.928 286.021 136.115 109.927 266.063 170.945 85.1417 285.65 170.771 84.5562 283.981 202.929 50.7846 277.951 205.01 57.7861 297.909 183.552 80.321 301.933 196.146 85.4688 340.268 209.172 71.789 337.826 211.253 78.7904 357.784 179.095 112.562 363.814
  poly 1: 185.701 119.404 360.725 185.875 119.99 362.394 151.046 144.775 342.807 148.776 137.137 321.034 162.996 127.017 329.031 167.966 106.515 294.25 144.614 123.134 281.117 142.722 116.769 262.974 177.551 91.9839 282.561 177.377 91.3984 280.891 209.535 57.6268 274.862 211.805 65.2649 296.635 190.73 87.3972 300.587 203.325 92.545 338.922 215.967 79.2678 336.552 217.859 85.6326 354.695 185.701 119.404 360.725
element 52
  poly 0: 90.0079 94.4152 380.518 89.989 94.3516 380.337 55.1598 119.137 360.75 53.0788 112.135 340.791 66.8814 102.313 348.554 71.8517 81.8115 313.773 48.9167 98.1325 300.875 46.8356 91.131 280.916 81.6649 66.3459 300.503 81.6838 66.4094 300.685 113.842 32.6379 294.655 115.923 39.6393 314.613 94.467 62.1718 318.636 107.061 67.3196 356.972 120.085 53.6422 354.53 122.166 60.6436 374.488 90.0079 94.4152 380.518
  poly 1: 96.6141 101.257 377.429 96.5953 101.194 377.248 61.766 125.979 357.661 59.4958 118.341 335.887 73.7136 108.223 343.883 78.6839 87.7215 309.102 55.3337 104.338 295.971 53.4419 97.9732 277.827 88.2711 73.188 297.414 88.29 73.2516 297.595 120.448 39.48 291.566 122.718 47.1181 313.339 101.646 69.248 317.29 114.24 74.3958 355.626 126.881 61.121 353.256 128.772 67.4858 371.399 96.6141 101.257 377.429
element 53
  poly 0: -357.428 -224.789 277.515 -357.386 -224.607 277.288 -400.992 -216.569 267.225 -398.1 -204.086 251.599 -378.874 -207.63 256.035 -367.543 -183.687 226.062 -392.317 -179.12 220.346 -389.425 -166.637 204.719 -345.819 -174.676 214.781 -345.861 -174.857 215.009 -300.393 -174.857 215.009 -303.285 -187.34 230.635 -329.076 -187.34 230.635 -329.076 -212.306 261.888 -309.069 -212.306 261.888 -311.961 -224.789 277.515 -357.428 -224.789 277.515
  poly 1: -357.428 -216.976 283.756 -357.386 -216.794 283.529 -400.992 -208.756 273.467 -398.109 -196.309 257.885 -378.89 -199.852 262.32 -367.56 -175.909 232.347 -392.325 -171.343 226.632 -389.425 -158.824 210.96 -345.819 -166.862 221.023 -345.861 -167.044 221.25 -300.393 -167.044 221.25 -303.277 -179.49 236.831 -329.076 -179.49 236.831 -329.076 -204.456 268.084 -309.06 -204.456 268.084 -311.961 -216.976 283.756 -357.428 -216.976 283.756
element 54
  poly 0: -96.7632 -94.7065 380.193 -96.6669 -94.3827 379.269 -63.3915 -63.8134 385.508 -61.3109 -56.8184 365.55 -78.8049 -72.8898 362.27 -79.7146 -63.5584 321.402 -57.1496 -42.8285 325.633 -55.069 -35.8335 305.675 -88.3444 -66.4028 299.436 -88.4407 -66.7266 300.36 -120.255 -92.3845 280.107 -122.336 -99.3795 300.065 -101.278 -82.3969 313.47 -110.288 -100.297 350.301 -126.497 -113.369 339.982 -128.578 -120.364 359.941 -96.7632 -94.7065 380.193
  poly 1: -89.9268 -101.787 378.424 -89.8305 -101.463 377.5 -56.5551 -70.894 383.74 -54.7864 -64.9477 366.773 -71.9003 -80.6699 363.565 -72.81 -71.3385 322.697 -50.6251 -50.9578 326.857 -48.2326 -42.9141 303.906 -81.5079 -73.4834 297.667 -81.6043 -73.8072 298.591 -113.419 -99.4651 278.338 -115.187 -105.411 295.304 -93.7665 -88.1356 308.94 -102.776 -106.036 345.771 -119.349 -119.401 335.221 -121.741 -127.445 358.172 -89.9268 -101.787 378.424
element 55
  poly 0: -186.044 -113.507 365.353 -185.754 -112.53 362.565 -152.478 -81.9605 368.804 -150.398 -74.9655 348.846 -167.888 -91.0335 345.567 -168.798 -81.7021 304.699 -146.237 -60.9756 308.929 -144.156 -53.9806 288.971 -177.431 -84.5499 282.732 -177.722 -85.527 285.52 -209.536 -111.185 265.267 -211.617 -118.18 285.226 -190.563 -101.2 298.628 -199.573 -119.1 335.458 -215.778 -132.17 325.142 -217.859 -139.165 345.101 -186.044 -113.507 365.353
  poly 1: -179.208 -120.587 363.584 -178.917 -119.61 360.796 -145.642 -89.041 367.036 -143.873 -83.0948 350.069 -160.984 -98.8136 346.861 -161.893 -89.4822 305.994 -139.712 -69.1049 310.153 -137.319 -61.0612 287.202 -170.595 -91.6304 280.963 -170.886 -92.6076 283.751 -202.7 -118.265 263.498 -204.469 -124.212 280.464 -183.052 -106.939 294.098 -192.061 -124.839 330.929 -208.63 -138.202 320.381 -211.023 -146.245 343.332 -179.208 -120.587 363.584
element 56
  poly 0: -275.326 -132.307 350.514 -274.841 -130.677 345.861 -241.565 -100.108 352.1 -239.485 -93.1126 332.142 -256.971 -109.177 328.863 -257.881 -99.8458 287.996 -235.323 -79.1226 292.225 -233.243 -72.1277 272.267 -266.518 -102.697 266.028 -267.003 -104.327 270.68 -298.818 -129.985 250.427 -300.898 -136.98 270.386 -279.848 -120.004 283.786 -288.858 -137.904 320.616 -305.06 -150.97 310.303 -307.14 -157.965 330.261 -275.326 -132.307 350.514
  poly 1: -268.489 -139.388 348.745 -268.004 -137.757 344.092 -234.729 -107.188 350.332 -232.96 -101.242 333.365 -250.067 -116.957 330.158 -250.977 -107.626 289.29 -228.799 -87.2519 293.449 -226.406 -79.2082 270.498 -259.682 -109.777 264.259 -260.167 -111.408 268.911 -291.981 -137.066 248.658 -293.75 -143.012 265.625 -272.337 -125.743 279.256 -281.346 -143.643 316.086 -297.911 -157.002 305.541 -300.304 -165.046 328.492 -268.489 -139.388 348.745
element 57
  poly 0: -89.6232 100.469 375.502 -90.1435 102.22 380.492 -56.8661 71.6508 386.732 -54.7851 64.6493 366.774 -71.7175 80.2038 363.599 -72.6331 70.8653 322.73 -50.623 50.6464 326.857 -48.5419 43.645 306.899 -81.8193 74.2142 300.659 -81.299 72.4636 295.669 -113.114 98.1113 275.4 -115.195 105.113 295.358 -93.6158 87.7167 309.106 -102.632 105.633 345.93 -119.357 119.116 335.275 -121.438 126.117 355.233 -89.6232 100.469 375.502
  poly 1: -96.4593 93.389 377.273 -96.9797 95.1397 382.263 -63.7023 64.5705 388.503 -61.309 56.5186 365.55 -78.6224 72.423 362.304 -79.5379 63.0845 321.435 -57.1469 42.5158 325.634 -55.3781 36.5647 308.67 -88.6555 67.1339 302.43 -88.1351 65.3833 297.44 -119.95 91.031 277.171 -122.343 99.0829 300.124 -101.128 81.9804 313.639 -110.145 99.8967 350.463 -126.505 113.086 340.04 -128.274 119.037 357.004 -96.4593 93.389 377.273
element 58
  poly 0: -178.903 119.265 360.648 -179.23 120.367 363.788 -145.953 89.7976 370.028 -137.629 61.7918 290.195 -170.906 92.361 283.955 -170.579 91.2594 280.815 -202.393 116.907 260.546 -204.474 123.909 280.505 -182.891 106.509 294.255 -191.908 124.425 331.079 -208.637 137.912 320.421 -210.718 144.913 340.38 -178.903 119.265 360.648
  poly 1: -185.739 112.185 362.419 -186.067 113.286 365.559 -152.789 82.7173 371.799 -144.465 54.7115 291.966 -177.742 85.2807 285.726 -177.415 84.1791 282.586 -209.23 109.827 262.317 -211.623 117.879 285.27 -190.404 100.773 298.788 -199.42 118.689 335.612 -215.785 131.882 325.187 -217.554 137.833 342.151 -185.739 112.185 362.419
element 59
  poly 0: -268.183 138.061 345.795 -268.317 138.514 347.084 -235.04 107.944 353.324 -232.959 100.943 333.366 -249.9 116.505 330.189 -250.815 107.166 289.32 -228.797 86.94 293.449 -226.716 79.9385 273.491 -259.993 110.508 267.251 -259.859 110.055 265.961 -291.673 135.703 245.693 -293.754 142.704 265.651 -272.167 125.302 279.404 -281.183 143.218 316.228 -297.916 156.707 305.568 -299.997 163.709 325.526 -268.183 138.061 345.795
  poly 1: -275.019 130.981 347.566 -275.153 131.433 348.855 -241.876 100.864 355.095 -239.483 92.8122 332.142 -256.804 108.724 328.895 -257.72 99.3855 288.026 -235.321 78.8093 292.226 -233.552 72.8582 275.262 -266.829 103.427 269.022 -266.695 102.975 267.732 -298.509 128.623 247.464 -300.903 136.675 270.416 -279.679 119.565 283.937 -288.696 137.482 320.761 -305.065 150.677 310.333 -306.834 156.629 327.297 -275.019 130.981 347.566
element 60
  poly 0: -360.69 217.567 282.963 -360.614 217.242 282.558 -394.048 233.444 256.641 -391.141 220.948 241.024 -374.826 213.042 253.671 -365.587 186.391 225.093 -385.326 195.956 209.792 -382.418 183.46 194.176 -348.984 167.258 220.093 -349.06 167.583 220.499 -314.13 144.953 238.382 -317.037 157.449 253.999 -337.619 170.783 243.461 -339.857 193.458 276.525 -322.852 182.441 285.231 -325.76 194.937 300.847 -360.69 217.567 282.963
  poly 1: -354.347 224.137 278.888 -354.271 223.812 278.482 -387.705 240.013 252.565 -384.925 228.064 237.632 -368.685 220.195 250.221 -359.447 193.544 221.642 -379.11 203.072 206.4 -376.076 190.029 190.1 -342.642 173.828 216.017 -342.717 174.153 216.423 -307.787 151.523 234.306 -310.567 163.472 249.239 -331.227 176.856 238.662 -333.465 199.531 271.726 -316.382 188.464 280.472 -319.417 201.507 296.771 -354.347 224.137 278.888
element 61
  poly 0: -452.93 -137.669 312.469 -452.704 -137.377 311.634 -480.015 -161.149 282.033 -474.776 -154.391 262.667 -463.394 -144.484 275.004 -446.185 -125.11 243.568 -464.3 -140.877 223.934 -459.062 -134.12 204.568 -431.751 -110.348 234.169 -431.977 -110.64 235.004 -398.364 -78.7394 241.306 -403.602 -85.4966 260.672 -425.608 -106.381 256.546 -427.798 -112.032 296.833 -414.079 -99.0111 299.405 -419.317 -105.768 318.771 -452.93 -137.669 312.469
  poly 1: -459.862 -130.489 313.099 -459.636 -130.198 312.264 -486.947 -153.969 282.663 -482.205 -147.852 265.134 -471.142 -138.223 277.125 -453.933 -118.849 245.689 -471.729 -134.338 226.401 -465.994 -126.94 205.198 -438.683 -103.169 234.799 -438.909 -103.46 235.634 -405.296 -71.5597 241.936 -410.038 -77.676 259.466 -432.436 -98.9331 255.266 -434.627 -104.584 295.552 -420.514 -91.1905 298.198 -426.249 -98.5886 319.402 -459.862 -130.489 313.099
element 62
  poly 0: -542.419 -118.99 295.69 -541.782 -118.168 293.334 -569.092 -141.939 263.733 -563.854 -135.182 244.367 -552.47 -125.273 256.706 -535.261 -105.899 225.27 -553.377 -121.667 205.634 -548.139 -114.91 186.268 -520.829 -91.1391 215.869 -521.466 -91.9609 218.224 -487.853 -60.0605 224.527 -493.091 -66.8177 243.893 -515.099 -87.7042 239.767 -517.29 -93.355 280.053 -503.568 -80.3322 282.626 -508.806 -87.0894 301.992 -542.419 -118.99 295.69
  poly 1: -549.351 -111.81 296.32 -548.714 -110.988 293.964 -576.024 -134.759 264.363 -571.283 -128.643 246.834 -560.218 -119.012 258.827 -543.009 -99.6379 227.391 -560.806 -115.129 208.101 -555.071 -107.73 186.898 -527.761 -83.9593 216.499 -528.398 -84.7812 218.854 -494.785 -52.8808 225.157 -499.527 -58.9972 242.686 -521.927 -80.2565 238.486 -524.118 -85.9073 278.773 -510.003 -72.5116 281.419 -515.738 -79.9097 302.622 -549.351 -111.81 296.32
element 63
  poly 0: -631.907 -100.311 278.91 -630.859 -98.9585 275.034 -658.17 -122.73 245.433 -637.217 -95.7008 167.968 -609.906 -71.9296 197.569 -610.954 -73.282 201.445 -577.342 -41.3816 207.747 -582.58 -48.1389 227.114 -604.59 -69.0275 222.987 -606.781 -74.6783 263.273 -593.057 -61.6533 265.846 -598.295 -68.4105 285.213 -631.907 -100.311 278.91
  poly 1: -638.84 -93.1312 279.54 -637.791 -91.7788 275.664 -665.102 -115.55 246.064 -644.149 -88.5211 168.598 -616.838 -64.7499 198.199 -617.887 -66.1023 202.075 -584.274 -34.2019 208.377 -589.016 -40.3183 225.907 -611.418 -61.5799 221.706 -613.609 -67.2307 261.993 -599.492 -53.8327 264.64 -605.227 -61.2308 285.843 -638.84 -93.1312 279.54
element 64
  poly 0: -724.337 -3.6438 261.579 -724.565 -3.6438 262.216 -752.46 -35.8604 246.917 -745.639 -35.8604 227.848 -731.575 -19.6175 235.561 -715.171 -16.428 198.937 -731.997 -35.8604 189.709 -725.176 -35.8604 170.639 -697.281 -3.6438 185.938 -697.053 -3.6438 185.301 -665.783 28.5728 191.164 -672.604 28.5729 210.234 -691.584 9.01811 206.675 -702.13 12.2076 245.395 -686.246 28.5729 248.373 -693.067 28.5729 267.443 -724.337 -3.6438 261.579
  poly 1: -731.078 3.33797 259.168 -731.306 3.33797 259.805 -759.201 -28.8787 244.506 -751.995 -28.8787 224.361 -737.853 -12.5458 232.118 -721.45 -9.35634 195.493 -738.353 -28.8787 186.222 -731.917 -28.8787 168.228 -704.022 3.33797 183.527 -703.794 3.33797 182.89 -672.524 35.5546 188.753 -679.73 35.5546 208.898 -698.623 16.0898 205.355 -709.169 19.2792 244.075 -693.371 35.5546 247.037 -699.808 35.5546 265.032 -731.078 3.33797 259.168
element 65
  poly 0: -459.401 129.56 311.256 -460.303 130.721 314.581 -487.578 154.465 284.905 -482.321 147.699 265.542 -471.238 138.05 277.601 -453.98 118.646 246.214 -471.808 134.166 226.816 -466.551 127.4 207.453 -439.276 103.657 237.129 -438.374 102.495 233.804 -404.754 70.5849 240.108 -410.01 77.351 259.471 -432.372 98.5759 255.278 -434.572 104.217 295.563 -420.524 90.8832 298.197 -425.781 97.6493 317.56 -459.401 129.56 311.256
  poly 1: -452.468 136.739 310.629 -453.371 137.901 313.954 -480.646 161.645 284.278 -474.891 154.238 263.082 -463.489 144.312 275.488 -446.23 124.908 244.101 -464.378 140.706 224.356 -459.619 134.58 206.827 -432.344 110.837 236.502 -431.441 109.675 233.177 -397.821 77.7647 239.481 -403.576 85.1715 260.677 -425.544 106.023 256.558 -427.744 111.664 296.843 -414.089 98.7037 299.403 -418.849 104.829 316.933 -452.468 136.739 310.629
element 66
  poly 0: -548.89 110.881 294.476 -549.344 111.465 296.147 -576.619 135.208 266.471 -571.362 128.442 247.108 -560.279 118.794 259.167 -543.02 99.3901 227.78 -560.848 114.91 208.383 -555.592 108.144 189.02 -528.317 84.4005 218.696 -527.863 83.8166 217.025 -494.243 51.9064 223.328 -499.5 58.6725 242.691 -521.862 79.8972 238.498 -524.061 85.5381 278.783 -510.014 72.2047 281.417 -515.27 78.9708 300.78 -548.89 110.881 294.476
  poly 1: -541.958 118.061 293.849 -542.412 118.645 295.52 -569.687 142.388 265.844 -563.932 134.981 244.648 -552.53 125.055 257.054 -535.271 105.651 225.668 -553.418 121.449 205.922 -548.659 115.324 188.393 -521.385 91.5804 218.069 -520.931 90.9965 216.398 -487.311 59.0862 222.702 -493.066 66.493 243.898 -515.034 87.3441 239.779 -517.233 92.985 280.063 -503.579 80.0252 282.624 -508.338 86.1507 300.153 -541.958 118.061 293.849
element 67
  poly 0: -638.38 92.2025 277.697 -638.385 92.2085 277.714 -665.659 115.952 248.038 -660.403 109.186 228.675 -649.32 99.5376 240.734 -632.061 80.1337 209.347 -649.889 95.6534 189.949 -644.632 88.8873 170.586 -617.357 65.1441 200.262 -617.353 65.1381 200.245 -583.733 33.2279 206.549 -588.99 39.994 225.912 -611.351 61.2186 221.719 -613.551 66.8594 262.004 -599.503 53.5262 264.638 -604.76 60.2923 284 -638.38 92.2025 277.697
  poly 1: -631.448 99.3824 277.07 -631.452 99.3883 277.087 -658.727 123.132 247.411 -652.973 115.725 226.215 -641.57 105.799 238.621 -624.312 86.395 207.234 -642.459 102.193 187.489 -637.7 96.0671 169.959 -610.425 72.3239 199.635 -610.421 72.318 199.618 -576.801 40.4077 205.922 -582.555 47.8145 227.118 -604.523 68.6655 222.999 -606.723 74.3063 263.284 -593.069 61.3467 265.844 -597.828 67.4722 283.374 -631.448 99.3824 277.07
element 68
  poly 0: -1030.73 -197.52 43.4192 -1030.34 -196.911 42.6991 -1070.06 -182.904 26.1389 -1062.35 -170.905 11.9528 -1043.62 -177.51 19.7617 -1024.44 -154.833 -7.0485 -1046.92 -146.907 -16.4194 -1039.2 -134.908 -30.6055 -999.485 -148.915 -14.0453 -999.876 -149.524 -13.3252 -956.475 -157.804 -3.53597 -964.19 -169.803 10.6501 -988.643 -165.138 5.1346 -999.978 -189.917 34.4302 -979.618 -193.801 39.0224 -987.333 -205.8 53.2085 -1030.73 -197.52 43.4192
  poly 1: -1030.73 -189.885 49.8772 -1030.34 -189.276 49.1571 -1070.06 -175.269 32.5969 -1062.43 -163.396 18.5602 -1043.72 -169.994 26.3609 -1024.54 -147.317 -0.44933 -1047 -139.398 -9.81201 -1039.2 -127.273 -24.1475 -999.485 -141.28 -7.58735 -999.876 -141.889 -6.86726 -956.475 -150.169 2.922 -964.108 -162.042 16.9587 -988.583 -157.372 11.4383 -999.918 -182.151 40.7338 -979.537 -186.04 45.3309 -987.333 -198.165 59.6664 -1030.73 -189.885 49.8772
element 69
  poly 0: -813.982 -87.6541 214.617 -813.442 -87.2282 213.471 -783.493 -56.9478 229.897 -774.955 -50.2091 211.769 -790.386 -65.8103 203.306 -777.967 -57.0407 164.496 -757.879 -36.7317 175.513 -749.342 -29.993 157.385 -779.291 -60.2734 140.959 -779.831 -60.6992 142.105 -803.592 -86.095 112.538 -812.13 -92.8337 130.666 -796.545 -76.1771 150.058 -817.315 -93.6029 181.717 -829.205 -106.311 166.922 -837.743 -113.05 185.05 -813.982 -87.6541 214.617
  poly 1: -807.048 -94.8353 215.213 -806.509 -94.4094 214.067 -776.559 -64.129 230.493 -769.222 -58.3377 214.914 -784.325 -73.608 206.63 -771.906 -64.8384 167.82 -752.146 -44.8603 178.658 -742.408 -37.1742 157.981 -772.358 -67.4546 141.555 -772.897 -67.8805 142.701 -796.659 -93.2762 113.134 -803.996 -99.0676 128.714 -788.152 -82.1334 148.429 -808.922 -99.5592 180.088 -821.071 -112.545 164.97 -830.809 -120.231 185.646 -807.048 -94.8353 215.213
element 70
  poly 0: -894.002 -101.98 172.633 -892.75 -100.992 169.974 -862.801 -70.7118 186.4 -854.263 -63.9731 168.272 -869.692 -79.5725 159.81 -857.273 -70.8029 121 -837.187 -50.4957 132.016 -828.65 -43.757 113.888 -858.6 -74.0374 97.4622 -859.852 -75.0256 100.121 -883.613 -100.421 70.5541 -892.15 -107.16 88.6821 -876.568 -90.5061 108.071 -897.338 -107.932 139.73 -909.226 -120.637 124.938 -917.764 -127.376 143.066 -894.002 -101.98 172.633
  poly 1: -887.069 -109.162 173.229 -885.817 -108.173 170.57 -855.867 -77.8931 186.996 -848.53 -72.1017 171.417 -863.631 -87.3701 163.134 -851.212 -78.6005 124.324 -831.454 -58.6243 135.161 -821.716 -50.9382 114.484 -851.666 -81.2186 98.0583 -852.918 -82.2069 100.717 -876.679 -107.603 71.1502 -884.016 -113.394 86.7297 -868.175 -96.4625 106.442 -888.945 -113.888 138.101 -901.092 -126.871 122.986 -910.83 -134.557 143.662 -887.069 -109.162 173.229
element 71
  poly 0: -974.023 -116.307 130.649 -972.058 -114.756 126.477 -942.109 -84.4759 142.903 -933.571 -77.7372 124.775 -948.998 -93.3347 116.314 -936.579 -84.5651 77.5045 -916.495 -64.2598 88.5194 -907.958 -57.521 70.3915 -937.908 -87.8014 53.9654 -939.872 -89.352 58.1366 -963.633 -114.748 28.5701 -972.171 -121.486 46.6981 -956.591 -104.835 66.084 -977.361 -122.261 97.7432 -989.246 -134.964 82.954 -997.784 -141.703 101.082 -974.023 -116.307 130.649
  poly 1: -967.089 -123.488 131.245 -965.125 -121.937 127.073 -935.175 -91.6571 143.499 -927.838 -85.8657 127.92 -942.937 -101.132 119.638 -930.518 -92.3627 80.8285 -910.762 -72.3883 91.6639 -901.024 -64.7023 70.9875 -930.974 -94.9827 54.5614 -932.938 -96.5332 58.7326 -956.7 -121.929 29.1661 -964.037 -127.72 44.7457 -948.198 -110.791 64.4548 -968.968 -128.217 96.1139 -981.112 -141.198 81.0016 -990.85 -148.884 101.678 -967.089 -123.488 131.245
element 72
  poly 0: -805.849 93.5698 212.582 -807.744 95.0645 216.596 -777.794 64.7737 233.023 -769.239 58.0282 214.904 -784.13 73.0881 206.737 -771.702 64.3324 167.932 -752.129 44.5372 178.667 -743.574 37.7917 160.548 -773.525 68.0824 144.122 -771.629 66.5877 140.107 -795.343 91.9608 110.472 -803.898 98.7063 128.59 -787.931 81.6229 148.544 -808.749 99.0806 180.148 -821.008 112.197 164.827 -829.562 118.943 182.946 -805.849 93.5698 212.582
  poly 1: -812.782 86.3888 211.981 -814.678 87.8834 215.996 -784.727 57.5927 232.422 -774.971 49.9001 211.76 -790.191 65.2924 203.413 -777.763 56.5368 164.608 -757.861 36.4091 175.523 -750.507 30.6106 159.948 -780.458 60.9013 143.522 -778.562 59.4067 139.507 -802.276 84.7797 109.872 -812.032 92.4723 130.534 -796.326 75.6673 150.162 -817.143 93.125 181.766 -829.142 105.963 166.771 -836.496 111.762 182.346 -812.782 86.3888 211.981
element 73
  poly 0: -885.799 107.84 170.445 -887.052 108.828 173.1 -857.101 78.5376 189.526 -848.546 71.792 171.408 -863.441 86.8561 163.238 -851.014 78.1005 124.433 -831.436 58.301 135.17 -822.882 51.5555 117.052 -852.832 81.8462 100.625 -851.579 80.858 97.971 -875.292 106.231 68.3356 -883.847 112.977 86.4541 -867.876 95.8881 106.413 -888.694 113.346 138.017 -900.957 126.468 122.691 -909.512 133.213 140.81 -885.799 107.84 170.445
  poly 1: -892.732 100.659 169.845 -893.985 101.647 172.499 -864.035 71.3565 188.926 -854.279 63.664 168.264 -869.502 79.0605 159.914 -857.075 70.3048 121.109 -837.169 50.1729 132.027 -829.815 44.3744 116.452 -859.765 74.6652 100.025 -858.512 73.6769 97.3708 -882.226 99.05 67.7353 -891.982 106.743 88.3976 -876.271 89.9325 108.031 -897.088 107.39 139.636 -909.092 120.234 124.635 -916.446 126.032 140.209 -892.732 100.659 169.845
element 74
  poly 0: -965.748 122.11 128.309 -966.359 122.592 129.603 -936.409 92.3014 146.03 -927.854 85.5559 127.911 -942.753 100.624 119.74 -930.325 91.8685 80.9345 -910.744 72.0648 91.6739 -902.189 65.3193 73.5554 -932.139 95.61 57.1289 -931.528 95.1282 55.8347 -955.242 120.501 26.1992 -963.797 127.247 44.3178 -947.821 110.153 64.2828 -968.639 127.611 95.8869 -980.907 140.738 80.5548 -989.462 147.483 98.6734 -965.748 122.11 128.309
  poly 1: -972.682 114.929 127.709 -973.293 115.411 129.003 -943.342 85.1203 145.429 -933.586 77.4278 124.767 -948.814 92.8285 116.415 -936.386 84.0729 77.6102 -916.476 63.9368 88.5299 -909.122 58.1383 72.9551 -939.073 88.429 56.5286 -938.462 87.9472 55.2345 -962.176 113.32 25.599 -971.932 121.013 46.2613 -956.216 104.198 65.9011 -977.033 121.655 97.5052 -989.041 134.504 82.4983 -996.395 140.302 98.0732 -972.682 114.929 127.709
element 75
  poly 0: -1034 189.66 47.4549 -1033.74 189.259 46.9823 -1060.48 204.485 13.9116 -1052.75 192.482 -0.259243 -1039.62 185.008 15.9743 -1022.08 159.82 -9.80227 -1037.28 168.475 -28.601 -1029.55 156.471 -42.7719 -1002.81 141.245 -9.70119 -1003.07 141.646 -9.2286 -973.308 121.725 18.2997 -981.04 133.728 32.4706 -998.021 145.094 16.7646 -1011.18 167.556 47.2417 -996.504 157.735 60.8123 -1004.24 169.739 74.9832 -1034 189.66 47.4549
  poly 1: -1027.23 196.67 45.2098 -1026.97 196.27 44.7372 -1053.71 211.495 11.6665 -1046.22 199.872 -2.05593 -1033.13 192.416 14.137 -1015.59 167.228 -11.6395 -1030.76 175.865 -30.3977 -1022.78 163.481 -45.017 -996.045 148.256 -11.9463 -996.303 148.656 -11.4737 -966.54 128.735 16.0546 -974.027 140.359 29.777 -991.044 151.749 14.0373 -1004.2 174.211 44.5143 -989.49 164.366 58.1188 -997.467 176.749 72.7381 -1027.23 196.67 45.2098
element 76
  poly 0: -1129.21 -120.611 40.2889 -1128.5 -120.183 39.1631 -1146.18 -145.115 4.12386 -1135.54 -138.661 -12.8554 -1127.95 -127.948 2.20077 -1102.66 -109.363 -23.7793 -1114.28 -125.753 -46.8138 -1103.65 -119.299 -63.793 -1085.97 -94.3676 -28.7538 -1086.68 -94.7956 -27.628 -1057.19 -62.6929 -11.4549 -1067.82 -69.1468 5.52436 -1086.89 -89.9099 -4.936 -1101.44 -95.508 32.705 -1089.09 -82.0546 39.4828 -1099.72 -88.5085 56.462 -1129.21 -120.611 40.2889
  poly 1: -1136.06 -113.509 38.6945 -1135.36 -113.081 37.5687 -1153.03 -138.013 2.5295 -1143.41 -132.172 -12.8371 -1136.01 -121.728 1.84014 -1110.72 -103.144 -24.14 -1122.15 -119.264 -46.7956 -1110.5 -112.197 -65.3874 -1092.83 -87.2657 -30.3482 -1093.53 -87.6936 -29.2224 -1064.05 -55.591 -13.0492 -1073.67 -61.4319 2.31739 -1093.06 -82.5421 -8.31785 -1107.61 -88.1402 29.3232 -1094.93 -74.3396 36.2758 -1106.57 -81.4065 54.8677 -1136.06 -113.509 38.6945
element 77
  poly 0: -1208.8 -105.33 -3.36235 -1207.78 -104.714 -4.9809 -1225.46 -129.646 -40.0201 -1214.82 -123.192 -56.9993 -1207.23 -112.479 -41.9432 -1181.94 -93.8945 -67.9233 -1193.56 -110.284 -90.9578 -1182.93 -103.83 -107.937 -1165.25 -78.8988 -72.8978 -1166.27 -79.5141 -71.2793 -1136.78 -47.4114 -55.1061 -1147.41 -53.8653 -38.1268 -1166.48 -74.6285 -48.5873 -1181.03 -80.2266 -10.9462 -1168.67 -66.7731 -4.1684 -1179.31 -73.227 12.8108 -1208.8 -105.33 -3.36235
  poly 1: -1215.65 -98.2276 -4.95672 -1214.64 -97.6124 -6.57527 -1232.31 -122.544 -41.6145 -1222.69 -116.703 -56.9811 -1215.29 -106.26 -42.3039 -1190 -87.6751 -68.284 -1201.43 -103.795 -90.9396 -1189.79 -96.7284 -109.531 -1172.11 -71.7968 -74.4922 -1173.12 -72.4121 -72.8736 -1143.64 -40.3095 -56.7004 -1153.26 -46.1504 -41.3338 -1172.65 -67.2607 -51.9691 -1187.2 -72.8588 -14.3281 -1174.52 -59.0581 -7.37537 -1186.16 -66.125 11.2165 -1215.65 -98.2276 -4.95672
element 78
  poly 0: -1288.39 -90.0481 -47.0136 -1287.06 -89.2455 -49.1249 -1304.74 -114.177 -84.1641 -1294.11 -107.723 -101.143 -1286.51 -97.0103 -86.0872 -1261.22 -78.4257 -112.067 -1272.84 -94.8154 -135.102 -1262.21 -88.3616 -152.081 -1244.53 -63.43 -117.042 -1245.86 -64.2325 -114.93 -1216.37 -32.1299 -98.7573 -1227 -38.5838 -81.7781 -1246.07 -59.3471 -92.2385 -1260.62 -64.9452 -54.5975 -1248.26 -51.4916 -47.8196 -1258.9 -57.9455 -30.8404 -1288.39 -90.0481 -47.0136
  poly 1: -1295.24 -82.9461 -48.6079 -1293.92 -82.1436 -50.7193 -1311.59 -107.075 -85.7585 -1301.97 -101.234 -101.125 -1294.57 -90.7908 -86.4479 -1269.28 -72.2062 -112.428 -1280.71 -88.3264 -135.084 -1269.07 -81.2596 -153.675 -1251.39 -56.328 -118.636 -1252.71 -57.1306 -116.525 -1223.22 -25.028 -100.352 -1232.85 -30.8689 -84.985 -1252.24 -51.9793 -95.6204 -1266.79 -57.5773 -57.9793 -1254.11 -43.7766 -51.0266 -1265.75 -50.8435 -32.4347 -1295.24 -82.9461 -48.6079
element 79
  poly 0: -1369 -3.40261 -91.2247 -1368.81 -3.40261 -91.4978 -1391.34 -37.602 -110.363 -1380.01 -37.602 -126.956 -1367.96 -19.3256 -116.874 -1344.02 -17.388 -148.992 -1357.33 -37.602 -160.142 -1346 -37.602 -176.736 -1323.47 -3.40261 -157.871 -1323.65 -3.40261 -157.598 -1297.89 30.7968 -143.466 -1309.22 30.7968 -126.873 -1324.54 10.4642 -135.275 -1345.75 12.4018 -101.287 -1331.89 30.7968 -93.6863 -1343.23 30.7968 -77.093 -1369 -3.40261 -91.2247
  poly 1: -1375.27 3.09678 -95.5118 -1375.08 3.09678 -95.7848 -1397.62 -31.1026 -114.65 -1385.86 -31.1026 -131.858 -1373.8 -12.7903 -121.757 -1349.85 -10.8527 -153.874 -1363.19 -31.1026 -165.044 -1352.27 -31.1026 -181.023 -1329.74 3.09678 -162.158 -1329.93 3.09678 -161.885 -1304.16 37.2962 -147.753 -1315.92 37.2962 -130.545 -1331.21 16.9995 -138.932 -1352.42 18.9371 -104.945 -1338.59 37.2962 -97.3584 -1349.5 37.2962 -81.38 -1375.27 3.09678 -95.5118
element 80
  poly 0: -1135.06 112.593 37.0769 -1136.44 113.43 39.2791 -1154.1 138.358 4.22597 -1143.46 131.903 -12.7508 -1136.08 121.485 1.89901 -1110.79 102.894 -24.0664 -1122.19 118.993 -46.7042 -1111.55 112.538 -63.6809 -1093.89 87.6104 -28.6278 -1092.52 86.7731 -30.83 -1063.03 54.6666 -14.6568 -1073.66 61.1215 2.31997 -1093.08 82.2633 -8.32994 -1107.64 87.8565 29.3091 -1094.94 74.0312 36.2734 -1105.57 80.4861 53.2501 -1135.06 112.593 37.0769
  poly 1: -1128.21 119.694 38.6729 -1129.59 120.532 40.8751 -1147.24 145.46 5.82196 -1135.6 138.392 -12.7658 -1128.03 127.704 2.26295 -1102.73 109.114 -23.7024 -1114.32 125.482 -46.7193 -1104.7 119.64 -62.0849 -1087.04 94.7122 -27.0318 -1085.66 93.8749 -29.234 -1056.17 61.7684 -13.0608 -1067.82 68.8359 5.52705 -1086.92 89.6305 -4.94798 -1101.47 95.2237 32.6911 -1089.09 81.7456 39.4805 -1098.72 87.5879 54.8461 -1128.21 119.694 38.6729
element 81
  poly 0: -1214.65 97.311 -6.57435 -1215.7 97.9477 -4.89994 -1233.36 122.876 -39.953 -1222.72 116.421 -56.9298 -1215.34 106.003 -42.28 -1190.05 87.4122 -68.2454 -1201.45 103.511 -90.8832 -1190.81 97.0562 -107.86 -1173.15 72.1283 -72.8068 -1172.1 71.4916 -74.4813 -1142.62 39.3852 -58.308 -1153.25 45.84 -41.3313 -1172.67 66.9828 -51.9817 -1187.23 72.5759 -14.3426 -1174.53 58.7497 -7.37787 -1185.16 65.2046 9.59885 -1214.65 97.311 -6.57435
  poly 1: -1207.8 104.413 -4.97836 -1208.84 105.049 -3.30394 -1226.5 129.977 -38.3571 -1214.86 122.91 -56.9449 -1207.29 112.222 -41.9161 -1181.99 93.6319 -67.8815 -1193.58 110 -90.8983 -1183.96 104.158 -106.264 -1166.3 79.2301 -71.2108 -1165.25 78.5934 -72.8853 -1135.76 46.487 -56.7121 -1147.41 53.5544 -38.1242 -1166.51 74.35 -48.5998 -1181.06 79.9431 -10.9607 -1168.68 66.4641 -4.17079 -1178.31 72.3064 11.1948 -1207.8 104.413 -4.97836
element 82
  poly 0: -1294.24 82.0296 -50.2256 -1294.96 82.4656 -49.079 -1312.62 107.394 -84.1321 -1301.98 100.939 -101.109 -1294.6 90.5205 -86.459 -1269.3 71.9301 -112.424 -1280.71 88.0289 -135.062 -1270.07 81.5741 -152.039 -1252.41 56.6461 -116.986 -1251.69 56.2101 -118.133 -1222.21 24.1037 -101.959 -1232.84 30.5585 -84.9826 -1252.26 51.7023 -95.6335 -1266.82 57.2954 -57.9944 -1254.12 43.4683 -51.0292 -1264.75 49.9231 -34.0524 -1294.24 82.0296 -50.2256
  poly 1: -1287.38 89.1314 -48.6297 -1288.1 89.5674 -47.483 -1305.76 114.495 -82.5361 -1294.12 107.428 -101.124 -1286.55 96.7402 -86.0951 -1261.25 78.1498 -112.06 -1272.84 94.5182 -135.077 -1263.22 88.6759 -150.443 -1245.56 63.7479 -115.39 -1244.84 63.3119 -116.537 -1215.35 31.2055 -100.363 -1227 38.2729 -81.7755 -1246.1 59.0695 -92.2515 -1260.65 64.6626 -54.6125 -1248.27 51.1826 -47.8221 -1257.9 57.0249 -32.4564 -1287.38 89.1314 -48.6297
element 83
  poly 0: -1445.79 -75.4211 -152.73 -1444.26 -74.6267 -154.67 -1418.97 -42.7718 -133.495 -1406.59 -36.3356 -149.213 -1418.84 -51.761 -159.466 -1398.53 -44.5051 -194.635 -1381.83 -23.4632 -180.648 -1369.44 -17.0269 -196.365 -1394.74 -48.8818 -217.54 -1396.27 -49.6762 -215.6 -1411.17 -76.1296 -249.965 -1423.55 -82.5658 -234.248 -1413.86 -65.3712 -211.91 -1441.25 -82.9077 -186.534 -1448.31 -95.4382 -202.813 -1460.69 -101.874 -187.095 -1445.79 -75.4211 -152.73
  poly 1: -1439.06 -82.396 -150.281 -1437.53 -81.6016 -152.221 -1412.24 -49.7468 -131.046 -1401.37 -44.0974 -144.842 -1413.35 -59.1795 -154.867 -1393.04 -51.9236 -190.036 -1376.61 -31.225 -176.277 -1362.71 -24.0019 -193.916 -1388 -55.8567 -215.091 -1389.53 -56.6511 -213.151 -1404.43 -83.1045 -247.516 -1415.3 -88.7538 -233.72 -1405.45 -71.2741 -211.013 -1432.84 -88.8106 -185.637 -1440.06 -101.626 -202.285 -1453.96 -108.849 -184.646 -1439.06 -82.396 -150.281
element 84
  poly 0: -1513.69 -83.4391 -209.419 -1512.09 -82.6058 -211.454 -1486.8 -50.751 -190.279 -1474.42 -44.3148 -205.997 -1486.66 -59.7402 -216.251 -1466.36 -52.4842 -251.419 -1449.65 -31.4423 -237.432 -1437.27 -25.0061 -253.15 -1462.56 -56.8609 -274.324 -1464.17 -57.6943 -272.289 -1479.07 -84.1477 -306.655 -1491.45 -90.5839 -290.937 -1481.76 -73.3892 -268.6 -1509.15 -90.9258 -243.224 -1516.21 -103.456 -259.502 -1528.59 -109.893 -243.784 -1513.69 -83.4391 -209.419
  poly 1: -1506.96 -90.4141 -206.97 -1505.36 -89.5808 -209.005 -1480.06 -57.7259 -187.83 -1469.2 -52.0766 -201.626 -1481.17 -67.1587 -211.652 -1460.87 -59.9027 -246.82 -1444.43 -39.2042 -233.061 -1430.54 -31.981 -250.701 -1455.83 -63.8359 -271.875 -1457.43 -64.6692 -269.84 -1472.33 -91.1226 -304.205 -1483.2 -96.7719 -290.41 -1473.35 -79.2921 -267.702 -1500.75 -96.8287 -242.326 -1507.96 -109.644 -258.974 -1521.86 -116.867 -241.335 -1506.96 -90.4141 -206.97
element 85
  poly 0: -1581.59 -91.4572 -266.108 -1579.92 -90.585 -268.238 -1554.62 -58.7301 -247.064 -1542.24 -52.2939 -262.781 -1554.49 -67.7194 -273.035 -1534.19 -60.4634 -308.203 -1517.48 -39.4215 -294.216 -1505.1 -32.9853 -309.934 -1530.39 -64.8401 -331.109 -1532.07 -65.7123 -328.978 -1546.97 -92.1657 -363.344 -1559.35 -98.602 -347.626 -1549.66 -81.4073 -325.289 -1577.05 -98.9439 -299.913 -1584.11 -111.474 -316.191 -1596.5 -117.911 -300.474 -1581.59 -91.4572 -266.108
  poly 1: -1574.86 -98.4322 -263.659 -1573.18 -97.5599 -265.789 -1547.89 -65.7051 -244.615 -1537.02 -60.0558 -258.411 -1549 -75.1378 -268.436 -1528.69 -67.8819 -303.604 -1512.26 -47.1833 -289.846 -1498.36 -39.9602 -307.485 -1523.65 -71.815 -328.659 -1525.33 -72.6873 -326.529 -1540.23 -99.1407 -360.895 -1551.1 -104.79 -347.099 -1541.25 -87.3102 -324.391 -1568.65 -104.847 -299.015 -1575.86 -117.662 -315.664 -1589.76 -124.886 -298.024 -1574.86 -98.4322 -263.659
element 86
  poly 0: -1437.53 81.2907 -152.241 -1439.05 82.0836 -150.306 -1413.76 50.2242 -129.132 -1401.38 43.7874 -144.846 -1413.33 58.8485 -154.856 -1393.02 51.5983 -190.022 -1376.6 30.9136 -176.275 -1364.22 24.4768 -191.989 -1389.51 56.3361 -213.163 -1387.98 55.5432 -215.098 -1402.87 81.9941 -249.475 -1415.25 88.431 -233.761 -1405.41 70.9348 -211.022 -1432.81 88.4774 -185.662 -1440.02 101.305 -202.333 -1452.41 107.742 -186.619 -1437.53 81.2907 -152.241
  poly 1: -1444.26 74.3161 -154.692 -1445.79 75.109 -152.757 -1420.5 43.2496 -131.583 -1406.6 36.0263 -149.217 -1418.82 51.431 -159.455 -1398.52 44.1808 -194.621 -1381.82 23.1526 -180.645 -1370.95 17.5022 -194.44 -1396.24 49.3615 -215.613 -1394.72 48.5686 -217.549 -1409.6 75.0195 -251.926 -1423.5 82.2428 -234.292 -1413.82 65.0318 -211.924 -1441.21 82.5745 -186.563 -1448.27 95.1165 -202.864 -1459.14 100.767 -189.07 -1444.26 74.3161 -154.692
element 87
  poly 0: -1505.4 89.2951 -208.964 -1506.88 90.0627 -207.09 -1481.59 58.2034 -185.916 -1469.2 51.7665 -201.63 -1481.16 66.8276 -211.64 -1460.85 59.5774 -246.806 -1444.43 38.8928 -233.059 -1432.04 32.4559 -248.773 -1457.33 64.3153 -269.947 -1455.86 63.5477 -271.821 -1470.74 89.9985 -306.198 -1483.13 96.4354 -290.484 -1473.28 78.9391 -267.745 -1500.68 96.4817 -242.384 -1507.9 109.309 -259.055 -1520.28 115.746 -243.341 -1505.4 89.2951 -208.964
  poly 1: -1512.13 82.3205 -211.415 -1513.61 83.0881 -209.541 -1488.32 51.2288 -188.367 -1474.42 44.0055 -206.001 -1486.65 59.4101 -216.239 -1466.34 52.1599 -251.405 -1449.65 31.1317 -237.43 -1438.78 25.4813 -251.224 -1464.07 57.3407 -272.398 -1462.59 56.5731 -274.272 -1477.47 83.0239 -308.649 -1491.37 90.2473 -291.015 -1481.69 73.0362 -268.646 -1509.09 90.5788 -243.286 -1516.15 103.121 -259.586 -1527.02 108.771 -245.792 -1512.13 82.3205 -211.415
element 88
  poly 0: -1573.28 97.2996 -265.687 -1574.7 98.0419 -263.874 -1549.41 66.1826 -242.701 -1537.03 59.7457 -258.415 -1548.98 74.8068 -268.424 -1528.67 67.5566 -303.59 -1512.25 46.872 -289.843 -1499.87 40.4351 -305.557 -1525.16 72.2944 -326.731 -1523.73 71.5521 -328.543 -1538.62 98.003 -362.921 -1551 104.44 -347.206 -1541.16 86.9435 -324.467 -1568.56 104.486 -299.107 -1575.77 117.314 -315.778 -1588.16 123.75 -300.064 -1573.28 97.2996 -265.687
  poly 1: -1580.01 90.325 -268.137 -1581.44 91.0673 -266.325 -1556.15 59.208 -245.151 -1542.25 51.9846 -262.786 -1554.48 67.3893 -273.024 -1534.17 60.1391 -308.189 -1517.48 39.1109 -294.214 -1506.6 33.4605 -308.008 -1531.89 65.3198 -329.182 -1530.47 64.5775 -330.994 -1545.35 91.0284 -365.371 -1559.25 98.2517 -347.737 -1549.56 81.0406 -325.369 -1576.96 98.5832 -300.008 -1584.02 111.125 -316.309 -1594.89 116.776 -302.515 -1580.01 90.325 -268.137
