2 13 13
2 13 13
2 13 13
2 21 21
2 13 13
2 13 13
2 21 21
2 13 13
2 13 13
2 13 13
2 21 21
2 21 21
2 21 21
2 21 21
2 21 21
2 21 21
2 21 21
2 21 21
2 21 21
2 21 21
2 13 13
2 21 21
2 21 21
2 21 21
2 21 21
2 21 21
2 21 21
2 21 21
2 13 13
2 21 21
2 21 21
2 21 21
2 21 21
2 21 21
2 21 21
2 21 21
2 21 21
2 21 21
2 21 21
2 13 13
2 21 21
2 21 21
2 21 21
2 21 21
2 21 21
2 21 21
2 21 21
2 13 13
2 21 21
2 21 21
2 21 21
2 21 21
2 21 21
2 21 21
2 21 21
2 21 21
2 21 21
2 21 21
2 13 13
2 21 21
2 21 21
2 21 21
2 21 21
2 21 21
2 21 21
2 21 21
2 13 13
2 21 21
2 21 21
2 21 21
2 21 21
2 21 21
2 21 21
2 21 21
2 21 21
2 21 21
2 21 21
2 13 13
2 21 21
2 21 21
2 21 21
2 21 21
2 21 21
2 21 21
2 21 21
2 13 13
2 21 21
2 21 21
2 21 21
2 21 21
2 21 21
2 21 21
2 21 21
2 21 21
2 21 21
2 13 13
2 13 13
2 13 13
2 13 13
2 13 13
2 13 13
