4 5 5 17 17
4 5 5 27 27
4 5 5 27 27
2 23 23
4 5 5 13 13
4 5 5 23 23
4 5 5 23 23
2 19 19
4 5 5 17 17
4 5 5 27 27
4 5 5 27 27
2 23 23
4 5 5 17 17
4 5 5 27 27
4 5 5 27 27
2 23 23
4 5 5 17 17
4 5 5 27 27
4 5 5 27 27
2 23 23
4 5 5 17 17
4 5 5 27 27
4 5 5 27 27
2 23 23
4 5 5 17 17
4 5 5 27 27
4 5 5 27 27
2 23 23
4 5 5 17 17
4 5 5 27 27
4 5 5 27 27
2 23 23
4 5 5 17 17
4 5 5 27 27
4 5 5 27 27
2 23 23
4 5 5 17 17
4 5 5 27 27
4 5 5 27 27
2 23 23
4 5 5 17 17
4 5 5 27 27
4 5 5 27 27
2 23 23
4 5 5 17 17
4 5 5 27 27
4 5 5 27 27
2 23 23
4 5 5 22 22
4 5 5 32 32
4 5 5 32 32
2 28 28
4 5 5 17 17
4 5 5 27 27
4 5 5 27 27
2 23 23
4 5 5 21 21
4 5 5 31 31
4 5 5 31 31
2 27 27
4 5 5 17 17
4 5 5 27 27
4 5 5 27 27
2 23 23
4 5 5 13 13
4 5 5 23 23
4 5 5 23 23
2 19 19
4 5 5 17 17
4 5 5 27 27
4 5 5 27 27
2 23 23
4 5 5 17 17
4 5 5 27 27
4 5 5 27 27
2 23 23
4 5 5 17 17
4 5 5 27 27
4 5 5 27 27
2 23 23
4 5 5 17 17
4 5 5 27 27
4 5 5 27 27
2 23 23
4 5 5 17 17
4 5 5 27 27
4 5 5 27 27
2 23 23
4 5 5 17 17
4 5 5 27 27
4 5 5 27 27
2 23 23
4 5 5 17 17
4 5 5 27 27
4 5 5 27 27
2 23 23
4 5 5 17 17
4 5 5 27 27
4 5 5 27 27
2 23 23
4 5 5 17 17
4 5 5 27 27
4 5 5 27 27
2 23 23
4 5 5 17 17
4 5 5 27 27
4 5 5 27 27
2 23 23
4 5 5 22 22
4 5 5 32 32
4 5 5 32 32
2 28 28
4 5 5 17 17
4 5 5 27 27
4 5 5 27 27
2 23 23
4 5 5 21 21
4 5 5 31 31
4 5 5 31 31
2 27 27
