2 13 13
2 13 13
2 13 13
2 13 13
2 13 13
2 13 13
2 9 9
2 17 17
2 9 9
2 21 21
2 21 21
2 21 21
2 21 21
2 21 21
2 21 21
2 21 21
2 21 21
2 21 21
2 21 21
2 17 17
2 21 21
2 9 9
2 17 17
2 9 9
2 21 21
2 21 21
2 21 21
2 21 21
2 21 21
2 21 21
2 21 21
2 21 21
2 21 21
2 21 21
2 17 17
2 21 21
2 9 9
2 17 17
2 9 9
2 21 21
2 21 21
2 21 21
2 21 21
2 21 21
2 21 21
2 21 21
2 21 21
2 21 21
2 21 21
2 17 17
2 21 21
2 9 9
2 17 17
2 9 9
2 21 21
2 21 21
2 21 21
2 21 21
2 21 21
2 21 21
2 21 21
2 21 21
2 21 21
2 21 21
2 17 17
2 21 21
2 9 9
2 17 17
2 9 9
2 21 21
2 21 21
2 21 21
2 21 21
2 21 21
2 21 21
2 21 21
2 21 21
2 21 21
2 21 21
2 17 17
2 21 21
2 9 9
2 17 17
2 9 9
2 21 21
2 21 21
2 21 21
2 21 21
2 21 21
2 21 21
2 21 21
2 21 21
2 21 21
2 21 21
2 17 17
2 21 21
2 9 9
2 9 9
2 13 13
2 13 13
2 13 13
2 13 13
2 13 13
2 13 13
