element 0
  poly 0: -937.48 681.119 -1354.95 -561.197 407.733 -1642.4 -501.782 462.454 -1616.67 -878.065 735.84 -1329.22 -937.48 681.119 -1354.95
  poly 1: -971.163 607.703 -1329.22 -594.88 334.317 -1616.67 -535.465 389.038 -1590.94 -911.748 662.424 -1303.49 -971.163 607.703 -1329.22
  poly 2: -203.111 1509.81 -926.233 -723.122 1340.85 -926.233 -702.305 1276.78 -977.696 -182.294 1445.74 -977.696 -203.111 1509.81 -926.233
  poly 3: -208.025 1524.93 -842.964 -728.036 1355.97 -842.964 -707.219 1291.9 -894.427 -187.208 1460.86 -894.427 -208.025 1524.93 -842.964
  poly 4: 214.358 659.726 -1642.4 358.085 1102.07 -1354.95 277.854 1111.42 -1329.22 134.126 669.074 -1616.67 214.358 659.726 -1642.4
  poly 5: 284.761 620.13 -1616.67 428.488 1062.48 -1329.22 348.257 1071.82 -1303.49 204.529 629.477 -1590.94 284.761 620.13 -1616.67
  poly 6: -1.38007e-05 4.66342e-05 -2071.12 -184.913 134.348 -1929.86 -244.328 79.6263 -1955.59 -1373.18 899.783 -1093.23 -1313.76 954.505 -1067.49 -1498.68 1088.85 -926.233 -1243.13 1171.88 -926.233 -1263.95 1235.95 -874.77 296.082 1742.84 -874.77 316.899 1678.77 -926.233 572.444 1761.8 -926.233 501.813 1544.42 -1067.49 582.044 1535.07 -1093.23 150.862 208.031 -1955.59 70.6307 217.379 -1929.86 -1.38007e-05 4.66342e-05 -2071.12
  poly 7: -6.06304e-07 -1.57709e-06 -2000 -159.182 115.653 -1878.4 -278.011 6.21008 -1929.86 -1406.86 826.367 -1067.49 -1288.03 935.81 -1016.03 -1447.21 1051.46 -894.427 -1227.23 1122.94 -894.427 -1268.86 1251.08 -791.501 291.168 1757.96 -791.501 332.802 1629.82 -894.427 552.786 1701.3 -894.427 491.984 1514.17 -1016.03 652.447 1495.48 -1067.49 221.265 168.435 -1929.86 60.8021 187.13 -1878.4 -6.06304e-07 -1.57709e-06 -2000
element 1
  poly 0: -937.48 -681.119 -1354.95 -561.197 -407.733 -1642.4 -594.88 -334.317 -1616.67 -971.163 -607.703 -1329.22 -937.48 -681.119 -1354.95
  poly 1: -878.065 -735.84 -1329.22 -501.782 -462.454 -1616.67 -535.465 -389.038 -1590.94 -911.748 -662.424 -1303.49 -878.065 -735.84 -1329.22
  poly 2: -1498.68 273.386 -926.233 -1498.68 -273.386 -926.233 -1431.31 -273.386 -977.696 -1431.31 273.386 -977.696 -1498.68 273.386 -926.233
  poly 3: -1514.58 273.386 -842.964 -1514.58 -273.386 -842.964 -1447.21 -273.386 -894.427 -1447.21 273.386 -894.427 -1514.58 273.386 -842.964
  poly 4: 1.41883e-05 -1.65242e-05 -2071.12 -184.913 -134.348 -1929.86 -151.231 -207.764 -1955.59 -1280.08 -1027.92 -1093.23 -1313.76 -954.505 -1067.49 -1498.68 -1088.85 -926.233 -1498.68 -820.157 -926.233 -1566.04 -820.157 -874.77 -1566.04 820.157 -874.77 -1498.68 820.157 -926.233 -1498.68 1088.85 -926.233 -1313.76 954.505 -1067.49 -1347.45 881.088 -1041.76 -971.163 607.703 -1329.22 -937.48 681.119 -1354.95 -865.182 702.008 -1410.18 -582.97 496.969 -1625.77 -561.197 407.733 -1642.4 -594.88 334.317 -1616.67 -218.596 60.9313 -1904.13 -184.913 134.348 -1929.86 1.41883e-05 -1.65242e-05 -2071.12
  poly 5: -2.07147e-05 -7.87355e-06 -2000 -159.182 -115.653 -1878.4 -91.8162 -262.485 -1929.86 -1220.67 -1082.64 -1067.49 -1288.03 -935.81 -1016.03 -1447.21 -1051.46 -894.427 -1447.21 -820.157 -894.427 -1581.95 -820.157 -791.501 -1581.95 820.157 -791.501 -1447.21 820.157 -894.427 -1447.21 1051.46 -894.427 -1288.03 935.81 -1016.03 -1288.37 935.075 -1015.77 -911.748 662.424 -1303.49 -878.065 735.84 -1329.22 -805.768 756.729 -1384.45 -523.555 551.69 -1600.04 -501.782 462.454 -1616.67 -535.465 389.038 -1590.94 -159.519 114.918 -1878.14 -159.182 115.653 -1878.4 -2.07147e-05 -7.87355e-06 -2000
element 2
  poly 0: -1631.16 681.119 -232.556 -1719.99 407.733 232.556 -1712.03 334.317 190.921 -1623.21 607.703 -274.19 -1631.16 681.119 -232.556
  poly 1: -1581.57 735.84 -190.921 -1670.4 462.454 274.19 -1662.45 389.038 232.556 -1573.62 662.424 -232.556 -1581.57 735.84 -190.921
  poly 2: -1719.99 -407.733 232.556 -1631.16 -681.119 -232.556 -1623.21 -607.703 -274.19 -1712.03 -334.317 190.921 -1719.99 -407.733 232.556
  poly 3: -1670.4 -462.454 274.19 -1581.57 -735.84 -190.921 -1573.62 -662.424 -232.556 -1662.45 -389.038 232.556 -1670.4 -462.454 274.19
  poly 4: -1852.47 -8.98028e-06 926.233 -1808.81 134.348 697.667 -1816.77 207.764 739.302 -1550.28 1027.92 -656.033 -1542.33 954.505 -697.667 -1498.68 1088.85 -926.233 -1498.68 820.157 -926.233 -1514.58 820.157 -842.964 -1514.58 273.386 -842.964 -1498.68 273.386 -926.233 -1486.75 205.039 -988.685 -1486.75 -205.039 -988.685 -1498.68 -273.386 -926.233 -1514.58 -273.386 -842.964 -1514.58 -820.157 -842.964 -1498.68 -820.157 -926.233 -1498.68 -1088.85 -926.233 -1542.33 -954.505 -697.667 -1550.28 -1027.92 -656.033 -1816.77 -207.764 739.302 -1808.81 -134.348 697.667 -1852.47 -8.98028e-06 926.233
  poly 5: -1788.85 -8.98028e-06 894.427 -1751.28 115.652 697.667 -1767.18 262.485 780.936 -1500.69 1082.64 -614.399 -1484.79 935.81 -697.667 -1447.21 1051.46 -894.427 -1447.21 820.157 -894.427 -1447.37 820.157 -893.594 -1447.21 273.386 -894.427 -1431.31 273.386 -977.696 -1419.38 205.039 -1040.15 -1419.38 -205.039 -1040.15 -1431.31 -273.386 -977.696 -1447.21 -273.386 -894.427 -1447.37 -820.157 -893.594 -1447.21 -820.157 -894.427 -1447.21 -1051.46 -894.427 -1484.79 -935.81 -697.667 -1500.69 -1082.64 -614.399 -1767.18 -262.485 780.936 -1751.28 -115.652 697.667 -1788.85 -8.98028e-06 894.427
element 3
  poly 0: -1151.84 1340.85 -232.556 -919.282 1509.81 232.556 -956.002 1445.74 274.19 -1188.56 1276.78 -190.921 -1151.84 1340.85 -232.556
  poly 1: -1079.56 1355.97 -274.19 -847.002 1524.93 190.921 -883.722 1460.86 232.556 -1116.28 1291.9 -232.556 -1079.56 1355.97 -274.19
  poly 2: -1051.76 1102.07 926.233 -1373.15 659.726 926.233 -1386.01 669.074 842.964 -1064.63 1111.42 842.964 -1051.76 1102.07 926.233
  poly 3: -997.262 1062.48 977.696 -1318.65 620.13 977.696 -1331.51 629.477 894.427 -1010.13 1071.82 894.427 -997.262 1062.48 977.696
  poly 4: -572.443 1761.8 926.233 -686.726 1678.77 697.667 -650.006 1742.84 656.033 -1347.67 1235.95 -739.302 -1384.39 1171.88 -697.667 -1498.68 1088.85 -926.233 -1542.33 954.505 -697.667 -1492.74 1009.23 -656.033 -1581.57 735.84 -190.921 -1631.16 681.119 -232.556 -1679.45 605.905 -205.643 -1746.07 400.866 143.191 -1719.99 407.733 232.556 -1670.4 462.454 274.19 -1759.23 189.069 739.302 -1808.81 134.348 697.667 -1852.47 -7.27694e-07 926.233 -1694.53 217.379 926.233 -1681.67 208.031 1009.5 -717.513 1535.07 1009.5 -730.378 1544.42 926.233 -572.443 1761.8 926.233
  poly 5: -552.786 1701.3 894.427 -651.166 1629.82 697.667 -577.726 1757.96 614.399 -1275.39 1251.08 -780.936 -1348.83 1122.94 -697.667 -1447.21 1051.46 -894.427 -1484.79 935.81 -697.667 -1484.3 936.357 -697.251 -1573.62 662.424 -232.556 -1623.21 607.703 -274.19 -1671.5 532.489 -247.277 -1738.12 327.449 101.557 -1712.03 334.317 190.921 -1662.45 389.038 232.556 -1750.78 116.2 698.084 -1751.28 115.652 697.667 -1788.85 -2.71729e-05 894.427 -1652.9 187.13 894.427 -1627.17 168.435 1060.96 -663.013 1495.48 1060.96 -688.744 1514.17 894.427 -552.786 1701.3 894.427
element 4
  poly 0: 143.727 1761.8 -232.556 -143.727 1761.8 232.556 -211.093 1731.55 190.921 76.3615 1731.55 -274.19 143.727 1761.8 -232.556
  poly 1: 211.093 1731.55 -190.921 -76.3615 1731.55 274.19 -143.727 1701.3 232.556 143.727 1701.3 -232.556 211.093 1731.55 -190.921
  poly 2: -572.443 1761.8 926.233 -431.182 1761.8 697.667 -363.816 1792.05 739.302 498.548 1792.05 -656.033 431.182 1761.8 -697.667 572.443 1761.8 -926.233 316.899 1678.77 -926.233 311.985 1693.89 -842.964 -208.025 1524.93 -842.964 -203.111 1509.81 -926.233 -264.427 1477.34 -988.685 -654.435 1350.62 -988.685 -723.122 1340.85 -926.233 -728.036 1355.97 -842.964 -1248.05 1187.01 -842.964 -1243.13 1171.88 -926.233 -1498.68 1088.85 -926.233 -1384.39 1171.88 -697.667 -1312.11 1187.01 -739.302 -1079.56 1355.97 -274.19 -1151.84 1340.85 -232.556 -1176.98 1350.62 -143.191 -1002.56 1477.34 205.643 -919.282 1509.81 232.556 -847.002 1524.93 190.921 -614.446 1693.89 656.033 -686.726 1678.77 697.667 -572.443 1761.8 926.233
  poly 3: -552.786 1701.3 894.427 -431.182 1701.3 697.667 -296.45 1761.8 780.936 565.914 1761.8 -614.399 431.182 1701.3 -697.667 552.786 1701.3 -894.427 332.802 1629.82 -894.427 332.753 1629.98 -893.594 -187.208 1460.86 -894.427 -182.294 1445.74 -977.696 -243.61 1413.27 -1040.15 -633.618 1286.55 -1040.15 -702.305 1276.78 -977.696 -707.219 1291.9 -894.427 -1227.28 1123.09 -893.594 -1227.23 1122.94 -894.427 -1447.21 1051.46 -894.427 -1348.83 1122.94 -697.667 -1348.11 1123.09 -698.084 -1116.28 1291.9 -232.556 -1188.56 1276.78 -190.921 -1213.7 1286.55 -101.557 -1039.28 1413.27 247.277 -956.002 1445.74 274.19 -883.722 1460.86 232.556 -650.443 1629.98 697.251 -651.166 1629.82 697.667 -552.786 1701.3 894.427
element 5
  poly 0: -723.122 -1340.85 -926.233 -203.111 -1509.81 -926.233 -182.294 -1445.74 -977.696 -702.305 -1276.78 -977.696 -723.122 -1340.85 -926.233
  poly 1: -728.036 -1355.97 -842.964 -208.025 -1524.93 -842.964 -187.208 -1460.86 -894.427 -707.219 -1291.9 -894.427 -728.036 -1355.97 -842.964
  poly 2: 358.085 -1102.07 -1354.95 214.358 -659.726 -1642.4 134.126 -669.074 -1616.67 277.854 -1111.42 -1329.22 358.085 -1102.07 -1354.95
  poly 3: 428.488 -1062.48 -1329.22 284.761 -620.13 -1616.67 204.53 -629.477 -1590.94 348.257 -1071.82 -1303.49 428.488 -1062.48 -1329.22
  poly 4: 572.444 -1761.8 -926.233 316.899 -1678.77 -926.233 296.082 -1742.84 -874.77 -1263.95 -1235.95 -874.77 -1243.13 -1171.88 -926.233 -1498.68 -1088.85 -926.233 -1313.76 -954.505 -1067.49 -1254.35 -1009.23 -1041.76 -878.065 -735.84 -1329.22 -937.48 -681.119 -1354.95 -935.005 -605.905 -1410.18 -652.793 -400.866 -1625.77 -561.197 -407.733 -1642.4 -501.782 -462.454 -1616.67 -125.499 -189.069 -1904.13 -184.913 -134.348 -1929.86 -2.50574e-05 -1.20927e-05 -2071.12 70.6307 -217.379 -1929.86 150.862 -208.031 -1955.59 582.044 -1535.07 -1093.23 501.813 -1544.42 -1067.49 572.444 -1761.8 -926.233
  poly 5: 552.786 -1701.3 -894.427 332.802 -1629.82 -894.427 291.168 -1757.96 -791.501 -1268.86 -1251.08 -791.501 -1227.23 -1122.94 -894.427 -1447.21 -1051.46 -894.427 -1288.03 -935.81 -1016.03 -1287.44 -936.357 -1015.77 -911.748 -662.424 -1303.49 -971.163 -607.703 -1329.22 -968.688 -532.489 -1384.45 -686.476 -327.449 -1600.04 -594.88 -334.317 -1616.67 -535.465 -389.038 -1590.94 -158.588 -116.2 -1878.14 -159.182 -115.653 -1878.4 -5.54005e-05 -1.74302e-05 -2000 60.8021 -187.13 -1878.4 221.265 -168.435 -1929.86 652.447 -1495.48 -1067.49 491.984 -1514.17 -1016.03 552.786 -1701.3 -894.427
element 6
  poly 0: 693.677 -5.16058e-08 -1642.4 1158.79 -5.16048e-08 -1354.95 1142.89 79.1933 -1329.22 677.774 79.1933 -1616.67 693.677 -5.16058e-08 -1642.4
  poly 1: 677.774 -79.1933 -1616.67 1142.89 -79.1933 -1329.22 1126.98 -2.41152e-06 -1303.49 661.871 -2.41152e-06 -1590.94 677.774 -79.1933 -1616.67
  poly 2: 1373.15 659.726 -926.233 1051.76 1102.07 -926.233 997.263 1062.48 -977.696 1318.65 620.13 -977.696 1373.15 659.726 -926.233
  poly 3: 1386.01 669.074 -842.964 1064.63 1111.42 -842.964 1010.13 1071.82 -894.427 1331.51 629.477 -894.427 1386.01 669.074 -842.964
  poly 4: 1852.47 1.64406e-05 -926.233 1623.9 -5.16039e-08 -1067.49 1639.8 -79.1933 -1093.23 244.469 -79.1933 -1955.59 228.566 -5.16067e-08 -1929.86 -1.38397e-06 2.18012e-05 -2071.12 70.6307 217.379 -1929.86 141.034 177.782 -1904.13 284.761 620.13 -1616.67 214.358 659.726 -1642.4 179.522 744.717 -1625.77 287.317 1076.48 -1410.18 358.085 1102.07 -1354.95 428.488 1062.48 -1329.22 572.216 1504.82 -1041.76 501.813 1544.42 -1067.49 572.443 1761.8 -926.233 730.378 1544.42 -926.233 784.879 1584.02 -874.77 1749.03 256.975 -874.77 1694.53 217.379 -926.233 1852.47 1.64406e-05 -926.233
  poly 5: 1788.85 -2.01131e-05 -894.427 1592.09 -2.41152e-06 -1016.03 1623.9 -158.387 -1067.49 228.566 -158.387 -1929.86 196.76 -2.41152e-06 -1878.4 -2.03295e-05 -3.77905e-06 -2000 60.8021 187.13 -1878.4 61.5061 186.734 -1878.14 204.529 629.477 -1590.94 134.126 669.074 -1616.67 99.2901 754.065 -1600.04 207.086 1085.83 -1384.45 277.854 1111.42 -1329.22 348.257 1071.82 -1303.49 492.688 1513.78 -1015.77 491.984 1514.17 -1016.03 552.786 1701.3 -894.427 688.744 1514.17 -894.427 797.744 1593.37 -791.501 1761.9 266.323 -791.501 1652.9 187.13 -894.427 1788.85 -2.01131e-05 -894.427
element 7
  poly 0: 919.282 1509.81 -232.556 1151.84 1340.85 232.556 1079.56 1355.97 274.19 847.002 1524.93 -190.921 919.282 1509.81 -232.556
  poly 1: 956.002 1445.74 -274.19 1188.56 1276.78 190.921 1116.28 1291.9 232.556 883.722 1460.86 -232.556 956.002 1445.74 -274.19
  poly 2: 723.122 1340.85 926.233 203.111 1509.81 926.233 208.025 1524.93 842.964 728.036 1355.97 842.964 723.122 1340.85 926.233
  poly 3: 702.305 1276.78 977.696 182.294 1445.74 977.696 187.208 1460.86 894.427 707.219 1291.9 894.427 702.305 1276.78 977.696
  poly 4: 1498.68 1088.85 926.233 1384.39 1171.88 697.667 1456.67 1156.76 656.033 759.006 1663.64 -739.302 686.726 1678.77 -697.667 572.443 1761.8 -926.233 431.182 1761.8 -697.667 498.548 1731.55 -656.033 211.093 1731.55 -190.921 143.727 1761.8 -232.556 57.2712 1784.49 -205.643 -158.32 1784.49 143.191 -143.727 1761.8 232.556 -76.3615 1731.55 274.19 -363.816 1731.55 739.302 -431.182 1761.8 697.667 -572.443 1761.8 926.233 -316.899 1678.77 926.233 -321.814 1663.64 1009.5 1238.22 1156.76 1009.5 1243.13 1171.88 926.233 1498.68 1088.85 926.233
  poly 5: 1447.21 1051.46 894.427 1348.83 1122.94 697.667 1493.39 1092.69 614.399 795.727 1599.58 -780.936 651.166 1629.82 -697.667 552.786 1701.3 -894.427 431.182 1701.3 -697.667 431.856 1701 -697.251 143.727 1701.3 -232.556 76.3615 1731.55 -274.19 -10.0947 1754.24 -247.277 -225.686 1754.24 101.557 -211.093 1731.55 190.921 -143.727 1701.3 232.556 -430.508 1701 698.084 -431.182 1701.3 697.667 -552.786 1701.3 894.427 -332.802 1629.82 894.427 -342.631 1599.58 1060.96 1217.4 1092.69 1060.96 1227.23 1122.94 894.427 1447.21 1051.46 894.427
element 8
  poly 0: -358.085 1102.07 1354.95 -214.358 659.726 1642.4 -284.761 620.13 1616.67 -428.488 1062.48 1329.22 -358.085 1102.07 1354.95
  poly 1: -277.854 1111.42 1329.22 -134.126 669.074 1616.67 -204.529 629.477 1590.94 -348.257 1071.82 1303.49 -277.854 1111.42 1329.22
  poly 2: -693.677 -5.1603e-08 1642.4 -1158.79 -5.16029e-08 1354.95 -1142.89 79.1933 1329.22 -677.774 79.1933 1616.67 -693.677 -5.1603e-08 1642.4
  poly 3: -677.774 -79.1933 1616.67 -1142.89 -79.1933 1329.22 -1126.98 -5.16035e-08 1303.49 -661.871 -5.16036e-08 1590.94 -677.774 -79.1933 1616.67
  poly 4: 4.95053e-05 4.2098e-06 2071.12 -70.6306 217.379 1929.86 -0.227612 256.976 1955.59 -431.41 1584.02 1093.23 -501.813 1544.42 1067.49 -572.443 1761.8 926.233 -730.378 1544.42 926.233 -675.878 1504.82 977.696 -997.262 1062.48 977.696 -1051.76 1102.07 926.233 -1132.81 1076.48 887.636 -1373.85 744.717 887.636 -1373.15 659.726 926.233 -1318.65 620.13 977.696 -1640.03 177.782 977.696 -1694.53 217.379 926.233 -1852.47 -1.15078e-06 926.233 -1623.9 -5.16029e-08 1067.49 -1639.8 -79.1933 1093.23 -244.469 -79.1933 1955.59 -228.566 -5.1603e-08 1929.86 4.95053e-05 4.2098e-06 2071.12
  poly 5: 2.69355e-05 -6.57869e-06 2000 -60.8021 187.13 1878.4 80.004 266.323 1929.86 -351.178 1593.37 1067.49 -491.984 1514.17 1016.03 -552.786 1701.3 894.427 -688.744 1514.17 894.427 -688.199 1513.78 894.942 -1010.13 1071.82 894.427 -1064.63 1111.42 842.964 -1145.68 1085.83 804.367 -1386.71 754.065 804.367 -1386.01 669.074 842.964 -1331.51 629.477 894.427 -1652.35 186.734 894.942 -1652.9 187.13 894.427 -1788.85 -1.17552e-05 894.427 -1592.09 -5.16035e-08 1016.03 -1623.9 -158.387 1067.49 -228.566 -158.387 1929.86 -196.76 -5.16036e-08 1878.4 2.69355e-05 -6.57869e-06 2000
element 9
  poly 0: -1373.15 -659.726 926.233 -1051.76 -1102.07 926.233 -1064.63 -1111.42 842.964 -1386.01 -669.074 842.964 -1373.15 -659.726 926.233
  poly 1: -1318.65 -620.13 977.696 -997.262 -1062.48 977.696 -1010.13 -1071.82 894.427 -1331.51 -629.477 894.427 -1318.65 -620.13 977.696
  poly 2: -919.282 -1509.81 232.556 -1151.84 -1340.85 -232.556 -1188.56 -1276.78 -190.921 -956.002 -1445.74 274.19 -919.282 -1509.81 232.556
  poly 3: -847.002 -1524.93 190.921 -1079.56 -1355.97 -274.19 -1116.28 -1291.9 -232.556 -883.722 -1460.86 232.556 -847.002 -1524.93 190.921
  poly 4: -572.443 -1761.8 926.233 -730.378 -1544.42 926.233 -717.513 -1535.07 1009.5 -1681.67 -208.031 1009.5 -1694.53 -217.379 926.233 -1852.47 -4.37789e-06 926.233 -1808.81 -134.348 697.667 -1759.23 -189.069 739.302 -1670.4 -462.454 274.19 -1719.99 -407.733 232.556 -1746.07 -400.866 143.191 -1679.45 -605.905 -205.643 -1631.16 -681.119 -232.556 -1581.57 -735.84 -190.921 -1492.74 -1009.23 -656.033 -1542.33 -954.505 -697.667 -1498.68 -1088.85 -926.233 -1384.39 -1171.88 -697.667 -1347.67 -1235.95 -739.302 -650.006 -1742.84 656.033 -686.726 -1678.77 697.667 -572.443 -1761.8 926.233
  poly 5: -552.786 -1701.3 894.427 -688.744 -1514.17 894.427 -663.013 -1495.48 1060.96 -1627.17 -168.435 1060.96 -1652.9 -187.13 894.427 -1788.85 5.85083e-06 894.427 -1751.28 -115.652 697.667 -1750.78 -116.2 698.084 -1662.45 -389.038 232.556 -1712.03 -334.317 190.921 -1738.12 -327.449 101.557 -1671.5 -532.489 -247.277 -1623.21 -607.703 -274.19 -1573.62 -662.424 -232.556 -1484.3 -936.357 -697.251 -1484.79 -935.81 -697.667 -1447.21 -1051.46 -894.427 -1348.83 -1122.94 -697.667 -1275.39 -1251.08 -780.936 -577.726 -1757.96 614.399 -651.166 -1629.82 697.667 -552.786 -1701.3 894.427
element 10
  poly 0: 1631.16 -681.119 232.556 1719.99 -407.733 -232.556 1670.4 -462.454 -274.19 1581.57 -735.84 190.921 1631.16 -681.119 232.556
  poly 1: 1623.21 -607.703 274.19 1712.03 -334.317 -190.921 1662.45 -389.038 -232.556 1573.62 -662.424 232.556 1623.21 -607.703 274.19
  poly 2: 919.282 -1509.81 -232.556 1151.84 -1340.85 232.556 1188.56 -1276.78 190.921 956.002 -1445.74 -274.19 919.282 -1509.81 -232.556
  poly 3: 847.002 -1524.93 -190.921 1079.56 -1355.97 274.19 1116.28 -1291.9 232.556 883.722 -1460.86 -232.556 847.002 -1524.93 -190.921
  poly 4: 1373.15 -659.726 -926.233 1051.76 -1102.07 -926.233 1064.63 -1111.42 -842.964 1386.01 -669.074 -842.964 1373.15 -659.726 -926.233
  poly 5: 1318.65 -620.13 -977.696 997.263 -1062.48 -977.696 1010.13 -1071.82 -894.427 1331.51 -629.477 -894.427 1318.65 -620.13 -977.696
  poly 6: 1852.47 1.63214e-05 -926.233 1808.81 -134.348 -697.667 1858.4 -79.6263 -656.033 1591.91 -899.783 739.302 1542.33 -954.505 697.667 1498.68 -1088.85 926.233 1384.39 -1171.88 697.667 1347.67 -1235.95 739.302 650.006 -1742.84 -656.033 686.726 -1678.77 -697.667 572.443 -1761.8 -926.233 730.378 -1544.42 -926.233 717.513 -1535.07 -1009.5 1681.67 -208.031 -1009.5 1694.53 -217.379 -926.233 1852.47 1.63214e-05 -926.233
  poly 7: 1788.85 1.61582e-05 -894.427 1751.28 -115.652 -697.667 1850.45 -6.21007 -614.399 1583.96 -826.367 780.936 1484.79 -935.81 697.667 1447.21 -1051.46 894.427 1348.83 -1122.94 697.667 1275.39 -1251.08 780.936 577.726 -1757.96 -614.399 651.166 -1629.82 -697.667 552.786 -1701.3 -894.427 688.744 -1514.17 -894.427 663.013 -1495.48 -1060.96 1627.17 -168.435 -1060.96 1652.9 -187.13 -894.427 1788.85 1.61582e-05 -894.427
element 11
  poly 0: 1631.16 681.119 232.556 1719.99 407.733 -232.556 1712.03 334.317 -190.921 1623.21 607.703 274.19 1631.16 681.119 232.556
  poly 1: 1581.57 735.84 190.921 1670.4 462.454 -274.19 1662.45 389.038 -232.556 1573.62 662.424 232.556 1581.57 735.84 190.921
  poly 2: 1498.68 -273.386 926.233 1498.68 273.386 926.233 1514.58 273.386 842.964 1514.58 -273.386 842.964 1498.68 -273.386 926.233
  poly 3: 1431.31 -273.386 977.696 1431.31 273.386 977.696 1447.21 273.386 894.427 1447.21 -273.386 894.427 1431.31 -273.386 977.696
  poly 4: 1852.47 -1.03056e-06 -926.233 1808.81 134.348 -697.667 1816.77 207.764 -739.302 1550.28 1027.92 656.033 1542.33 954.505 697.667 1498.68 1088.85 926.233 1498.68 820.157 926.233 1482.77 820.157 1009.5 1482.77 -820.157 1009.5 1498.68 -820.157 926.233 1498.68 -1088.85 926.233 1542.33 -954.505 697.667 1534.38 -881.088 739.302 1623.21 -607.703 274.19 1631.16 -681.119 232.556 1648.22 -702.008 143.191 1714.85 -496.969 -205.643 1719.99 -407.733 -232.556 1712.03 -334.317 -190.921 1800.86 -60.9313 -656.033 1808.81 -134.348 -697.667 1852.47 -1.03056e-06 -926.233
  poly 5: 1788.85 1.01324e-05 -894.427 1751.28 115.652 -697.667 1767.18 262.485 -780.936 1500.69 1082.64 614.399 1484.79 935.81 697.667 1447.21 1051.46 894.427 1447.21 820.157 894.427 1415.41 820.157 1060.96 1415.41 -820.157 1060.96 1447.21 -820.157 894.427 1447.21 -1051.46 894.427 1484.79 -935.81 697.667 1484.71 -935.075 698.084 1573.62 -662.424 232.556 1581.57 -735.84 190.921 1598.64 -756.729 101.557 1665.26 -551.69 -247.277 1670.4 -462.454 -274.19 1662.45 -389.038 -232.556 1751.2 -114.918 -697.251 1751.28 -115.652 -697.667 1788.85 1.01324e-05 -894.427
element 12
  poly 0: 561.197 407.733 1642.4 937.48 681.119 1354.95 971.163 607.703 1329.22 594.88 334.317 1616.67 561.197 407.733 1642.4
  poly 1: 501.782 462.454 1616.67 878.065 735.84 1329.22 911.748 662.424 1303.49 535.465 389.038 1590.94 501.782 462.454 1616.67
  poly 2: 937.48 -681.119 1354.95 561.197 -407.733 1642.4 594.88 -334.317 1616.67 971.163 -607.703 1329.22 937.48 -681.119 1354.95
  poly 3: 878.065 -735.84 1329.22 501.782 -462.454 1616.67 535.465 -389.038 1590.94 911.748 -662.424 1303.49 878.065 -735.84 1329.22
  poly 4: 1498.68 1088.85 926.233 1313.76 954.505 1067.49 1280.08 1027.92 1093.23 151.231 207.764 1955.59 184.914 134.348 1929.86 4.01807e-07 1.05003e-05 2071.12 184.914 -134.348 1929.86 151.231 -207.764 1955.59 1280.08 -1027.92 1093.23 1313.76 -954.505 1067.49 1498.68 -1088.85 926.233 1498.68 -820.157 926.233 1431.31 -820.157 977.696 1431.31 -273.386 977.696 1498.68 -273.386 926.233 1549.2 -205.039 887.636 1549.2 205.039 887.636 1498.68 273.386 926.233 1431.31 273.386 977.696 1431.31 820.157 977.696 1498.68 820.157 926.233 1498.68 1088.85 926.233
  poly 5: 1447.21 1051.46 894.427 1288.03 935.81 1016.03 1220.67 1082.64 1067.49 91.8162 262.485 1929.86 159.182 115.653 1878.4 8.63977e-06 1.05003e-05 2000 159.182 -115.652 1878.4 91.8162 -262.485 1929.86 1220.67 -1082.64 1067.49 1288.03 -935.81 1016.03 1447.21 -1051.46 894.427 1447.21 -820.157 894.427 1446.54 -820.157 894.942 1447.21 -273.386 894.427 1514.58 -273.386 842.964 1565.1 -205.039 804.367 1565.1 205.039 804.367 1514.58 273.386 842.964 1447.21 273.386 894.427 1446.54 820.157 894.942 1447.21 820.157 894.427 1447.21 1051.46 894.427
element 13
  poly 0: -358.085 -1102.07 1354.95 -214.358 -659.726 1642.4 -134.126 -669.074 1616.67 -277.854 -1111.42 1329.22 -358.085 -1102.07 1354.95
  poly 1: -428.488 -1062.48 1329.22 -284.761 -620.13 1616.67 -204.529 -629.477 1590.94 -348.257 -1071.82 1303.49 -428.488 -1062.48 1329.22
  poly 2: 723.122 -1340.85 926.233 203.111 -1509.81 926.233 182.294 -1445.74 977.696 702.305 -1276.78 977.696 723.122 -1340.85 926.233
  poly 3: 728.036 -1355.97 842.964 208.025 -1524.93 842.964 187.208 -1460.86 894.427 707.219 -1291.9 894.427 728.036 -1355.97 842.964
  poly 4: 4.77965e-05 -1.20927e-05 2071.12 -70.6306 -217.379 1929.86 -150.862 -208.031 1955.59 -582.044 -1535.07 1093.23 -501.813 -1544.42 1067.49 -572.443 -1761.8 926.233 -316.899 -1678.77 926.233 -296.082 -1742.84 874.77 1263.95 -1235.95 874.77 1243.13 -1171.88 926.233 1498.68 -1088.85 926.233 1313.76 -954.505 1067.49 1254.35 -1009.23 1041.76 878.065 -735.84 1329.22 937.48 -681.119 1354.95 935.005 -605.905 1410.18 652.793 -400.866 1625.77 561.197 -407.733 1642.4 501.782 -462.454 1616.67 125.499 -189.069 1904.13 184.914 -134.348 1929.86 4.77965e-05 -1.20927e-05 2071.12
  poly 5: 7.81397e-05 -1.74302e-05 2000 -60.8021 -187.13 1878.4 -221.265 -168.435 1929.86 -652.447 -1495.48 1067.49 -491.984 -1514.17 1016.03 -552.786 -1701.3 894.427 -332.802 -1629.82 894.427 -291.168 -1757.96 791.501 1268.86 -1251.08 791.501 1227.23 -1122.94 894.427 1447.21 -1051.46 894.427 1288.03 -935.81 1016.03 1287.44 -936.357 1015.77 911.748 -662.424 1303.49 971.163 -607.703 1329.22 968.688 -532.489 1384.45 686.476 -327.449 1600.04 594.88 -334.317 1616.67 535.465 -389.038 1590.94 158.588 -116.2 1878.14 159.182 -115.652 1878.4 7.81397e-05 -1.74302e-05 2000
element 14
  poly 0: 143.727 -1761.8 -232.556 -143.727 -1761.8 232.556 -76.3615 -1731.55 274.19 211.093 -1731.55 -190.921 143.727 -1761.8 -232.556
  poly 1: 76.3616 -1731.55 -274.19 -211.093 -1731.55 190.921 -143.727 -1701.3 232.556 143.727 -1701.3 -232.556 76.3616 -1731.55 -274.19
  poly 2: 572.443 -1761.8 -926.233 686.726 -1678.77 -697.667 614.446 -1693.89 -656.033 847.002 -1524.93 -190.921 919.282 -1509.81 -232.556 1002.56 -1477.34 -205.643 1176.98 -1350.62 143.191 1151.84 -1340.85 232.556 1079.56 -1355.97 274.19 1312.11 -1187.01 739.302 1384.39 -1171.88 697.667 1498.68 -1088.85 926.233 1243.13 -1171.88 926.233 1248.05 -1187.01 842.964 728.036 -1355.97 842.964 723.122 -1340.85 926.233 654.435 -1350.62 988.685 264.427 -1477.34 988.685 203.111 -1509.81 926.233 208.025 -1524.93 842.964 -311.985 -1693.89 842.964 -316.899 -1678.77 926.233 -572.443 -1761.8 926.233 -431.182 -1761.8 697.667 -498.548 -1792.05 656.033 363.816 -1792.05 -739.302 431.182 -1761.8 -697.667 572.443 -1761.8 -926.233
  poly 3: 552.786 -1701.3 -894.427 651.166 -1629.82 -697.667 650.443 -1629.98 -697.251 883.722 -1460.86 -232.556 956.002 -1445.74 -274.19 1039.28 -1413.27 -247.277 1213.7 -1286.55 101.557 1188.56 -1276.78 190.921 1116.28 -1291.9 232.556 1348.11 -1123.09 698.084 1348.83 -1122.94 697.667 1447.21 -1051.46 894.427 1227.23 -1122.94 894.427 1227.28 -1123.09 893.594 707.219 -1291.9 894.427 702.305 -1276.78 977.696 633.618 -1286.55 1040.15 243.61 -1413.27 1040.15 182.294 -1445.74 977.696 187.208 -1460.86 894.427 -332.753 -1629.98 893.594 -332.802 -1629.82 894.427 -552.786 -1701.3 894.427 -431.182 -1701.3 697.667 -565.914 -1761.8 614.399 296.45 -1761.8 -780.936 431.182 -1701.3 -697.667 552.786 -1701.3 -894.427
element 15
  poly 0: 572.443 -1761.8 -926.233 501.813 -1544.42 -1067.49 572.216 -1504.82 -1041.76 428.488 -1062.48 -1329.22 358.085 -1102.07 -1354.95 287.317 -1076.48 -1410.18 179.522 -744.717 -1625.77 214.358 -659.726 -1642.4 284.761 -620.13 -1616.67 141.034 -177.782 -1904.13 70.6307 -217.379 -1929.86 -8.4843e-06 -5.16072e-08 -2071.12 228.566 -5.16067e-08 -1929.86 212.663 -79.1933 -1904.13 677.774 -79.1933 -1616.67 693.677 -5.16058e-08 -1642.4 763.743 59.395 -1625.77 1112.58 59.395 -1410.18 1158.79 -5.16048e-08 -1354.95 1142.89 -79.1933 -1329.22 1608 -79.1933 -1041.76 1623.9 -5.16039e-08 -1067.49 1852.47 -5.16034e-08 -926.233 1694.53 -217.379 -926.233 1640.03 -177.782 -977.696 1318.65 -620.13 -977.696 1373.15 -659.726 -926.233 1373.85 -744.717 -887.636 1132.81 -1076.48 -887.636 1051.76 -1102.07 -926.233 997.263 -1062.48 -977.696 675.878 -1504.82 -977.696 730.378 -1544.42 -926.233 572.443 -1761.8 -926.233
  poly 1: 552.786 -1701.3 -894.427 491.984 -1514.17 -1016.03 492.688 -1513.78 -1015.77 348.257 -1071.82 -1303.49 277.854 -1111.42 -1329.22 207.086 -1085.83 -1384.45 99.2901 -754.065 -1600.04 134.126 -669.074 -1616.67 204.53 -629.477 -1590.94 61.5061 -186.734 -1878.14 60.8021 -187.13 -1878.4 -1.58701e-05 -2.41152e-06 -2000 196.76 -2.41152e-06 -1878.4 196.601 -0.791935 -1878.14 661.871 -2.41152e-06 -1590.94 677.774 79.1933 -1616.67 747.84 138.588 -1600.04 1096.67 138.588 -1384.45 1142.89 79.1933 -1329.22 1126.98 -2.41152e-06 -1303.49 1591.94 -0.791935 -1015.77 1592.09 -2.41152e-06 -1016.03 1788.85 -2.41152e-06 -894.427 1652.9 -187.13 -894.427 1652.35 -186.734 -894.942 1331.51 -629.477 -894.427 1386.01 -669.074 -842.964 1386.71 -754.065 -804.367 1145.68 -1085.83 -804.367 1064.63 -1111.42 -842.964 1010.13 -1071.82 -894.427 688.199 -1513.78 -894.942 688.744 -1514.17 -894.427 552.786 -1701.3 -894.427
element 16
  poly 0: 572.443 1761.8 -926.233 686.726 1678.77 -697.667 723.446 1614.7 -739.302 956.002 1445.74 -274.19 919.282 1509.81 -232.556 920.811 1536.74 -143.191 1095.23 1410.02 205.643 1151.84 1340.85 232.556 1188.56 1276.78 190.921 1421.11 1107.81 656.033 1384.39 1171.88 697.667 1498.68 1088.85 926.233 1542.33 954.505 697.667 1492.74 1009.23 656.033 1581.57 735.84 190.921 1631.16 681.119 232.556 1679.45 605.905 205.643 1746.07 400.866 -143.191 1719.99 407.733 -232.556 1670.4 462.454 -274.19 1759.23 189.069 -739.302 1808.81 134.348 -697.667 1852.47 -5.18483e-08 -926.233 1694.53 217.379 -926.233 1707.4 226.726 -842.964 1386.01 669.074 -842.964 1373.15 659.726 -926.233 1323.32 708.009 -988.685 1082.29 1039.77 -988.685 1051.76 1102.07 -926.233 1064.63 1111.42 -842.964 743.244 1553.77 -842.964 730.378 1544.42 -926.233 572.443 1761.8 -926.233
  poly 1: 552.786 1701.3 -894.427 651.166 1629.82 -697.667 651.533 1629.18 -698.084 883.722 1460.86 -232.556 847.002 1524.93 -190.921 848.531 1551.86 -101.557 1022.95 1425.14 247.277 1079.56 1355.97 274.19 1116.28 1291.9 232.556 1349.2 1122.3 697.251 1348.83 1122.94 697.667 1447.21 1051.46 894.427 1484.79 935.81 697.667 1484.3 936.357 697.251 1573.62 662.424 232.556 1623.21 607.703 274.19 1671.5 532.489 247.277 1738.12 327.449 -101.557 1712.03 334.317 -190.921 1662.45 389.038 -232.556 1750.78 116.2 -698.084 1751.28 115.652 -697.667 1788.85 -2.06299e-05 -894.427 1652.9 187.13 -894.427 1653.03 187.223 -893.594 1331.51 629.477 -894.427 1318.65 620.13 -977.696 1268.82 668.412 -1040.15 1027.79 1000.17 -1040.15 997.263 1062.48 -977.696 1010.13 1071.82 -894.427 688.873 1514.27 -893.594 688.744 1514.17 -894.427 552.786 1701.3 -894.427
element 17
  poly 0: 1498.68 1088.85 926.233 1243.13 1171.88 926.233 1222.32 1107.81 977.696 702.305 1276.78 977.696 723.122 1340.85 926.233 673.733 1410.02 887.636 283.725 1536.74 887.636 203.111 1509.81 926.233 182.294 1445.74 977.696 -337.717 1614.7 977.696 -316.899 1678.77 926.233 -572.443 1761.8 926.233 -501.813 1544.42 1067.49 -421.581 1553.77 1041.76 -277.854 1111.42 1329.22 -358.085 1102.07 1354.95 -400.293 1039.77 1410.18 -292.498 708.009 1625.77 -214.358 659.726 1642.4 -134.126 669.074 1616.67 9.60094 226.726 1904.13 -70.6306 217.379 1929.86 3.12234e-05 -5.17154e-08 2071.12 184.914 134.348 1929.86 125.499 189.069 1904.13 501.782 462.454 1616.67 561.197 407.733 1642.4 652.793 400.866 1625.77 935.005 605.905 1410.18 937.48 681.119 1354.95 878.065 735.84 1329.22 1254.35 1009.23 1041.76 1313.76 954.505 1067.49 1498.68 1088.85 926.233
  poly 1: 1447.21 1051.46 894.427 1227.23 1122.94 894.427 1227.02 1122.3 894.942 707.219 1291.9 894.427 728.036 1355.97 842.964 678.648 1425.14 804.367 288.64 1551.86 804.367 208.025 1524.93 842.964 187.208 1460.86 894.427 -333.01 1629.18 894.942 -332.802 1629.82 894.427 -552.786 1701.3 894.427 -491.984 1514.17 1016.03 -491.182 1514.27 1015.77 -348.257 1071.82 1303.49 -428.488 1062.48 1329.22 -470.696 1000.17 1384.45 -362.901 668.412 1600.04 -284.761 620.13 1616.67 -204.529 629.477 1590.94 -59.9998 187.223 1878.14 -60.8021 187.13 1878.4 4.18681e-05 -1.03316e-05 2000 159.182 115.653 1878.4 158.588 116.2 1878.14 535.465 389.038 1590.94 594.88 334.317 1616.67 686.476 327.449 1600.04 968.688 532.489 1384.45 971.163 607.703 1329.22 911.748 662.424 1303.49 1287.44 936.357 1015.77 1288.03 935.81 1016.03 1447.21 1051.46 894.427
element 18
  poly 0: 3.12234e-05 -5.16031e-08 2071.12 -228.566 -5.1603e-08 1929.86 -212.663 -79.1933 1904.13 -677.774 -79.1933 1616.67 -693.677 -5.1603e-08 1642.4 -763.743 59.395 1625.77 -1112.58 59.395 1410.18 -1158.79 -5.16029e-08 1354.95 -1142.89 -79.1933 1329.22 -1608 -79.1933 1041.76 -1623.9 -5.16029e-08 1067.49 -1852.47 -5.16029e-08 926.233 -1694.53 -217.379 926.233 -1640.03 -177.782 977.696 -1318.65 -620.13 977.696 -1373.15 -659.726 926.233 -1373.85 -744.717 887.636 -1132.81 -1076.48 887.636 -1051.76 -1102.07 926.233 -997.262 -1062.48 977.696 -675.878 -1504.82 977.696 -730.378 -1544.42 926.233 -572.443 -1761.8 926.233 -501.813 -1544.42 1067.49 -572.216 -1504.82 1041.76 -428.488 -1062.48 1329.22 -358.085 -1102.07 1354.95 -287.317 -1076.48 1410.18 -179.522 -744.717 1625.77 -214.358 -659.726 1642.4 -284.761 -620.13 1616.67 -141.034 -177.782 1904.13 -70.6306 -217.379 1929.86 3.12234e-05 -5.16031e-08 2071.12
  poly 1: 3.96383e-05 -5.16037e-08 2000 -196.76 -5.16036e-08 1878.4 -196.601 -0.791933 1878.14 -661.871 -5.16036e-08 1590.94 -677.774 79.1933 1616.67 -747.84 138.588 1600.04 -1096.67 138.588 1384.45 -1142.89 79.1933 1329.22 -1126.98 -5.16035e-08 1303.49 -1591.94 -0.791933 1015.77 -1592.09 -5.16035e-08 1016.03 -1788.85 -5.16035e-08 894.427 -1652.9 -187.13 894.427 -1652.35 -186.734 894.942 -1331.51 -629.477 894.427 -1386.01 -669.074 842.964 -1386.71 -754.065 804.367 -1145.68 -1085.83 804.367 -1064.63 -1111.42 842.964 -1010.13 -1071.82 894.427 -688.199 -1513.78 894.942 -688.744 -1514.17 894.427 -552.786 -1701.3 894.427 -491.984 -1514.17 1016.03 -492.688 -1513.78 1015.77 -348.257 -1071.82 1303.49 -277.854 -1111.42 1329.22 -207.086 -1085.83 1384.45 -99.2901 -754.065 1600.04 -134.126 -669.074 1616.67 -204.529 -629.477 1590.94 -61.5061 -186.734 1878.14 -60.8021 -187.13 1878.4 3.96383e-05 -5.16037e-08 2000
element 19
  poly 0: -1498.68 -1088.85 -926.233 -1243.13 -1171.88 -926.233 -1248.05 -1187.01 -842.964 -728.036 -1355.97 -842.964 -723.122 -1340.85 -926.233 -654.435 -1350.62 -988.685 -264.427 -1477.34 -988.685 -203.111 -1509.81 -926.233 -208.025 -1524.93 -842.964 311.985 -1693.89 -842.964 316.899 -1678.77 -926.233 572.443 -1761.8 -926.233 431.182 -1761.8 -697.667 363.816 -1731.55 -739.302 76.3616 -1731.55 -274.19 143.727 -1761.8 -232.556 158.32 -1784.49 -143.191 -57.2711 -1784.49 205.643 -143.727 -1761.8 232.556 -211.093 -1731.55 190.921 -498.548 -1731.55 656.033 -431.182 -1761.8 697.667 -572.443 -1761.8 926.233 -686.726 -1678.77 697.667 -614.446 -1693.89 656.033 -847.002 -1524.93 190.921 -919.282 -1509.81 232.556 -1002.56 -1477.34 205.643 -1176.98 -1350.62 -143.191 -1151.84 -1340.85 -232.556 -1079.56 -1355.97 -274.19 -1312.11 -1187.01 -739.302 -1384.39 -1171.88 -697.667 -1498.68 -1088.85 -926.233
  poly 1: -1447.21 -1051.46 -894.427 -1227.23 -1122.94 -894.427 -1227.28 -1123.09 -893.594 -707.219 -1291.9 -894.427 -702.305 -1276.78 -977.696 -633.618 -1286.55 -1040.15 -243.61 -1413.27 -1040.15 -182.294 -1445.74 -977.696 -187.208 -1460.86 -894.427 332.753 -1629.98 -893.594 332.802 -1629.82 -894.427 552.786 -1701.3 -894.427 431.182 -1701.3 -697.667 430.509 -1701 -698.084 143.727 -1701.3 -232.556 211.093 -1731.55 -190.921 225.686 -1754.24 -101.557 10.0947 -1754.24 247.277 -76.3615 -1731.55 274.19 -143.727 -1701.3 232.556 -431.856 -1701 697.251 -431.182 -1701.3 697.667 -552.786 -1701.3 894.427 -651.166 -1629.82 697.667 -650.443 -1629.98 697.251 -883.722 -1460.86 232.556 -956.002 -1445.74 274.19 -1039.28 -1413.27 247.277 -1213.7 -1286.55 -101.557 -1188.56 -1276.78 -190.921 -1116.28 -1291.9 -232.556 -1348.11 -1123.09 -698.084 -1348.83 -1122.94 -697.667 -1447.21 -1051.46 -894.427
