element 0
  poly 0: -410.914 -410.914 -303.875 -369.014 -410.914 -303.875 -369.014 -410.914 -260.075 -123.005 -410.914 -260.075 -123.005 -410.914 -303.875 123.005 -410.914 -303.875 123.005 -410.914 -260.075 369.014 -410.914 -260.075 369.014 -410.914 -303.875 410.914 -410.914 -303.875 410.914 -410.914 -261.975 367.114 -410.914 -261.975 367.114 -410.914 -87.325 410.914 -410.914 -87.325 410.914 -410.914 87.325 367.114 -410.914 87.325 367.114 -410.914 261.975 410.914 -410.914 261.975 410.914 -410.914 303.875 369.014 -410.914 303.875 369.014 -410.914 260.075 123.005 -410.914 260.075 123.005 -410.914 303.875 -123.005 -410.914 303.875 -123.005 -410.914 260.075 -369.014 -410.914 260.075 -369.014 -410.914 303.875 -410.914 -410.914 303.875 -410.914 -410.914 261.975 -367.114 -410.914 261.975 -367.114 -410.914 87.325 -410.914 -410.914 87.325 -410.914 -410.914 -87.325 -367.114 -410.914 -87.325 -367.114 -410.914 -261.975 -410.914 -410.914 -261.975 -410.914 -410.914 -303.875
  poly 1: -367.114 -367.114 -260.075 -369.014 -367.114 -260.075 -369.014 -367.114 -260.075 -123.005 -367.114 -260.075 -123.005 -367.114 -303.875 123.005 -367.114 -303.875 123.005 -367.114 -260.075 369.014 -367.114 -260.075 369.014 -367.114 -260.075 367.114 -367.114 -260.075 367.114 -367.114 -261.975 367.114 -367.114 -261.975 367.114 -367.114 -87.325 410.914 -367.114 -87.325 410.914 -367.114 87.325 367.114 -367.114 87.325 367.114 -367.114 261.975 367.114 -367.114 261.975 367.114 -367.114 260.075 369.014 -367.114 260.075 369.014 -367.114 260.075 123.005 -367.114 260.075 123.005 -367.114 303.875 -123.005 -367.114 303.875 -123.005 -367.114 260.075 -369.014 -367.114 260.075 -369.014 -367.114 260.075 -367.114 -367.114 260.075 -367.114 -367.114 261.975 -367.114 -367.114 261.975 -367.114 -367.114 87.325 -410.914 -367.114 87.325 -410.914 -367.114 -87.325 -367.114 -367.114 -87.325 -367.114 -367.114 -261.975 -367.114 -367.114 -261.975 -367.114 -367.114 -260.075
element 1
  poly 0: 410.914 -410.914 303.875 410.914 -410.914 261.975 410.914 -410.914 261.975 410.914 -410.914 87.325 410.914 -367.114 87.325 410.914 -367.114 -87.325 410.914 -410.914 -87.325 410.914 -410.914 -261.975 410.914 -410.914 -261.975 410.914 -410.914 -303.875 410.914 -369.014 -303.875 410.914 -369.014 -260.075 410.914 -123.005 -260.075 410.914 -123.005 -303.875 410.914 123.005 -303.875 410.914 123.005 -260.075 410.914 369.014 -260.075 410.914 369.014 -303.875 410.914 410.914 -303.875 410.914 410.914 -261.975 410.914 367.114 -261.975 410.914 367.114 -87.325 410.914 410.914 -87.325 410.914 410.914 87.325 410.914 367.114 87.325 410.914 367.114 261.975 410.914 410.914 261.975 410.914 410.914 303.875 410.914 369.014 303.875 410.914 369.014 260.075 410.914 123.005 260.075 410.914 123.005 303.875 410.914 -123.005 303.875 410.914 -123.005 260.075 410.914 -369.014 260.075 410.914 -369.014 303.875 410.914 -410.914 303.875
  poly 1: 367.114 -367.114 260.075 367.114 -367.114 261.975 367.114 -410.914 261.975 367.114 -410.914 87.325 367.114 -367.114 87.325 367.114 -367.114 -87.325 367.114 -410.914 -87.325 367.114 -410.914 -261.975 367.114 -367.114 -261.975 367.114 -367.114 -260.075 367.114 -369.014 -260.075 367.114 -369.014 -260.075 367.114 -123.005 -260.075 367.114 -123.005 -303.875 367.114 123.005 -303.875 367.114 123.005 -260.075 367.114 369.014 -260.075 367.114 369.014 -260.075 367.114 367.114 -260.075 367.114 367.114 -261.975 367.114 367.114 -261.975 367.114 367.114 -87.325 367.114 410.914 -87.325 367.114 410.914 87.325 367.114 367.114 87.325 367.114 367.114 261.975 367.114 367.114 261.975 367.114 367.114 260.075 367.114 369.014 260.075 367.114 369.014 260.075 367.114 123.005 260.075 367.114 123.005 303.875 367.114 -123.005 303.875 367.114 -123.005 260.075 367.114 -369.014 260.075 367.114 -369.014 260.075 367.114 -367.114 260.075
element 2
  poly 0: 410.914 410.914 303.875 410.914 410.914 261.975 410.914 410.914 261.975 410.914 410.914 87.325 367.114 410.914 87.325 367.114 410.914 -87.325 410.914 410.914 -87.325 410.914 410.914 -261.975 410.914 410.914 -261.975 410.914 410.914 -303.875 369.014 410.914 -303.875 369.014 410.914 -260.075 123.005 410.914 -260.075 123.005 410.914 -303.875 -123.005 410.914 -303.875 -123.005 410.914 -260.075 -369.014 410.914 -260.075 -369.014 410.914 -303.875 -410.914 410.914 -303.875 -410.914 410.914 -261.975 -367.114 410.914 -261.975 -367.114 410.914 -87.325 -410.914 410.914 -87.325 -410.914 410.914 87.325 -367.114 410.914 87.325 -367.114 410.914 261.975 -410.914 410.914 261.975 -410.914 410.914 303.875 -369.014 410.914 303.875 -369.014 410.914 260.075 -123.005 410.914 260.075 -123.005 410.914 303.875 123.005 410.914 303.875 123.005 410.914 260.075 369.014 410.914 260.075 369.014 410.914 303.875 410.914 410.914 303.875
  poly 1: 367.114 367.114 260.075 367.114 367.114 261.975 410.914 367.114 261.975 410.914 367.114 87.325 367.114 367.114 87.325 367.114 367.114 -87.325 410.914 367.114 -87.325 410.914 367.114 -261.975 367.114 367.114 -261.975 367.114 367.114 -260.075 369.014 367.114 -260.075 369.014 367.114 -260.075 123.005 367.114 -260.075 123.005 367.114 -303.875 -123.005 367.114 -303.875 -123.005 367.114 -260.075 -369.014 367.114 -260.075 -369.014 367.114 -260.075 -367.114 367.114 -260.075 -367.114 367.114 -261.975 -367.114 367.114 -261.975 -367.114 367.114 -87.325 -410.914 367.114 -87.325 -410.914 367.114 87.325 -367.114 367.114 87.325 -367.114 367.114 261.975 -367.114 367.114 261.975 -367.114 367.114 260.075 -369.014 367.114 260.075 -369.014 367.114 260.075 -123.005 367.114 260.075 -123.005 367.114 303.875 123.005 367.114 303.875 123.005 367.114 260.075 369.014 367.114 260.075 369.014 367.114 260.075 367.114 367.114 260.075
element 3
  poly 0: -410.914 -410.914 -303.875 -410.914 -410.914 -261.975 -410.914 -410.914 -261.975 -410.914 -410.914 -87.325 -410.914 -367.114 -87.325 -410.914 -367.114 87.325 -410.914 -410.914 87.325 -410.914 -410.914 261.975 -410.914 -410.914 261.975 -410.914 -410.914 303.875 -410.914 -369.014 303.875 -410.914 -369.014 260.075 -410.914 -123.005 260.075 -410.914 -123.005 303.875 -410.914 123.005 303.875 -410.914 123.005 260.075 -410.914 369.014 260.075 -410.914 369.014 303.875 -410.914 410.914 303.875 -410.914 410.914 261.975 -410.914 410.914 261.975 -410.914 410.914 87.325 -410.914 367.114 87.325 -410.914 367.114 -87.325 -410.914 410.914 -87.325 -410.914 410.914 -261.975 -410.914 410.914 -261.975 -410.914 410.914 -303.875 -410.914 369.014 -303.875 -410.914 369.014 -260.075 -410.914 123.005 -260.075 -410.914 123.005 -303.875 -410.914 -123.005 -303.875 -410.914 -123.005 -260.075 -410.914 -369.014 -260.075 -410.914 -369.014 -303.875 -410.914 -410.914 -303.875
  poly 1: -367.114 -367.114 -260.075 -367.114 -367.114 -261.975 -367.114 -410.914 -261.975 -367.114 -410.914 -87.325 -367.114 -367.114 -87.325 -367.114 -367.114 87.325 -367.114 -410.914 87.325 -367.114 -410.914 261.975 -367.114 -367.114 261.975 -367.114 -367.114 260.075 -367.114 -369.014 260.075 -367.114 -369.014 260.075 -367.114 -123.005 260.075 -367.114 -123.005 303.875 -367.114 123.005 303.875 -367.114 123.005 260.075 -367.114 369.014 260.075 -367.114 369.014 260.075 -367.114 367.114 260.075 -367.114 367.114 261.975 -367.114 410.914 261.975 -367.114 410.914 87.325 -367.114 367.114 87.325 -367.114 367.114 -87.325 -367.114 410.914 -87.325 -367.114 410.914 -261.975 -367.114 367.114 -261.975 -367.114 367.114 -260.075 -367.114 369.014 -260.075 -367.114 369.014 -260.075 -367.114 123.005 -260.075 -367.114 123.005 -303.875 -367.114 -123.005 -303.875 -367.114 -123.005 -260.075 -367.114 -369.014 -260.075 -367.114 -369.014 -260.075 -367.114 -367.114 -260.075
element 4
  poly 0: 410.914 410.914 -303.875 410.914 369.014 -303.875 410.914 369.014 -303.875 410.914 123.005 -303.875 367.114 123.005 -303.875 367.114 -123.005 -303.875 410.914 -123.005 -303.875 410.914 -369.014 -303.875 410.914 -369.014 -303.875 410.914 -410.914 -303.875 369.014 -410.914 -303.875 369.014 -410.914 -303.875 123.005 -410.914 -303.875 123.005 -367.114 -303.875 -123.005 -367.114 -303.875 -123.005 -410.914 -303.875 -369.014 -410.914 -303.875 -369.014 -410.914 -303.875 -410.914 -410.914 -303.875 -410.914 -369.014 -303.875 -410.914 -369.014 -303.875 -410.914 -123.005 -303.875 -367.114 -123.005 -303.875 -367.114 123.005 -303.875 -410.914 123.005 -303.875 -410.914 369.014 -303.875 -410.914 369.014 -303.875 -410.914 410.914 -303.875 -369.014 410.914 -303.875 -369.014 410.914 -303.875 -123.005 410.914 -303.875 -123.005 367.114 -303.875 123.005 367.114 -303.875 123.005 410.914 -303.875 369.014 410.914 -303.875 369.014 410.914 -303.875 410.914 410.914 -303.875
  poly 1: 367.114 367.114 -260.075 367.114 369.014 -260.075 410.914 369.014 -260.075 410.914 123.005 -260.075 367.114 123.005 -260.075 367.114 -123.005 -260.075 410.914 -123.005 -260.075 410.914 -369.014 -260.075 367.114 -369.014 -260.075 367.114 -367.114 -260.075 369.014 -367.114 -260.075 369.014 -410.914 -260.075 123.005 -410.914 -260.075 123.005 -367.114 -260.075 -123.005 -367.114 -260.075 -123.005 -410.914 -260.075 -369.014 -410.914 -260.075 -369.014 -367.114 -260.075 -367.114 -367.114 -260.075 -367.114 -369.014 -260.075 -410.914 -369.014 -260.075 -410.914 -123.005 -260.075 -367.114 -123.005 -260.075 -367.114 123.005 -260.075 -410.914 123.005 -260.075 -410.914 369.014 -260.075 -367.114 369.014 -260.075 -367.114 367.114 -260.075 -369.014 367.114 -260.075 -369.014 410.914 -260.075 -123.005 410.914 -260.075 -123.005 367.114 -260.075 123.005 367.114 -260.075 123.005 410.914 -260.075 369.014 410.914 -260.075 369.014 367.114 -260.075 367.114 367.114 -260.075
element 5
  poly 0: 410.914 -410.914 303.875 410.914 -369.014 303.875 410.914 -369.014 303.875 410.914 -123.005 303.875 367.114 -123.005 303.875 367.114 123.005 303.875 410.914 123.005 303.875 410.914 369.014 303.875 410.914 369.014 303.875 410.914 410.914 303.875 369.014 410.914 303.875 369.014 410.914 303.875 123.005 410.914 303.875 123.005 367.114 303.875 -123.005 367.114 303.875 -123.005 410.914 303.875 -369.014 410.914 303.875 -369.014 410.914 303.875 -410.914 410.914 303.875 -410.914 369.014 303.875 -410.914 369.014 303.875 -410.914 123.005 303.875 -367.114 123.005 303.875 -367.114 -123.005 303.875 -410.914 -123.005 303.875 -410.914 -369.014 303.875 -410.914 -369.014 303.875 -410.914 -410.914 303.875 -369.014 -410.914 303.875 -369.014 -410.914 303.875 -123.005 -410.914 303.875 -123.005 -367.114 303.875 123.005 -367.114 303.875 123.005 -410.914 303.875 369.014 -410.914 303.875 369.014 -410.914 303.875 410.914 -410.914 303.875
  poly 1: 367.114 -367.114 260.075 367.114 -369.014 260.075 410.914 -369.014 260.075 410.914 -123.005 260.075 367.114 -123.005 260.075 367.114 123.005 260.075 410.914 123.005 260.075 410.914 369.014 260.075 367.114 369.014 260.075 367.114 367.114 260.075 369.014 367.114 260.075 369.014 410.914 260.075 123.005 410.914 260.075 123.005 367.114 260.075 -123.005 367.114 260.075 -123.005 410.914 260.075 -369.014 410.914 260.075 -369.014 367.114 260.075 -367.114 367.114 260.075 -367.114 369.014 260.075 -410.914 369.014 260.075 -410.914 123.005 260.075 -367.114 123.005 260.075 -367.114 -123.005 260.075 -410.914 -123.005 260.075 -410.914 -369.014 260.075 -367.114 -369.014 260.075 -367.114 -367.114 260.075 -369.014 -367.114 260.075 -369.014 -410.914 260.075 -123.005 -410.914 260.075 -123.005 -367.114 260.075 123.005 -367.114 260.075 123.005 -410.914 260.075 369.014 -410.914 260.075 369.014 -367.114 260.075 367.114 -367.114 260.075
