element 0
  poly 0: -500 0 0 500 0 0 500 500 0 -500 500 0 -500 0 0
  poly 1: -500 0 -15 500 0 -15 500 500 -15 -500 500 -15 -500 0 -15
element 1
  poly 0: -500 -500 0 500 -500 0 500 0 0 -500 0 0 -500 -500 0
  poly 1: -500 -500 -15 500 -500 -15 500 0 -15 -500 0 -15 -500 -500 -15
element 2
  poly 0: 1000 0 0 2000 0 0 2000 500 0 1000 500 0 1000 0 0
  poly 1: 1000 0 -15 2000 0 -15 2000 500 -15 1000 500 -15 1000 0 -15
element 3
  poly 0: 1000 -500 174 2000 -500 174 2000 0 0 1000 0 0 1000 -500 174
  poly 1: 1000 -500 159 2000 -500 159 2000 0 -15 1000 0 -15 1000 -500 159
