element 0
  poly 0: -531.499 698.768 9.27972 -567.442 652.461 9.27972 -535.056 652.461 340.903 -535.056 652.461 340.903 -493.018 702.004 377.596 -531.499 698.768 9.27972
  poly 1: -526.065 699.225 9.27972 -562.366 652.457 9.27972 -530.492 652.457 335.667 -530.492 652.457 335.667 -488.1 702.417 372.669 -526.065 699.225 9.27972
element 1
  poly 0: -512.482 700.367 9.27972 -549.677 652.448 9.27972 -519.081 652.448 322.578 -519.081 652.448 322.578 -475.803 703.451 360.352 -512.482 700.367 9.27972
  poly 1: -507.049 700.824 9.27972 -544.601 652.444 9.27972 -514.517 652.444 317.342 -514.517 652.444 317.342 -470.885 703.865 355.425 -507.049 700.824 9.27972
element 2
  poly 0: 407.844 777.754 401.685 -493.018 702.004 377.596 -529.019 659.576 346.173 -524.337 652.444 340.48 526.296 652.444 300.276 530.95 660.038 305.969 407.844 777.754 401.685
  poly 1: 404.333 777.459 396.533 -488.099 702.417 372.669 -524.448 659.58 340.942 -519.766 652.448 335.25 522.473 652.448 295.367 527.126 660.042 301.06 404.333 777.459 396.533
element 3
  poly 0: 395.557 776.721 383.653 -475.803 703.451 360.352 -513.021 659.589 327.867 -508.339 652.457 322.174 512.915 652.457 283.095 517.569 660.051 288.787 395.557 776.721 383.653
  poly 1: 392.047 776.426 378.5 -470.885 703.865 355.425 -508.451 659.593 322.636 -503.768 652.461 316.944 509.092 652.461 278.185 513.745 660.055 283.878 392.047 776.426 378.5
element 4
  poly 0: 624.715 652.461 9.27972 516.431 786.885 9.27972 407.844 777.754 401.685 538.874 652.461 299.808 538.874 652.461 299.808 624.715 652.461 9.27972
  poly 1: 619.447 652.457 9.27972 511.495 786.47 9.27972 404.333 777.459 396.533 535.058 652.457 294.893 535.058 652.457 294.893 619.447 652.457 9.27972
element 5
  poly 0: 606.278 652.448 9.27972 499.154 785.432 9.27972 395.557 776.721 383.653 525.52 652.448 282.605 525.52 652.448 282.605 606.278 652.448 9.27972
  poly 1: 601.011 652.444 9.27972 494.218 785.017 9.27972 392.047 776.426 378.5 521.705 652.444 277.69 521.705 652.444 277.69 601.011 652.444 9.27972
element 6
  poly 0: -567.442 652.461 9.27972 -510.182 578.464 9.27972 -457.223 559.169 398.683 -462.195 566.325 404.475 -535.059 652.461 340.877 -535.059 652.461 340.877 -567.442 652.461 9.27972
  poly 1: -562.366 652.457 9.27972 -505.106 578.46 9.27972 -452.884 559.433 393.261 -457.856 566.589 399.053 -530.493 652.457 335.653 -530.493 652.457 335.653 -562.366 652.457 9.27972
element 7
  poly 0: -549.677 652.448 9.27972 -492.416 578.449 9.27972 -442.037 560.094 379.705 -447.009 567.25 385.498 -519.08 652.448 322.592 -519.08 652.448 322.592 -549.677 652.448 9.27972
  poly 1: -544.601 652.444 9.27972 -487.339 578.445 9.27972 -437.698 560.359 374.283 -442.67 567.515 380.075 -514.514 652.444 317.368 -514.514 652.444 317.368 -544.601 652.444 9.27972
element 8
  poly 0: 398.489 517.802 408.938 530.94 644.843 305.957 526.282 652.444 300.277 -524.323 652.444 340.479 -529.008 645.308 346.158 -456.665 559.789 409.301 -456.665 559.789 409.301 -253.191 549.798 409.215 -253.031 553.079 406.681 -229.342 551.915 406.671 -229.542 547.815 409.839 -226.7 545.21 411.738 -208.934 544.337 411.73 -205.853 546.652 409.828 -205.653 550.752 406.661 -181.963 549.589 406.651 -182.163 545.489 409.818 -179.322 542.884 411.718 -161.555 542.011 411.71 -158.474 544.326 409.808 -158.274 548.426 406.641 -134.585 547.263 406.631 -134.785 543.163 409.798 -131.944 540.557 411.698 -114.177 539.685 411.69 -111.096 542 409.788 -110.896 546.1 406.621 -87.207 544.937 406.61 -87.4069 540.837 409.778 -84.5658 538.231 411.678 -66.7989 537.359 411.67 -63.7178 539.673 409.768 -63.5178 543.774 406.6 -39.8287 542.611 406.59 -40.0287 538.51 409.758 -37.1875 535.905 411.657 -19.4207 535.033 411.65 -16.3396 537.347 409.748 -16.1396 541.447 406.58 7.54951 540.284 406.57 7.34954 536.184 409.738 10.1907 533.579 411.637 27.9575 532.706 411.63 31.0387 535.021 409.728 31.2386 539.121 406.56 54.9277 537.958 406.55 54.7278 533.858 409.718 57.5689 531.252 411.617 75.3358 530.38 411.61 78.4169 532.695 409.708 78.6169 536.795 406.54 102.306 535.632 406.53 102.106 531.532 409.698 104.947 528.926 411.597 122.714 528.054 411.589 125.795 530.369 409.688 125.995 534.469 406.52 149.684 533.306 406.51 149.484 529.205 409.678 152.325 526.6 411.577 170.092 525.728 411.569 173.173 528.042 409.667 173.373 532.143 406.5 197.062 530.979 406.49 196.902 527.699 409.024 398.489 517.802 408.938 398.489 517.802 408.938
  poly 1: 394.831 517.952 403.91 527.129 644.847 301.047 522.471 652.448 295.367 -519.764 652.448 335.25 -524.449 645.312 340.929 -451.879 559.525 404.27 -451.879 559.525 404.27 -253.194 549.769 404.185 -253.193 549.802 404.16 -229.505 548.606 404.175 -229.705 544.506 407.343 -226.864 541.901 409.242 -209.097 541.028 409.235 -206.016 543.343 407.333 -205.816 547.443 404.165 -182.127 546.28 404.155 -182.327 542.18 407.323 -179.486 539.574 409.222 -161.719 538.702 409.215 -158.638 541.017 407.313 -158.438 545.117 404.145 -134.749 543.954 404.135 -134.949 539.854 407.303 -132.108 537.248 409.202 -114.341 536.376 409.194 -111.26 538.69 407.293 -111.06 542.791 404.125 -87.3705 541.627 404.115 -87.5705 537.527 407.282 -84.7293 534.922 409.182 -66.9625 534.05 409.174 -63.8814 536.364 407.272 -63.6814 540.464 404.105 -39.9923 539.301 404.095 -40.1922 535.201 407.262 -37.3511 532.596 409.162 -19.5842 531.723 409.154 -16.5031 534.038 407.252 -16.3031 538.138 404.085 7.38597 536.975 404.075 7.186 532.875 407.242 10.0272 530.269 409.142 27.794 529.397 409.134 30.8751 531.712 407.232 31.0751 535.812 404.064 54.7642 534.649 404.054 54.5642 530.549 407.222 57.4054 527.943 409.121 75.1722 527.071 409.114 78.2534 529.386 407.212 78.4533 533.486 404.044 102.142 532.323 404.034 101.942 528.222 407.202 104.784 525.617 409.101 122.55 524.745 409.094 125.632 527.059 407.192 125.832 531.159 404.024 149.521 529.996 404.014 149.321 525.896 407.182 152.162 523.291 409.081 169.929 522.418 409.074 173.01 524.733 407.172 173.21 528.833 404.004 196.901 527.703 403.969 196.899 527.67 403.994 394.831 517.952 403.91 394.831 517.952 403.91
element 9
  poly 0: 158.441 529.485 391.436 133.679 530.701 391.446 133.839 533.981 388.912 158.601 532.765 388.902 158.441 529.485 391.436
  poly 1: 158.278 526.176 388.94 133.515 527.391 388.951 133.675 530.672 386.416 158.438 529.456 386.406 158.278 526.176 388.94
  poly 2: 108.916 531.917 391.457 84.1536 533.132 391.467 84.3136 536.412 388.933 109.076 535.197 388.923 108.916 531.917 391.457
  poly 3: 108.753 528.607 388.961 83.99 529.823 388.972 84.15 533.103 386.438 108.913 531.887 386.427 108.753 528.607 388.961
  poly 4: 59.391 534.348 391.478 34.6284 535.564 391.488 34.7883 538.844 388.954 59.551 537.628 388.944 59.391 534.348 391.478
  poly 5: 59.2274 531.039 388.982 34.4648 532.255 388.993 34.6248 535.535 386.459 59.3874 534.319 386.448 59.2274 531.039 388.982
  poly 6: 9.86576 536.78 391.499 -14.8969 537.996 391.509 -14.7369 541.276 388.975 10.0257 540.06 388.965 9.86576 536.78 391.499
  poly 7: 9.70221 533.471 389.003 -15.0604 534.686 389.014 -14.9004 537.966 386.48 9.86219 536.751 386.469 9.70221 533.471 389.003
  poly 8: -39.6595 539.211 391.52 -64.4221 540.427 391.53 -64.2621 543.707 388.996 -39.4995 542.492 388.986 -39.6595 539.211 391.52
  poly 9: -39.823 535.902 389.024 -64.5856 537.118 389.035 -64.4256 540.398 386.501 -39.663 539.182 386.49 -39.823 535.902 389.024
  poly 10: -89.1847 541.643 391.541 -113.947 542.859 391.551 -113.787 546.139 389.017 -89.0247 544.923 389.007 -89.1847 541.643 391.541
  poly 11: -89.3482 538.334 389.045 -114.111 539.55 389.056 -113.951 542.83 386.522 -89.1883 541.614 386.511 -89.3482 538.334 389.045
  poly 12: -138.71 544.075 391.562 -163.473 545.291 391.573 -163.313 548.571 389.038 -138.55 547.355 389.028 -138.71 544.075 391.562
  poly 13: -138.873 540.765 389.066 -163.636 541.981 389.077 -163.476 545.261 386.543 -138.713 544.046 386.532 -138.873 540.765 389.066
  poly 14: -188.235 546.506 391.583 -212.998 547.722 391.594 -212.838 551.002 389.059 -188.075 549.786 389.049 -188.235 546.506 391.583
  poly 15: -188.399 543.197 389.087 -213.161 544.413 389.098 -213.001 547.693 386.564 -188.239 546.477 386.553 -188.399 543.197 389.087
  poly 16: 385.685 518.327 391.339 517.601 644.857 288.773 512.944 652.457 283.093 -508.366 652.457 322.175 -513.051 645.322 327.854 -439.914 558.864 391.69 -439.914 558.864 391.69 -237.76 548.938 391.604 -237.92 545.658 394.138 183.044 524.989 393.959 183.204 528.269 391.425 385.685 518.327 391.339 385.685 518.327 391.339
  poly 17: 382.027 518.478 386.311 513.79 644.86 283.864 509.133 652.461 278.184 -503.807 652.461 316.945 -508.492 645.325 322.624 -435.129 558.599 386.658 -435.129 558.599 386.658 -237.764 548.909 386.574 -238.084 542.349 391.643 182.881 521.68 391.464 183.2 528.24 386.395 382.027 518.478 386.311 382.027 518.478 386.311
element 10
  poly 0: 500.878 498.256 9.27972 624.715 652.461 9.27972 538.882 652.461 299.782 538.882 652.461 299.782 406.56 525.543 402.663 402.08 517.904 397.063 500.878 498.256 9.27972
  poly 1: 495.687 498.348 9.27972 619.447 652.457 9.27972 535.063 652.457 294.878 535.063 652.457 294.878 402.588 525.393 397.878 398.108 517.754 392.278 495.687 498.348 9.27972
element 11
  poly 0: 482.711 498.578 9.27972 606.278 652.448 9.27972 525.516 652.448 282.62 525.516 652.448 282.62 392.66 525.017 385.917 388.18 517.378 380.316 482.711 498.578 9.27972
  poly 1: 477.52 498.671 9.27972 601.011 652.444 9.27972 521.697 652.444 277.716 521.697 652.444 277.716 388.688 524.867 381.132 384.208 517.228 375.531 477.52 498.671 9.27972
element 12
  poly 0: -510.182 578.464 9.27972 -625.555 427.276 9.27972 -574.099 427.276 305.319 -574.099 427.276 305.319 -462.102 551.774 403.073 -457.336 559.21 397.849 -510.182 578.464 9.27972
  poly 1: -505.106 578.46 9.27972 -620.416 427.354 9.27972 -569.793 427.354 300.528 -569.793 427.354 300.528 -457.662 552.002 398.399 -452.896 559.438 393.175 -505.106 578.46 9.27972
element 13
  poly 0: -492.416 578.449 9.27972 -607.567 427.551 9.27972 -559.026 427.551 288.549 -559.026 427.551 288.549 -446.561 552.57 386.712 -441.795 560.006 381.488 -492.416 578.449 9.27972
  poly 1: -487.339 578.445 9.27972 -602.428 427.63 9.27972 -554.719 427.63 283.758 -554.719 427.63 283.758 -442.121 552.797 382.038 -437.354 560.233 376.813 -487.339 578.445 9.27972
element 14
  poly 0: -229.502 548.635 409.205 -205.813 547.472 409.195 -205.976 544.163 406.699 -229.665 545.326 406.709 -229.502 548.635 409.205
  poly 1: -229.342 551.915 406.671 -205.653 550.752 406.661 -205.816 547.443 404.165 -229.505 548.606 404.175 -229.342 551.915 406.671
  poly 2: -182.123 546.309 409.185 -158.434 545.146 409.175 -158.598 541.837 406.679 -182.287 543 406.689 -182.123 546.309 409.185
  poly 3: -181.963 549.589 406.651 -158.274 548.426 406.641 -158.438 545.117 404.145 -182.127 546.28 404.155 -181.963 549.589 406.651
  poly 4: -134.745 543.983 409.165 -111.056 542.82 409.155 -111.22 539.51 406.659 -134.909 540.674 406.669 -134.745 543.983 409.165
  poly 5: -134.585 547.263 406.631 -110.896 546.1 406.621 -111.06 542.791 404.125 -134.749 543.954 404.135 -134.585 547.263 406.631
  poly 6: -87.3669 541.657 409.145 -63.6778 540.494 409.135 -63.8414 537.184 406.639 -87.5305 538.347 406.649 -87.3669 541.657 409.145
  poly 7: -87.207 544.937 406.61 -63.5178 543.774 406.6 -63.6814 540.464 404.105 -87.3705 541.627 404.115 -87.207 544.937 406.61
  poly 8: -39.9887 539.33 409.125 -16.2996 538.167 409.114 -16.4631 534.858 406.619 -40.1522 536.021 406.629 -39.9887 539.33 409.125
  poly 9: -39.8287 542.611 406.59 -16.1396 541.447 406.58 -16.3031 538.138 404.085 -39.9923 539.301 404.095 -39.8287 542.611 406.59
  poly 10: 7.38954 537.004 409.104 31.0787 535.841 409.094 30.9151 532.532 406.599 7.22599 533.695 406.609 7.38954 537.004 409.104
  poly 11: 7.54951 540.284 406.57 31.2386 539.121 406.56 31.0751 535.812 404.064 7.38597 536.975 404.075 7.54951 540.284 406.57
  poly 12: 54.7678 534.678 409.084 78.4569 533.515 409.074 78.2933 530.206 406.579 54.6042 531.369 406.589 54.7678 534.678 409.084
  poly 13: 54.9277 537.958 406.55 78.6169 536.795 406.54 78.4533 533.486 404.044 54.7642 534.649 404.054 54.9277 537.958 406.55
  poly 14: 102.146 532.352 409.064 125.835 531.189 409.054 125.672 527.879 406.558 101.982 529.042 406.568 102.146 532.352 409.064
  poly 15: 102.306 535.632 406.53 125.995 534.469 406.52 125.832 531.159 404.024 102.142 532.323 404.034 102.306 535.632 406.53
  poly 16: 149.524 530.026 409.044 173.213 528.862 409.034 173.05 525.553 406.538 149.361 526.716 406.548 149.524 530.026 409.044
  poly 17: 149.684 533.306 406.51 173.373 532.143 406.5 173.21 528.833 404.004 149.521 529.996 404.014 149.684 533.306 406.51
  poly 18: 476.075 435.042 349.508 399.639 517.745 408.938 399.639 517.745 408.938 196.902 527.699 409.024 197.066 531.009 411.52 -253.027 553.108 411.711 -253.191 549.798 409.215 -454.968 559.706 409.301 -454.968 559.706 409.301 -567.059 435.102 311.464 -562.15 427.63 306.022 471.521 427.63 343.765 476.075 435.042 349.508
  poly 19: 472.14 434.963 344.298 395.47 517.92 403.91 395.47 517.92 403.91 196.899 527.67 403.994 197.226 534.289 408.985 -252.867 556.388 409.177 -253.194 549.769 404.185 -450.936 559.478 404.269 -450.936 559.478 404.269 -562.893 435.024 306.55 -557.985 427.551 301.107 467.586 427.551 338.555 472.14 434.963 344.298
element 15
  poly 0: 462.304 434.767 331.271 385.046 518.359 391.34 385.046 518.359 391.34 183.204 528.269 391.425 183.04 524.96 388.93 158.278 526.176 388.94 158.482 530.312 392.06 155.51 532.946 393.933 136.938 533.858 393.941 133.72 531.528 392.07 133.515 527.391 388.951 108.753 528.607 388.961 108.957 532.744 392.081 105.984 535.378 393.954 87.4125 536.29 393.962 84.1945 533.96 392.091 83.99 529.823 388.972 59.2274 531.039 388.982 59.4319 535.176 392.102 56.4592 537.809 393.975 37.8872 538.721 393.983 34.6693 536.391 392.112 34.4648 532.255 388.993 9.70221 533.471 389.003 9.90664 537.607 392.123 6.93397 540.241 393.996 -11.638 541.153 394.004 -14.856 538.823 392.133 -15.0604 534.686 389.014 -39.823 535.902 389.024 -39.6186 540.039 392.144 -42.5913 542.673 394.017 -61.1632 543.585 394.025 -64.3812 541.255 392.154 -64.5856 537.118 389.035 -89.3482 538.334 389.045 -89.1438 542.47 392.165 -92.1165 545.104 394.038 -110.688 546.016 394.046 -113.906 543.686 392.175 -114.111 539.55 389.056 -138.873 540.765 389.066 -138.669 544.902 392.186 -141.642 547.536 394.059 -160.214 548.448 394.067 -163.432 546.118 392.196 -163.636 541.981 389.077 -188.399 543.197 389.087 -188.194 547.334 392.207 -191.167 549.968 394.08 -209.739 550.88 394.088 -212.957 548.55 392.217 -213.161 544.413 389.098 -237.924 545.629 389.108 -237.76 548.938 391.604 -440.858 558.91 391.69 -440.858 558.91 391.69 -552.481 434.827 294.263 -547.572 427.354 288.82 457.749 427.354 325.528 462.304 434.767 331.271
  poly 1: 458.369 434.688 326.061 380.877 518.534 386.312 380.877 518.534 386.312 183.2 528.24 386.395 183.199 528.207 386.37 158.438 529.456 386.406 158.642 533.592 389.526 155.67 536.226 391.399 137.098 537.138 391.407 133.88 534.808 389.536 133.675 530.672 386.416 108.913 531.887 386.427 109.117 536.024 389.547 106.144 538.658 391.42 87.5724 539.57 391.428 84.3545 537.24 389.557 84.15 533.103 386.438 59.3874 534.319 386.448 59.5918 538.456 389.568 56.6192 541.09 391.441 38.0472 542.001 391.449 34.8292 539.671 389.578 34.6248 535.535 386.459 9.86219 536.751 386.469 10.0666 540.887 389.589 7.09395 543.521 391.462 -11.478 544.433 391.47 -14.696 542.103 389.599 -14.9004 537.966 386.48 -39.663 539.182 386.49 -39.4586 543.319 389.61 -42.4313 545.953 391.483 -61.0032 546.865 391.491 -64.2212 544.535 389.62 -64.4256 540.398 386.501 -89.1883 541.614 386.511 -88.9838 545.751 389.631 -91.9565 548.384 391.504 -110.528 549.296 391.512 -113.746 546.966 389.641 -113.951 542.83 386.522 -138.713 544.046 386.532 -138.509 548.182 389.652 -141.482 550.816 391.525 -160.054 551.728 391.533 -163.272 549.398 389.662 -163.476 545.261 386.543 -188.239 546.477 386.553 -188.034 550.614 389.673 -191.007 553.248 391.546 -209.579 554.16 391.554 -212.797 551.83 389.683 -213.001 547.693 386.564 -237.766 548.876 386.549 -237.764 548.909 386.574 -436.826 558.683 386.659 -436.826 558.683 386.659 -548.315 434.748 289.348 -543.407 427.276 283.905 453.815 427.276 320.318 458.369 434.688 326.061
element 16
  poly 0: 555.471 427.276 9.27972 500.878 498.256 9.27972 401.941 517.931 397.608 406.289 510.551 403.768 483.253 427.276 343.927 483.253 427.276 343.927 555.471 427.276 9.27972
  poly 1: 550.291 427.354 9.27972 495.687 498.348 9.27972 398.096 517.756 392.327 402.443 510.375 398.488 479.173 427.354 338.83 479.173 427.354 338.83 550.291 427.354 9.27972
element 17
  poly 0: 537.341 427.551 9.27972 482.711 498.578 9.27972 388.483 517.318 379.127 392.83 509.937 385.288 468.973 427.551 326.086 468.973 427.551 326.086 537.341 427.551 9.27972
  poly 1: 532.161 427.63 9.27972 477.52 498.671 9.27972 384.637 517.142 373.847 388.985 509.761 380.008 464.893 427.63 320.988 464.893 427.63 320.988 532.161 427.63 9.27972
