element 0
  poly 0: 2142.01 -4.72795e-11 -153.073 2142.01 97.4481 -153.073 2142.01 97.4481 12.622 2142.01 -8.00213e-11 12.622 2142.01 -4.72795e-11 -153.073
  poly 1: 2223.42 -4.72795e-11 -184.854 2223.42 97.4481 -184.854 2223.42 97.4481 -19.1589 2223.42 -8.00213e-11 -19.1589 2223.42 -4.72795e-11 -184.854
  poly 2: 2142.01 -1.78247e-10 509.707 2142.01 97.4481 509.707 2142.01 97.4481 675.402 2142.01 -2.10989e-10 675.402 2142.01 -1.78247e-10 509.707
  poly 3: 2223.42 -1.78247e-10 477.926 2223.42 97.4481 477.926 2223.42 97.4481 643.621 2223.42 -2.10989e-10 643.621 2223.42 -1.78247e-10 477.926
  poly 4: 2142.01 -530.17 1172.49 2142.01 530.17 1172.49 2142.01 530.17 -318.768 2142.01 288.412 -318.768 2142.01 318.102 -414.11 2142.01 76.3445 -414.11 2142.01 106.034 -318.768 2142.01 -135.724 -318.768 2142.01 -106.034 -414.11 2142.01 -347.792 -414.11 2142.01 -318.102 -318.768 2142.01 -530.17 -318.768 2142.01 -530.17 1172.49
  poly 5: 2223.42 -530.17 1172.49 2223.42 530.17 1172.49 2223.42 530.17 -269.141 2223.42 288.412 -269.141 2223.42 318.102 -364.483 2223.42 76.3445 -364.483 2223.42 106.034 -269.141 2223.42 -135.724 -269.141 2223.42 -106.034 -364.483 2223.42 -347.792 -364.483 2223.42 -318.102 -269.141 2223.42 -530.17 -269.141 2223.42 -530.17 1172.49
element 1
  poly 0: 1010.18 -1.34037e-10 -1008.74 1010.18 97.4481 -1008.74 1151.66 97.4481 -922.498 1151.66 -1.19485e-10 -922.498 1010.18 -1.34037e-10 -1008.74
  poly 1: 1105.52 -1.34037e-10 -1045.97 1105.52 97.4481 -1045.97 1247 97.4481 -959.718 1247 -1.19485e-10 -959.718 1105.52 -1.34037e-10 -1045.97
  poly 2: 1576.09 -7.58291e-11 -663.756 1576.09 97.4481 -663.756 1717.57 97.4481 -577.509 1717.57 -6.12772e-11 -577.509 1576.09 -7.58291e-11 -663.756
  poly 3: 1671.43 -7.58291e-11 -700.977 1671.43 97.4481 -700.977 1812.91 97.4481 -614.73 1812.91 -6.12772e-11 -614.73 1671.43 -7.58291e-11 -700.977
  poly 4: 868.698 -530.17 -1094.99 2223.42 -530.17 -269.141 2223.42 -318.102 -269.141 2142.01 -318.102 -318.768 2142.01 -135.724 -318.768 2223.42 -135.724 -269.141 2223.42 106.034 -269.141 2142.01 106.034 -318.768 2142.01 288.412 -318.768 2223.42 288.412 -269.141 2223.42 530.17 -269.141 868.698 530.17 -1094.99 868.698 -530.17 -1094.99
  poly 5: 868.698 -530.17 -1190.33 2223.42 -530.17 -364.483 2223.42 -347.792 -364.483 2142.01 -347.792 -414.11 2142.01 -106.034 -414.11 2223.42 -106.034 -364.483 2223.42 76.3445 -364.483 2142.01 76.3445 -414.11 2142.01 318.102 -414.11 2223.42 318.102 -364.483 2223.42 530.17 -364.483 868.698 530.17 -1190.33 868.698 -530.17 -1190.33
element 2
  poly 0: 868.698 97.4481 396.264 2142.01 97.4481 1172.49 2142.01 97.4481 1006.79 2142.01 97.4481 675.402 2223.42 97.4481 643.621 2223.42 97.4481 477.926 2142.01 97.4481 509.707 2142.01 97.4481 12.622 2223.42 97.4481 -19.1589 2223.42 97.4481 -184.854 2142.01 97.4481 -153.073 2142.01 97.4481 -318.768 2000.53 97.4481 -405.015 1717.57 97.4481 -577.509 1812.91 97.4481 -614.73 1671.43 97.4481 -700.977 1576.09 97.4481 -663.756 1151.66 97.4481 -922.498 1247 97.4481 -959.718 1105.52 97.4481 -1045.97 1010.18 97.4481 -1008.74 868.698 97.4481 -1094.99 868.698 97.4481 396.264
  poly 1: 868.698 -4.39627e-10 396.264 2142.01 -3.0559e-10 1172.49 2142.01 -2.76472e-10 1006.79 2142.01 -2.10989e-10 675.402 2223.42 -2.10989e-10 643.621 2223.42 -1.78247e-10 477.926 2142.01 -1.78247e-10 509.707 2142.01 -8.00213e-11 12.622 2223.42 -8.00213e-11 -19.1589 2223.42 -4.72795e-11 -184.854 2142.01 -4.72795e-11 -153.073 2142.01 -1.45377e-11 -318.768 2000.53 -3.21734e-11 -405.015 1717.57 -6.12772e-11 -577.509 1812.91 -6.12772e-11 -614.73 1671.43 -7.58291e-11 -700.977 1576.09 -7.58291e-11 -663.756 1151.66 -1.19485e-10 -922.498 1247 -1.19485e-10 -959.718 1105.52 -1.34037e-10 -1045.97 1010.18 -1.34037e-10 -1008.74 868.698 -1.48589e-10 -1094.99 868.698 -4.39627e-10 396.264
element 3
  poly 0: -632.906 97.4481 941.248 -632.906 97.4481 773.57 -632.906 -2.40917e-10 773.57 -632.906 -2.73253e-10 941.248 -632.906 97.4481 941.248
  poly 1: -714.314 97.4481 1022.66 -714.314 97.4481 854.978 -714.314 -2.40917e-10 854.978 -714.314 -2.73253e-10 1022.66 -714.314 97.4481 1022.66
  poly 2: -632.906 97.4481 270.536 -632.906 97.4481 102.858 -632.906 -1.11562e-10 102.858 -632.906 -1.43899e-10 270.536 -632.906 97.4481 270.536
  poly 3: -714.314 97.4481 351.944 -714.314 97.4481 184.266 -714.314 -1.11562e-10 184.266 -714.314 -1.43899e-10 351.944 -714.314 97.4481 351.944
  poly 4: -632.906 -530.17 1190.33 -632.906 -530.17 -318.768 -632.906 -288.412 -318.768 -632.906 -318.102 -400.176 -632.906 -76.3445 -400.176 -632.906 -106.034 -318.768 -632.906 135.724 -318.768 -632.906 106.034 -400.176 -632.906 347.792 -400.176 -632.906 318.102 -318.768 -632.906 530.17 -318.768 -632.906 530.17 1190.33 -632.906 -530.17 1190.33
  poly 5: -714.314 -530.17 1190.33 -714.314 -530.17 -318.768 -714.314 -288.412 -318.768 -714.314 -318.102 -400.176 -714.314 -76.3445 -400.176 -714.314 -106.034 -318.768 -714.314 135.724 -318.768 -714.314 106.034 -400.176 -714.314 347.792 -400.176 -714.314 318.102 -318.768 -714.314 530.17 -318.768 -714.314 530.17 1190.33 -714.314 -530.17 1190.33
element 4
  poly 0: -800.584 97.4481 -400.176 -968.262 97.4481 -400.176 -968.262 -1.45519e-11 -400.176 -800.584 -1.45519e-11 -400.176 -800.584 97.4481 -400.176
  poly 1: -881.992 97.4481 -318.768 -1049.67 97.4481 -318.768 -1049.67 -1.45519e-11 -318.768 -881.992 -1.45519e-11 -318.768 -881.992 97.4481 -318.768
  poly 2: -1471.3 97.4481 -400.176 -1638.97 97.4481 -400.176 -1638.97 -1.45519e-11 -400.176 -1471.3 -1.45519e-11 -400.176 -1471.3 97.4481 -400.176
  poly 3: -1552.7 97.4481 -318.768 -1720.38 97.4481 -318.768 -1720.38 -1.45519e-11 -318.768 -1552.7 -1.45519e-11 -318.768 -1552.7 97.4481 -318.768
  poly 4: -2223.42 -530.17 -400.176 -2223.42 530.17 -400.176 -632.906 530.17 -400.176 -632.906 347.792 -400.176 -714.314 347.792 -400.176 -714.314 106.034 -400.176 -632.906 106.034 -400.176 -632.906 -76.3445 -400.176 -714.314 -76.3445 -400.176 -714.314 -318.102 -400.176 -632.906 -318.102 -400.176 -632.906 -530.17 -400.176 -2223.42 -530.17 -400.176
  poly 5: -2223.42 -530.17 -318.768 -2223.42 530.17 -318.768 -632.906 530.17 -318.768 -632.906 318.102 -318.768 -714.314 318.102 -318.768 -714.314 135.724 -318.768 -632.906 135.724 -318.768 -632.906 -106.034 -318.768 -714.314 -106.034 -318.768 -714.314 -288.412 -318.768 -632.906 -288.412 -318.768 -632.906 -530.17 -318.768 -2223.42 -530.17 -318.768
element 5
  poly 0: -2223.42 -3.0559e-10 1190.33 -2223.42 -1.45519e-11 -318.768 -2055.74 -1.45519e-11 -318.768 -1720.38 -1.45519e-11 -318.768 -1638.97 -1.45519e-11 -400.176 -1471.3 -1.45519e-11 -400.176 -1552.7 -1.45519e-11 -318.768 -1049.67 -1.45519e-11 -318.768 -968.262 -1.45519e-11 -400.176 -800.584 -1.45519e-11 -400.176 -881.992 -1.45519e-11 -318.768 -714.314 -1.45519e-11 -318.768 -714.314 -4.68887e-11 -151.09 -714.314 -1.11562e-10 184.266 -632.906 -1.11562e-10 102.858 -632.906 -1.43899e-10 270.536 -714.314 -1.43899e-10 351.944 -714.314 -2.40917e-10 854.978 -632.906 -2.40917e-10 773.57 -632.906 -2.73253e-10 941.248 -714.314 -2.73253e-10 1022.66 -714.314 -3.0559e-10 1190.33 -2223.42 -3.0559e-10 1190.33
  poly 1: -2223.42 97.4481 1190.33 -2223.42 97.4481 -318.768 -2055.74 97.4481 -318.768 -1720.38 97.4481 -318.768 -1638.97 97.4481 -400.176 -1471.3 97.4481 -400.176 -1552.7 97.4481 -318.768 -1049.67 97.4481 -318.768 -968.262 97.4481 -400.176 -800.584 97.4481 -400.176 -881.992 97.4481 -318.768 -714.314 97.4481 -318.768 -714.314 97.4481 -151.09 -714.314 97.4481 184.266 -632.906 97.4481 102.858 -632.906 97.4481 270.536 -714.314 97.4481 351.944 -714.314 97.4481 854.978 -632.906 97.4481 773.57 -632.906 97.4481 941.248 -714.314 97.4481 1022.66 -714.314 97.4481 1190.33 -2223.42 97.4481 1190.33
