2 16 16
2 22 22
18 5 5 5 5 5 5 5 5 5 5 5 5 5 5 5 5 15 15
10 5 5 5 5 5 5 5 5 19 19
2 28 28
2 46 46
16 5 5 5 5 5 5 5 5 5 5 5 5 5 5 79 79
30 5 5 5 5 5 5 5 5 5 5 5 5 5 5 5 5 5 5 5 5 5 5 5 5 5 5 5 5 27 27
82 5 5 5 5 5 5 5 5 5 5 5 5 5 5 5 5 5 5 5 5 5 5 5 5 5 5 5 5 5 5 5 5 5 5 5 5 5 5 5 5 5 5 5 5 5 5 5 5 5 5 5 5 5 5 5 5 5 5 5 5 5 5 5 5 5 5 5 5 5 5 5 5 5 5 5 5 5 5 5 5 21 21
42 5 5 5 5 5 5 5 5 5 5 5 5 5 5 5 5 5 5 5 5 5 5 5 5 5 5 5 5 5 5 5 5 5 5 5 5 5 5 5 5 155 155
16 5 5 5 5 5 5 5 5 5 5 5 5 5 5 91 91
30 5 5 5 5 5 5 5 5 5 5 5 5 5 5 5 5 5 5 5 5 5 5 5 5 5 5 5 5 51 51
2 117 117
16 5 5 5 5 5 5 5 5 5 5 5 5 5 5 93 93
50 5 5 5 5 5 5 5 5 5 5 5 5 5 5 5 5 5 5 5 5 5 5 5 5 5 5 5 5 5 5 5 5 5 5 5 5 5 5 5 5 5 5 5 5 5 5 5 5 117 117
10 5 5 5 5 5 5 5 5 217 217
2 105 105
16 5 5 5 5 5 5 5 5 5 5 5 5 5 5 69 69
16 5 5 5 5 5 5 5 5 5 5 5 5 5 5 91 91
30 5 5 5 5 5 5 5 5 5 5 5 5 5 5 5 5 5 5 5 5 5 5 5 5 5 5 5 5 51 51
82 5 5 5 5 5 5 5 5 5 5 5 5 5 5 5 5 5 5 5 5 5 5 5 5 5 5 5 5 5 5 5 5 5 5 5 5 5 5 5 5 5 5 5 5 5 5 5 5 5 5 5 5 5 5 5 5 5 5 5 5 5 5 5 5 5 5 5 5 5 5 5 5 5 5 5 5 5 5 5 5 21 21
40 5 5 5 5 5 5 5 5 5 5 5 5 5 5 5 5 5 5 5 5 5 5 5 5 5 5 5 5 5 5 5 5 5 5 5 5 5 5 147 147
16 5 5 5 5 5 5 5 5 5 5 5 5 5 5 85 85
30 5 5 5 5 5 5 5 5 5 5 5 5 5 5 5 5 5 5 5 5 5 5 5 5 5 5 5 5 27 27
2 105 105
16 5 5 5 5 5 5 5 5 5 5 5 5 5 5 69 69
48 5 5 5 5 5 5 5 5 5 5 5 5 5 5 5 5 5 5 5 5 5 5 5 5 5 5 5 5 5 5 5 5 5 5 5 5 5 5 5 5 5 5 5 5 5 5 117 117
10 5 5 5 5 5 5 5 5 205 205
2 117 117
16 5 5 5 5 5 5 5 5 5 5 5 5 5 5 93 93
16 5 5 5 5 5 5 5 5 5 5 5 5 5 5 85 85
30 5 5 5 5 5 5 5 5 5 5 5 5 5 5 5 5 5 5 5 5 5 5 5 5 5 5 5 5 39 39
82 5 5 5 5 5 5 5 5 5 5 5 5 5 5 5 5 5 5 5 5 5 5 5 5 5 5 5 5 5 5 5 5 5 5 5 5 5 5 5 5 5 5 5 5 5 5 5 5 5 5 5 5 5 5 5 5 5 5 5 5 5 5 5 5 5 5 5 5 5 5 5 5 5 5 5 5 5 5 5 5 21 21
42 5 5 5 5 5 5 5 5 5 5 5 5 5 5 5 5 5 5 5 5 5 5 5 5 5 5 5 5 5 5 5 5 5 5 5 5 5 5 5 5 147 147
16 5 5 5 5 5 5 5 5 5 5 5 5 5 5 91 91
30 5 5 5 5 5 5 5 5 5 5 5 5 5 5 5 5 5 5 5 5 5 5 5 5 5 5 5 5 51 51
2 111 111
16 5 5 5 5 5 5 5 5 5 5 5 5 5 5 81 81
44 5 5 5 5 5 5 5 5 5 5 5 5 5 5 5 5 5 5 5 5 5 5 5 5 5 5 5 5 5 5 5 5 5 5 5 5 5 5 5 5 5 5 111 111
8 5 5 5 5 5 5 205 205
2 105 105
16 5 5 5 5 5 5 5 5 5 5 5 5 5 5 69 69
18 5 5 5 5 5 5 5 5 5 5 5 5 5 5 5 5 99 99
32 5 5 5 5 5 5 5 5 5 5 5 5 5 5 5 5 5 5 5 5 5 5 5 5 5 5 5 5 5 5 51 51
76 5 5 5 5 5 5 5 5 5 5 5 5 5 5 5 5 5 5 5 5 5 5 5 5 5 5 5 5 5 5 5 5 5 5 5 5 5 5 5 5 5 5 5 5 5 5 5 5 5 5 5 5 5 5 5 5 5 5 5 5 5 5 5 5 5 5 5 5 5 5 5 5 5 5 21 21
38 5 5 5 5 5 5 5 5 5 5 5 5 5 5 5 5 5 5 5 5 5 5 5 5 5 5 5 5 5 5 5 5 5 5 5 5 131 131
18 5 5 5 5 5 5 5 5 5 5 5 5 5 5 5 5 93 93
32 5 5 5 5 5 5 5 5 5 5 5 5 5 5 5 5 5 5 5 5 5 5 5 5 5 5 5 5 5 5 39 39
2 117 117
18 5 5 5 5 5 5 5 5 5 5 5 5 5 5 5 5 69 69
40 5 5 5 5 5 5 5 5 5 5 5 5 5 5 5 5 5 5 5 5 5 5 5 5 5 5 5 5 5 5 5 5 5 5 5 5 5 5 105 105
8 5 5 5 5 5 5 181 181
2 123 123
18 5 5 5 5 5 5 5 5 5 5 5 5 5 5 5 5 81 81
20 5 5 5 5 5 5 5 5 5 5 5 5 5 5 5 5 5 5 101 101
36 5 5 5 5 5 5 5 5 5 5 5 5 5 5 5 5 5 5 5 5 5 5 5 5 5 5 5 5 5 5 5 5 5 5 39 39
68 5 5 5 5 5 5 5 5 5 5 5 5 5 5 5 5 5 5 5 5 5 5 5 5 5 5 5 5 5 5 5 5 5 5 5 5 5 5 5 5 5 5 5 5 5 5 5 5 5 5 5 5 5 5 5 5 5 5 5 5 5 5 5 5 5 5 21 21
34 5 5 5 5 5 5 5 5 5 5 5 5 5 5 5 5 5 5 5 5 5 5 5 5 5 5 5 5 5 5 5 5 115 115
20 5 5 5 5 5 5 5 5 5 5 5 5 5 5 5 5 5 5 107 107
38 5 5 5 5 5 5 5 5 5 5 5 5 5 5 5 5 5 5 5 5 5 5 5 5 5 5 5 5 5 5 5 5 5 5 5 5 51 51
2 129 129
20 5 5 5 5 5 5 5 5 5 5 5 5 5 5 5 5 5 5 87 87
34 5 5 5 5 5 5 5 5 5 5 5 5 5 5 5 5 5 5 5 5 5 5 5 5 5 5 5 5 5 5 5 5 93 93
8 5 5 5 5 5 5 157 157
2 129 129
20 5 5 5 5 5 5 5 5 5 5 5 5 5 5 5 5 5 5 81 81
24 5 5 5 5 5 5 5 5 5 5 5 5 5 5 5 5 5 5 5 5 5 5 129 129
44 5 5 5 5 5 5 5 5 5 5 5 5 5 5 5 5 5 5 5 5 5 5 5 5 5 5 5 5 5 5 5 5 5 5 5 5 5 5 5 5 5 5 51 51
52 5 5 5 5 5 5 5 5 5 5 5 5 5 5 5 5 5 5 5 5 5 5 5 5 5 5 5 5 5 5 5 5 5 5 5 5 5 5 5 5 5 5 5 5 5 5 5 5 5 5 21 21
24 5 5 5 5 5 5 5 5 5 5 5 5 5 5 5 5 5 5 5 5 5 5 75 75
24 5 5 5 5 5 5 5 5 5 5 5 5 5 5 5 5 5 5 5 5 5 5 123 123
44 5 5 5 5 5 5 5 5 5 5 5 5 5 5 5 5 5 5 5 5 5 5 5 5 5 5 5 5 5 5 5 5 5 5 5 5 5 5 5 5 5 5 39 39
2 153 153
24 5 5 5 5 5 5 5 5 5 5 5 5 5 5 5 5 5 5 5 5 5 5 87 87
22 5 5 5 5 5 5 5 5 5 5 5 5 5 5 5 5 5 5 5 5 63 63
6 5 5 5 5 97 97
2 153 153
24 5 5 5 5 5 5 5 5 5 5 5 5 5 5 5 5 5 5 5 5 5 5 87 87
2 16 16
2 22 22
14 5 5 5 5 5 5 5 5 5 5 5 5 15 15
8 5 5 5 5 5 5 19 19
2 22 22
2 34 34
