element 0
  poly 0: 671.509 1356.94 289.582 -1.81899e-12 969.239 289.582 -1.81899e-12 737.428 289.582 91.5678 790.295 289.582 136.568 712.353 289.582 -1.81899e-12 633.505 289.582 -1.81899e-12 193.848 289.582 380.754 -25.9808 289.582 517.322 52.8667 289.582 562.322 -25.0756 289.582 470.754 -77.9423 289.582 671.509 -193.848 289.582 1343.02 193.848 289.582 1343.02 969.239 289.582 671.509 1356.94 289.582
  poly 1: 671.509 1356.94 199.582 -1.81899e-12 969.239 199.582 -1.81899e-12 737.428 199.582 91.5678 790.295 199.582 136.568 712.353 199.582 -1.81899e-12 633.505 199.582 -1.81899e-12 193.848 199.582 380.754 -25.9808 199.582 517.322 52.8667 199.582 562.322 -25.0756 199.582 470.754 -77.9423 199.582 671.509 -193.848 199.582 1343.02 193.848 199.582 1343.02 969.239 199.582 671.509 1356.94 199.582
element 1
  poly 0: 671.509 1356.94 -231.245 -1.81899e-12 969.239 -231.245 -1.81899e-12 737.428 -231.245 91.5678 790.295 -231.245 136.568 712.353 -231.245 -1.81899e-12 633.505 -231.245 -1.81899e-12 193.848 -231.245 380.754 -25.9808 -231.245 517.322 52.8667 -231.245 562.322 -25.0756 -231.245 470.754 -77.9423 -231.245 671.509 -193.848 -231.245 1343.02 193.848 -231.245 1343.02 969.239 -231.245 671.509 1356.94 -231.245
  poly 1: 671.509 1356.94 -321.245 -1.81899e-12 969.239 -321.245 -1.81899e-12 737.428 -321.245 91.5678 790.295 -321.245 136.568 712.353 -321.245 -1.81899e-12 633.505 -321.245 -1.81899e-12 193.848 -321.245 380.754 -25.9808 -321.245 517.322 52.8667 -321.245 562.322 -25.0756 -321.245 470.754 -77.9423 -321.245 671.509 -193.848 -321.245 1343.02 193.848 -321.245 1343.02 969.239 -321.245 671.509 1356.94 -321.245
element 2
  poly 0: -1.81899e-12 193.848 -231.245 -374.726 -22.5 -231.245 -289.383 -170.318 -231.245 -367.325 -215.318 -231.245 -452.668 -67.5 -231.245 -671.509 -193.848 -231.245 -671.509 -969.239 -231.245 -1.81899e-12 -1356.94 -231.245 671.509 -969.239 -231.245 671.509 -193.848 -231.245 470.754 -77.9423 -231.245 289.187 -182.77 -231.245 244.187 -104.828 -231.245 380.754 -25.9808 -231.245 -1.81899e-12 193.848 -231.245
  poly 1: -1.81899e-12 193.848 -321.245 -374.726 -22.5 -321.245 -289.383 -170.318 -321.245 -367.325 -215.318 -321.245 -452.668 -67.5 -321.245 -671.509 -193.848 -321.245 -671.509 -969.239 -321.245 -1.81899e-12 -1356.94 -321.245 671.509 -969.239 -321.245 671.509 -193.848 -321.245 470.754 -77.9423 -321.245 289.187 -182.77 -321.245 244.187 -104.828 -321.245 380.754 -25.9808 -321.245 -1.81899e-12 193.848 -321.245
element 3
  poly 0: -1.81899e-12 193.848 289.582 -374.726 -22.5 289.582 -289.383 -170.318 289.582 -367.325 -215.318 289.582 -452.668 -67.5 289.582 -671.509 -193.848 289.582 -671.509 -969.239 289.582 -1.81899e-12 -1356.94 289.582 671.509 -969.239 289.582 671.509 -193.848 289.582 470.754 -77.9423 289.582 289.187 -182.77 289.582 244.187 -104.828 289.582 380.754 -25.9808 289.582 -1.81899e-12 193.848 289.582
  poly 1: -1.81899e-12 193.848 199.582 -374.726 -22.5 199.582 -289.383 -170.318 199.582 -367.325 -215.318 199.582 -452.668 -67.5 199.582 -671.509 -193.848 199.582 -671.509 -969.239 199.582 -1.81899e-12 -1356.94 199.582 671.509 -969.239 199.582 671.509 -193.848 199.582 470.754 -77.9423 199.582 289.187 -182.77 199.582 244.187 -104.828 199.582 380.754 -25.9808 199.582 -1.81899e-12 193.848 199.582
element 4
  poly 0: -671.509 1356.94 289.582 -1343.02 969.239 289.582 -1343.02 193.848 289.582 -671.509 -193.848 289.582 -452.668 -67.5 289.582 -538.01 80.3178 289.582 -460.068 125.318 289.582 -374.726 -22.5 289.582 -3.63798e-12 193.848 289.582 -2.6148e-12 633.505 289.582 -136.568 554.658 289.582 -181.568 632.6 289.582 -2.38742e-12 737.428 289.582 -1.81899e-12 969.239 289.582 -671.509 1356.94 289.582
  poly 1: -671.509 1356.94 199.582 -1343.02 969.239 199.582 -1343.02 193.848 199.582 -671.509 -193.848 199.582 -452.668 -67.5 199.582 -538.01 80.3178 199.582 -460.068 125.318 199.582 -374.726 -22.5 199.582 -3.63798e-12 193.848 199.582 -2.6148e-12 633.505 199.582 -136.568 554.658 199.582 -181.568 632.6 199.582 -2.38742e-12 737.428 199.582 -1.81899e-12 969.239 199.582 -671.509 1356.94 199.582
element 5
  poly 0: -671.509 1356.94 -231.245 -1343.02 969.239 -231.245 -1343.02 193.848 -231.245 -671.509 -193.848 -231.245 -452.668 -67.5 -231.245 -538.01 80.3178 -231.245 -460.068 125.318 -231.245 -374.726 -22.5 -231.245 -3.63798e-12 193.848 -231.245 -2.6148e-12 633.505 -231.245 -136.568 554.658 -231.245 -181.568 632.6 -231.245 -2.38742e-12 737.428 -231.245 -1.81899e-12 969.239 -231.245 -671.509 1356.94 -231.245
  poly 1: -671.509 1356.94 -321.245 -1343.02 969.239 -321.245 -1343.02 193.848 -321.245 -671.509 -193.848 -321.245 -452.668 -67.5 -321.245 -538.01 80.3178 -321.245 -460.068 125.318 -321.245 -374.726 -22.5 -321.245 -3.63798e-12 193.848 -321.245 -2.6148e-12 633.505 -321.245 -136.568 554.658 -321.245 -181.568 632.6 -321.245 -2.38742e-12 737.428 -321.245 -1.81899e-12 969.239 -321.245 -671.509 1356.94 -321.245
element 6
  poly 0: -318.136 449.83 -438.086 273.136 791.2 -438.086 273.136 791.2 -323.245 136.568 712.353 -323.245 136.568 712.353 -229.245 273.136 791.2 -229.245 273.136 791.2 197.582 136.568 712.353 197.582 136.568 712.353 291.582 273.136 791.2 291.582 273.136 791.2 438.086 -318.136 449.83 438.086 -318.136 449.83 291.582 -136.568 554.658 291.582 -136.568 554.658 197.582 -318.136 449.83 197.582 -318.136 449.83 -229.245 -136.568 554.658 -229.245 -136.568 554.658 -323.245 -318.136 449.83 -323.245 -318.136 449.83 -438.086
  poly 1: -363.136 527.772 -438.086 228.136 869.142 -438.086 228.136 869.142 -323.245 91.5678 790.295 -323.245 91.5678 790.295 -229.245 228.136 869.142 -229.245 228.136 869.142 197.582 91.5678 790.295 197.582 91.5678 790.295 291.582 228.136 869.142 291.582 228.136 869.142 438.086 -363.136 527.772 438.086 -363.136 527.772 291.582 -181.568 632.6 291.582 -181.568 632.6 197.582 -363.136 527.772 197.582 -363.136 527.772 -229.245 -181.568 632.6 -229.245 -181.568 632.6 -323.245 -363.136 527.772 -323.245 -363.136 527.772 -438.086
element 7
  poly 0: 653.89 131.714 -438.086 62.6188 -209.656 -438.086 62.6188 -209.656 -323.245 244.187 -104.828 -323.245 244.187 -104.828 -229.245 62.6188 -209.656 -229.245 62.6188 -209.656 197.582 244.187 -104.828 197.582 244.187 -104.828 291.582 62.6188 -209.656 291.582 62.6188 -209.656 438.086 653.89 131.714 438.086 653.89 131.714 291.582 517.322 52.8667 291.582 517.322 52.8667 197.582 653.89 131.714 197.582 653.89 131.714 -229.245 517.322 52.8667 -229.245 517.322 52.8667 -323.245 653.89 131.714 -323.245 653.89 131.714 -438.086
  poly 1: 698.89 53.7718 -438.086 107.619 -287.599 -438.086 107.619 -287.599 -323.245 289.187 -182.77 -323.245 289.187 -182.77 -229.245 107.619 -287.599 -229.245 107.619 -287.599 197.582 289.187 -182.77 197.582 289.187 -182.77 291.582 107.619 -287.599 291.582 107.619 -287.599 438.086 698.89 53.7718 438.086 698.89 53.7718 291.582 562.322 -25.0756 291.582 562.322 -25.0756 197.582 698.89 53.7718 197.582 698.89 53.7718 -229.245 562.322 -25.0756 -229.245 562.322 -25.0756 -323.245 698.89 53.7718 -323.245 698.89 53.7718 -438.086
element 8
  poly 0: -204.04 -318.136 -438.086 -545.411 273.136 -438.086 -545.411 273.136 -323.245 -460.068 125.318 -323.245 -460.068 125.318 -229.245 -545.411 273.136 -229.245 -545.411 273.136 197.582 -460.068 125.318 197.582 -460.068 125.318 291.582 -545.411 273.136 291.582 -545.411 273.136 438.086 -204.04 -318.136 438.086 -204.04 -318.136 291.582 -289.383 -170.318 291.582 -289.383 -170.318 197.582 -204.04 -318.136 197.582 -204.04 -318.136 -229.245 -289.383 -170.318 -229.245 -289.383 -170.318 -323.245 -204.04 -318.136 -323.245 -204.04 -318.136 -438.086
  poly 1: -281.983 -363.136 -438.086 -623.353 228.136 -438.086 -623.353 228.136 -323.245 -538.01 80.3178 -323.245 -538.01 80.3178 -229.245 -623.353 228.136 -229.245 -623.353 228.136 197.582 -538.01 80.3178 197.582 -538.01 80.3178 291.582 -623.353 228.136 291.582 -623.353 228.136 438.086 -281.983 -363.136 438.086 -281.983 -363.136 291.582 -367.325 -215.318 291.582 -367.325 -215.318 197.582 -281.983 -363.136 197.582 -281.983 -363.136 -229.245 -367.325 -215.318 -229.245 -367.325 -215.318 -323.245 -281.983 -363.136 -323.245 -281.983 -363.136 -438.086
