element 0
  poly 0: -1431.85 -5.56694e-06 -751.084 -1312.13 -5.56694e-06 -944.795 -1257.61 103.706 -911.099 -1377.33 103.706 -717.387 -1431.85 -5.56694e-06 -751.084
  poly 1: -1377.33 -103.706 -717.387 -1257.61 -103.706 -911.099 -1203.09 -5.27213e-06 -877.403 -1322.81 -5.27213e-06 -683.691 -1377.33 -103.706 -717.387
  poly 2: -1504.01 590.521 59.8602 -1563.87 406.291 -59.8601 -1486.06 438.338 -148.078 -1426.2 622.568 -28.3576 -1504.01 590.521 59.8602
  poly 3: -1459.9 518.862 148.078 -1519.76 334.632 28.3577 -1441.95 366.679 -59.8601 -1382.09 550.909 59.8602 -1459.9 518.862 148.078
  poly 4: -869.667 1361.77 -59.8601 -1026.38 1247.91 59.8602 -1032.82 1164.01 -28.3577 -876.102 1277.87 -148.078 -869.667 1361.77 -59.8601
  poly 5: -787.885 1341.97 28.3577 -944.601 1228.11 148.078 -951.036 1144.21 59.8602 -794.32 1258.07 -59.8601 -787.885 1341.97 28.3577
  poly 6: -405.472 1247.91 -944.795 -442.467 1361.77 -751.084 -524.25 1277.87 -717.387 -487.254 1164.01 -911.099 -405.472 1247.91 -944.795
  poly 7: -289.993 1228.11 -911.099 -326.989 1341.97 -717.387 -408.771 1258.07 -683.691 -371.776 1144.21 -877.403 -289.993 1228.11 -911.099
  poly 8: -752.923 406.291 -1371.99 -619.072 590.521 -1371.99 -663.181 622.568 -1262.95 -797.032 438.338 -1262.95 -752.923 406.291 -1371.99
  poly 9: -654.292 334.632 -1371.99 -520.441 518.862 -1371.99 -564.55 550.909 -1262.95 -698.401 366.679 -1262.95 -654.292 334.632 -1371.99
  poly 10: -1048.11 -1.544e-06 -1371.99 -1192.41 -5.56694e-06 -1138.51 -1246.94 -103.706 -1172.2 -1606.1 -103.706 -591.068 -1551.58 -5.56694e-06 -557.372 -1695.88 -5.56276e-06 -323.884 -1623.73 222.06 -179.58 -1701.53 190.013 -91.3626 -1521.95 742.705 267.798 -1444.15 774.752 179.58 -1371.99 996.812 323.884 -1183.1 1134.05 179.58 -1176.66 1217.95 267.798 -706.516 1559.54 -91.3626 -712.951 1475.64 -179.58 -524.055 1612.88 -323.884 -479.463 1475.64 -557.372 -397.681 1559.54 -591.068 -286.694 1217.95 -1172.2 -368.476 1134.05 -1138.51 -323.884 996.812 -1371.99 -485.22 774.752 -1371.99 -441.111 742.705 -1481.04 -842.665 190.013 -1481.04 -886.774 222.06 -1371.99 -1048.11 -1.544e-06 -1371.99
  poly 11: -964.809 -6.44216e-06 -1262.95 -1083.37 -5.27213e-06 -1071.11 -1192.41 -207.413 -1138.51 -1551.58 -207.413 -557.372 -1442.53 -5.27213e-06 -489.98 -1561.09 -4.91937e-06 -298.142 -1501.81 182.448 -179.58 -1657.42 118.354 -3.14473 -1477.84 671.046 356.016 -1322.23 735.14 179.58 -1262.95 917.588 298.142 -1107.75 1030.35 179.58 -1094.88 1198.15 356.016 -624.733 1539.73 -3.14476 -637.604 1371.93 -179.58 -482.405 1484.69 -298.142 -445.767 1371.93 -489.98 -282.202 1539.73 -557.372 -171.215 1198.15 -1138.51 -334.78 1030.35 -1071.11 -298.142 917.588 -1262.95 -430.699 735.14 -1262.95 -342.481 671.046 -1481.04 -744.035 118.354 -1481.04 -832.253 182.448 -1262.95 -964.809 -6.44216e-06 -1262.95
element 1
  poly 0: -442.467 -1361.77 -751.084 -405.472 -1247.91 -944.795 -487.254 -1164.01 -911.099 -524.25 -1277.87 -717.387 -442.467 -1361.77 -751.084
  poly 1: -326.989 -1341.97 -717.387 -289.993 -1228.11 -911.099 -371.776 -1144.21 -877.403 -408.771 -1258.07 -683.691 -326.989 -1341.97 -717.387
  poly 2: -1026.38 -1247.91 59.8601 -869.667 -1361.77 -59.8601 -876.102 -1277.87 -148.078 -1032.82 -1164.01 -28.3577 -1026.38 -1247.91 59.8601
  poly 3: -944.6 -1228.11 148.078 -787.885 -1341.97 28.3577 -794.32 -1258.07 -59.8601 -951.036 -1144.21 59.8601 -944.6 -1228.11 148.078
  poly 4: -1563.87 -406.291 -59.8601 -1504.01 -590.522 59.8602 -1426.2 -622.568 -28.3576 -1486.06 -438.338 -148.078 -1563.87 -406.291 -59.8601
  poly 5: -1519.76 -334.632 28.3577 -1459.9 -518.862 148.078 -1382.09 -550.909 59.8602 -1441.95 -366.679 -59.8601 -1519.76 -334.632 28.3577
  poly 6: -619.072 -590.521 -1371.99 -752.923 -406.291 -1371.99 -797.032 -438.338 -1262.95 -663.181 -622.568 -1262.95 -619.072 -590.521 -1371.99
  poly 7: -520.441 -518.862 -1371.99 -654.292 -334.632 -1371.99 -698.401 -366.679 -1262.95 -564.55 -550.909 -1262.95 -520.441 -518.862 -1371.99
  poly 8: -323.884 -996.812 -1371.99 -368.476 -1134.05 -1138.51 -286.694 -1217.95 -1172.2 -397.681 -1559.54 -591.068 -479.463 -1475.64 -557.372 -524.055 -1612.88 -323.884 -712.951 -1475.64 -179.58 -706.516 -1559.54 -91.3626 -1176.66 -1217.95 267.798 -1183.1 -1134.05 179.58 -1371.99 -996.812 323.884 -1444.15 -774.752 179.58 -1521.95 -742.705 267.798 -1701.53 -190.013 -91.3625 -1623.73 -222.06 -179.58 -1695.88 -5.56694e-06 -323.884 -1551.58 -5.56694e-06 -557.372 -1497.05 -103.706 -523.676 -1377.33 -103.706 -717.387 -1431.85 -5.56694e-06 -751.084 -1457.78 77.7797 -800.57 -1367.99 77.7797 -945.853 -1312.13 -5.56694e-06 -944.795 -1257.61 -103.706 -911.099 -1137.89 -103.706 -1104.81 -1192.41 -5.56694e-06 -1138.51 -1048.11 -5.56694e-06 -1371.99 -886.774 -222.06 -1371.99 -842.665 -190.013 -1481.04 -441.111 -742.705 -1481.04 -485.22 -774.752 -1371.99 -323.884 -996.812 -1371.99
  poly 9: -298.142 -917.588 -1262.95 -334.78 -1030.35 -1071.11 -171.215 -1198.15 -1138.51 -282.202 -1539.73 -557.372 -445.767 -1371.93 -489.98 -482.405 -1484.69 -298.142 -637.604 -1371.93 -179.58 -624.733 -1539.73 -3.14477 -1094.88 -1198.15 356.016 -1107.75 -1030.35 179.58 -1262.95 -917.588 298.142 -1322.23 -735.14 179.58 -1477.84 -671.046 356.016 -1657.42 -118.354 -3.14473 -1501.81 -182.448 -179.58 -1561.09 -5.27213e-06 -298.142 -1442.53 -5.27213e-06 -489.98 -1441.99 -1.03707 -489.643 -1322.81 -5.27213e-06 -683.691 -1377.33 103.706 -717.387 -1403.26 181.486 -766.873 -1313.47 181.486 -912.157 -1257.61 103.706 -911.099 -1203.09 -5.27213e-06 -877.403 -1082.83 -1.03707 -1070.78 -1083.37 -5.27213e-06 -1071.11 -964.809 -5.27213e-06 -1262.95 -832.253 -182.448 -1262.95 -744.035 -118.354 -1481.04 -342.481 -671.046 -1481.04 -430.699 -735.14 -1262.95 -298.142 -917.588 -1262.95
element 2
  poly 0: 752.923 406.291 1371.99 619.072 590.521 1371.99 663.181 622.568 1262.95 797.032 438.338 1262.95 752.923 406.291 1371.99
  poly 1: 654.292 334.632 1371.99 520.441 518.862 1371.99 564.55 550.909 1262.95 698.401 366.679 1262.95 654.292 334.632 1371.99
  poly 2: 1431.85 -5.56694e-06 751.084 1312.13 -5.56694e-06 944.795 1257.61 103.706 911.099 1377.33 103.706 717.387 1431.85 -5.56694e-06 751.084
  poly 3: 1377.33 -103.706 717.387 1257.61 -103.706 911.099 1203.09 -6.39513e-06 877.403 1322.81 -6.39513e-06 683.691 1377.33 -103.706 717.387
  poly 4: 1504.01 590.521 -59.8602 1563.87 406.291 59.8601 1486.06 438.338 148.078 1426.2 622.568 28.3577 1504.01 590.521 -59.8602
  poly 5: 1459.9 518.862 -148.078 1519.76 334.632 -28.3577 1441.95 366.679 59.8601 1382.09 550.909 -59.8602 1459.9 518.862 -148.078
  poly 6: 869.667 1361.77 59.8601 1026.38 1247.91 -59.8601 1032.82 1164.01 28.3577 876.102 1277.87 148.078 869.667 1361.77 59.8601
  poly 7: 787.885 1341.97 -28.3577 944.601 1228.11 -148.078 951.036 1144.21 -59.8601 794.32 1258.07 59.8601 787.885 1341.97 -28.3577
  poly 8: 405.472 1247.91 944.795 442.467 1361.77 751.084 524.25 1277.87 717.387 487.254 1164.01 911.099 405.472 1247.91 944.795
  poly 9: 289.993 1228.11 911.099 326.989 1341.97 717.387 408.771 1258.07 683.691 371.776 1144.21 877.403 289.993 1228.11 911.099
  poly 10: 323.884 996.812 1371.99 485.22 774.752 1371.99 441.111 742.705 1481.04 842.665 190.013 1481.04 886.774 222.06 1371.99 1048.11 -1.89036e-05 1371.99 1192.41 -5.56694e-06 1138.51 1246.94 -103.706 1172.2 1606.1 -103.706 591.068 1551.58 -5.56694e-06 557.372 1695.88 -2.39899e-06 323.884 1623.73 222.06 179.58 1701.53 190.013 91.3626 1521.95 742.705 -267.798 1444.15 774.752 -179.58 1371.99 996.812 -323.884 1183.1 1134.05 -179.58 1176.66 1217.95 -267.798 706.516 1559.54 91.3626 712.951 1475.64 179.58 524.055 1612.88 323.884 479.463 1475.64 557.372 397.681 1559.54 591.068 286.694 1217.95 1172.2 368.476 1134.05 1138.51 323.884 996.812 1371.99
  poly 11: 298.142 917.588 1262.95 430.699 735.14 1262.95 342.481 671.046 1481.04 744.035 118.354 1481.04 832.253 182.448 1262.95 964.809 -1.24257e-05 1262.95 1083.37 -6.39513e-06 1071.11 1192.41 -207.413 1138.51 1551.58 -207.413 557.372 1442.53 -6.39513e-06 489.98 1561.09 -3.36819e-05 298.142 1501.81 182.448 179.58 1657.42 118.354 3.14473 1477.84 671.046 -356.016 1322.23 735.14 -179.58 1262.95 917.588 -298.142 1107.75 1030.35 -179.58 1094.88 1198.15 -356.016 624.733 1539.73 3.14476 637.604 1371.93 179.58 482.405 1484.69 298.142 445.767 1371.93 489.98 282.202 1539.73 557.372 171.215 1198.15 1138.51 334.78 1030.35 1071.11 298.142 917.588 1262.95
element 3
  poly 0: 619.072 -590.521 1371.99 752.923 -406.291 1371.99 797.032 -438.338 1262.95 663.181 -622.568 1262.95 619.072 -590.521 1371.99
  poly 1: 520.441 -518.862 1371.99 654.292 -334.632 1371.99 698.401 -366.679 1262.95 564.55 -550.909 1262.95 520.441 -518.862 1371.99
  poly 2: 442.467 -1361.77 751.084 405.472 -1247.91 944.795 487.254 -1164.01 911.099 524.25 -1277.87 717.387 442.467 -1361.77 751.084
  poly 3: 326.989 -1341.97 717.387 289.993 -1228.11 911.099 371.776 -1144.21 877.403 408.771 -1258.07 683.691 326.989 -1341.97 717.387
  poly 4: 1026.38 -1247.91 -59.8601 869.667 -1361.77 59.8601 876.102 -1277.87 148.078 1032.82 -1164.01 28.3577 1026.38 -1247.91 -59.8601
  poly 5: 944.601 -1228.11 -148.078 787.885 -1341.97 -28.3577 794.32 -1258.07 59.8601 951.036 -1144.21 -59.8602 944.601 -1228.11 -148.078
  poly 6: 1563.87 -406.291 59.8601 1504.01 -590.521 -59.8602 1426.2 -622.568 28.3577 1486.06 -438.338 148.078 1563.87 -406.291 59.8601
  poly 7: 1519.76 -334.632 -28.3577 1459.9 -518.862 -148.078 1382.09 -550.909 -59.8602 1441.95 -366.679 59.8601 1519.76 -334.632 -28.3577
  poly 8: 1695.88 -5.56694e-06 323.884 1551.58 -5.56694e-06 557.372 1497.05 -103.706 523.676 1377.33 -103.706 717.387 1431.85 -5.56694e-06 751.084 1457.78 77.7797 800.57 1367.99 77.7797 945.853 1312.13 -5.56694e-06 944.795 1257.61 -103.706 911.099 1137.89 -103.706 1104.81 1192.41 -5.56694e-06 1138.51 1048.11 -5.56694e-06 1371.99 886.774 -222.06 1371.99 842.665 -190.013 1481.04 441.111 -742.705 1481.04 485.22 -774.752 1371.99 323.884 -996.812 1371.99 368.476 -1134.05 1138.51 286.694 -1217.95 1172.2 397.681 -1559.54 591.068 479.463 -1475.64 557.372 524.055 -1612.88 323.884 712.951 -1475.64 179.58 706.516 -1559.54 91.3626 1176.66 -1217.95 -267.798 1183.1 -1134.05 -179.58 1371.99 -996.812 -323.884 1444.15 -774.752 -179.58 1521.95 -742.705 -267.798 1701.53 -190.013 91.3625 1623.73 -222.06 179.58 1695.88 -5.56694e-06 323.884
  poly 9: 1561.09 -6.39513e-06 298.142 1442.53 -6.39513e-06 489.98 1441.99 -1.03707 489.643 1322.81 -6.39513e-06 683.691 1377.33 103.706 717.387 1403.26 181.486 766.873 1313.47 181.486 912.157 1257.61 103.706 911.099 1203.09 -6.39513e-06 877.403 1082.83 -1.03707 1070.78 1083.37 -6.39513e-06 1071.11 964.809 -6.39513e-06 1262.95 832.253 -182.448 1262.95 744.035 -118.354 1481.04 342.481 -671.046 1481.04 430.699 -735.14 1262.95 298.142 -917.588 1262.95 334.78 -1030.35 1071.11 171.215 -1198.15 1138.51 282.202 -1539.73 557.372 445.767 -1371.93 489.98 482.405 -1484.69 298.142 637.604 -1371.93 179.58 624.733 -1539.73 3.14476 1094.88 -1198.15 -356.016 1107.75 -1030.35 -179.58 1262.95 -917.588 -298.142 1322.23 -735.14 -179.58 1477.84 -671.046 -356.016 1657.42 -118.354 3.14472 1501.81 -182.448 179.58 1561.09 -6.39513e-06 298.142
element 4
  poly 0: 1061.54 -771.253 -944.795 1158.39 -841.623 -751.084 1175.24 -725.676 -717.387 1078.39 -655.306 -911.099 1061.54 -771.253 -944.795
  poly 1: 956.473 -823.106 -911.099 1053.33 -893.476 -717.387 1070.18 -777.529 -683.691 973.321 -707.159 -877.403 956.473 -823.106 -911.099
  poly 2: 847.939 113.861 -1371.99 847.939 -113.861 -1371.99 902.461 -113.861 -1262.95 902.461 113.861 -1262.95 847.939 113.861 -1371.99
  poly 3: 726.025 113.861 -1371.99 726.025 -113.861 -1371.99 780.547 -113.861 -1262.95 780.547 113.861 -1262.95 726.025 113.861 -1371.99
  poly 4: 1158.39 841.623 -751.084 1061.54 771.253 -944.795 1078.39 655.306 -911.099 1175.24 725.676 -717.387 1158.39 841.623 -751.084
  poly 5: 1053.33 893.476 -717.387 956.473 823.106 -911.099 973.321 707.159 -877.403 1070.18 777.529 -683.691 1053.33 893.476 -717.387
  poly 6: 1371.99 996.812 -323.884 1444.15 774.752 -179.58 1400.04 703.093 -267.798 1459.9 518.862 -148.078 1504.01 590.521 -59.8602 1544.57 621.237 21.2682 1589.47 483.064 111.058 1563.87 406.291 59.8601 1519.76 334.632 -28.3577 1579.62 150.401 91.3625 1623.73 222.06 179.58 1695.88 -5.56696e-06 323.884 1623.73 -222.06 179.58 1579.62 -150.401 91.3625 1519.76 -334.632 -28.3577 1563.87 -406.291 59.8601 1589.47 -483.064 111.058 1544.57 -621.237 21.2682 1504.01 -590.521 -59.8602 1459.9 -518.862 -148.078 1400.04 -703.093 -267.798 1444.15 -774.752 -179.58 1371.99 -996.812 -323.884 1255.25 -911.993 -557.372 1238.4 -1027.94 -591.068 947.835 -816.831 -1172.2 964.683 -700.884 -1138.51 847.939 -616.064 -1371.99 847.939 -341.582 -1371.99 793.418 -341.582 -1481.04 793.418 341.582 -1481.04 847.939 341.582 -1371.99 847.939 616.064 -1371.99 964.683 700.884 -1138.51 947.835 816.831 -1172.2 1238.4 1027.94 -591.068 1255.25 911.993 -557.372 1371.99 996.812 -323.884
  poly 7: 1262.95 917.588 -298.142 1322.23 735.14 -179.58 1321.79 734.423 -180.463 1382.09 550.909 -59.8602 1426.2 622.568 28.3577 1466.77 653.284 109.486 1511.66 515.111 199.276 1486.06 438.338 148.078 1441.95 366.679 59.8601 1501.37 181.732 178.698 1501.81 182.448 179.58 1561.09 -6.39516e-06 298.142 1501.81 -182.448 179.58 1501.37 -181.732 178.698 1441.95 -366.679 59.8601 1486.06 -438.338 148.078 1511.66 -515.111 199.276 1466.77 -653.284 109.486 1426.2 -622.568 28.3577 1382.09 -550.909 -59.8602 1321.79 -734.423 -180.463 1322.23 -735.14 -179.58 1262.95 -917.588 -298.142 1167.03 -847.899 -489.98 1133.34 -1079.79 -557.372 842.769 -868.684 -1138.51 876.466 -636.79 -1071.11 780.547 -567.101 -1262.95 780.547 -341.582 -1262.95 671.504 -341.582 -1481.04 671.504 341.582 -1481.04 780.547 341.582 -1262.95 780.547 567.101 -1262.95 876.466 636.79 -1071.11 842.769 868.684 -1138.51 1133.34 1079.79 -557.372 1167.03 847.899 -489.98 1262.95 917.588 -298.142
element 5
  poly 0: 153.74 -841.623 -1371.99 370.316 -771.253 -1371.99 332.642 -655.306 -1371.99 116.066 -725.676 -1371.99 153.74 -841.623 -1371.99
  poly 1: 170.588 -893.476 -1262.95 387.164 -823.106 -1262.95 349.49 -707.159 -1262.95 132.914 -777.529 -1262.95 170.588 -893.476 -1262.95
  poly 2: 370.316 771.253 -1371.99 153.74 841.623 -1371.99 116.066 725.676 -1371.99 332.642 655.306 -1371.99 370.316 771.253 -1371.99
  poly 3: 387.164 823.106 -1262.95 170.588 893.476 -1262.95 132.914 777.529 -1262.95 349.49 707.159 -1262.95 387.164 823.106 -1262.95
  poly 4: 847.939 616.064 -1371.99 847.939 341.582 -1371.99 726.025 341.582 -1371.99 726.025 113.861 -1371.99 847.939 113.861 -1371.99 939.375 85.3956 -1371.99 939.375 -85.3956 -1371.99 847.939 -113.861 -1371.99 726.025 -113.861 -1371.99 726.025 -341.582 -1371.99 847.939 -341.582 -1371.99 847.939 -616.064 -1371.99 586.892 -700.884 -1371.99 624.565 -816.831 -1371.99 -25.1628 -1027.94 -1371.99 -62.8363 -911.993 -1371.99 -323.884 -996.812 -1371.99 -485.22 -774.752 -1371.99 -386.59 -703.093 -1371.99 -520.441 -518.862 -1371.99 -619.072 -590.521 -1371.99 -709.776 -621.237 -1371.99 -810.164 -483.064 -1371.99 -752.923 -406.291 -1371.99 -654.292 -334.632 -1371.99 -788.144 -150.401 -1371.99 -886.774 -222.06 -1371.99 -1048.11 -5.56691e-06 -1371.99 -886.774 222.06 -1371.99 -788.144 150.401 -1371.99 -654.292 334.632 -1371.99 -752.923 406.291 -1371.99 -810.164 483.064 -1371.99 -709.776 621.237 -1371.99 -619.072 590.521 -1371.99 -520.441 518.862 -1371.99 -386.59 703.093 -1371.99 -485.22 774.752 -1371.99 -323.884 996.812 -1371.99 -62.8364 911.993 -1371.99 -25.1629 1027.94 -1371.99 624.565 816.831 -1371.99 586.892 700.884 -1371.99 847.939 616.064 -1371.99
  poly 5: 780.547 567.101 -1262.95 780.547 341.582 -1262.95 779.328 341.582 -1262.95 780.547 113.861 -1262.95 902.461 113.861 -1262.95 993.896 85.3956 -1262.95 993.896 -85.3956 -1262.95 902.461 -113.861 -1262.95 780.547 -113.861 -1262.95 779.328 -341.582 -1262.95 780.547 -341.582 -1262.95 780.547 -567.101 -1262.95 566.066 -636.79 -1262.95 641.413 -868.684 -1262.95 -8.31472 -1079.79 -1262.95 -83.6617 -847.899 -1262.95 -298.142 -917.588 -1262.95 -430.699 -735.14 -1262.95 -429.712 -734.423 -1262.95 -564.55 -550.909 -1262.95 -663.181 -622.568 -1262.95 -753.885 -653.284 -1262.95 -854.273 -515.111 -1262.95 -797.032 -438.338 -1262.95 -698.401 -366.679 -1262.95 -831.266 -181.732 -1262.95 -832.253 -182.448 -1262.95 -964.809 -5.27211e-06 -1262.95 -832.253 182.448 -1262.95 -831.266 181.732 -1262.95 -698.401 366.679 -1262.95 -797.032 438.338 -1262.95 -854.273 515.111 -1262.95 -753.885 653.284 -1262.95 -663.181 622.568 -1262.95 -564.55 550.909 -1262.95 -429.712 734.423 -1262.95 -430.699 735.14 -1262.95 -298.142 917.588 -1262.95 -83.6618 847.899 -1262.95 -8.31476 1079.79 -1262.95 641.413 868.684 -1262.95 566.066 636.79 -1262.95 780.547 567.101 -1262.95
element 6
  poly 0: -153.74 -841.623 1371.99 -370.316 -771.253 1371.99 -332.642 -655.306 1371.99 -116.066 -725.676 1371.99 -153.74 -841.623 1371.99
  poly 1: -170.588 -893.476 1262.95 -387.164 -823.106 1262.95 -349.49 -707.159 1262.95 -132.914 -777.529 1262.95 -170.588 -893.476 1262.95
  poly 2: -370.316 771.253 1371.99 -153.74 841.623 1371.99 -116.066 725.676 1371.99 -332.642 655.306 1371.99 -370.316 771.253 1371.99
  poly 3: -387.164 823.106 1262.95 -170.588 893.476 1262.95 -132.914 777.529 1262.95 -349.49 707.159 1262.95 -387.164 823.106 1262.95
  poly 4: -847.939 -113.861 1371.99 -847.939 113.861 1371.99 -726.025 113.861 1371.99 -726.025 -113.861 1371.99 -847.939 -113.861 1371.99
  poly 5: -902.461 -113.861 1262.95 -902.461 113.861 1262.95 -780.547 113.861 1262.95 -780.547 -113.861 1262.95 -902.461 -113.861 1262.95
  poly 6: -847.939 -616.064 1371.99 -586.892 -700.884 1371.99 -624.565 -816.831 1371.99 25.1629 -1027.94 1371.99 62.8364 -911.993 1371.99 323.884 -996.812 1371.99 485.22 -774.752 1371.99 386.59 -703.093 1371.99 520.441 -518.862 1371.99 619.072 -590.521 1371.99 709.776 -621.237 1371.99 810.164 -483.064 1371.99 752.923 -406.291 1371.99 654.292 -334.632 1371.99 788.144 -150.401 1371.99 886.774 -222.06 1371.99 1048.11 -5.56696e-06 1371.99 886.774 222.06 1371.99 788.144 150.401 1371.99 654.292 334.632 1371.99 752.923 406.291 1371.99 810.164 483.064 1371.99 709.776 621.237 1371.99 619.072 590.521 1371.99 520.441 518.862 1371.99 386.59 703.093 1371.99 485.22 774.752 1371.99 323.884 996.812 1371.99 62.8364 911.993 1371.99 25.1629 1027.94 1371.99 -624.565 816.831 1371.99 -586.892 700.884 1371.99 -847.939 616.064 1371.99 -847.939 341.582 1371.99 -969.853 341.582 1371.99 -969.853 -341.582 1371.99 -847.939 -341.582 1371.99 -847.939 -616.064 1371.99
  poly 7: -780.547 -567.101 1262.95 -566.066 -636.79 1262.95 -641.413 -868.684 1262.95 8.31475 -1079.79 1262.95 83.6618 -847.899 1262.95 298.142 -917.588 1262.95 430.699 -735.14 1262.95 429.712 -734.423 1262.95 564.55 -550.909 1262.95 663.181 -622.568 1262.95 753.885 -653.284 1262.95 854.273 -515.111 1262.95 797.032 -438.338 1262.95 698.401 -366.679 1262.95 831.266 -181.732 1262.95 832.253 -182.448 1262.95 964.809 -6.39515e-06 1262.95 832.253 182.448 1262.95 831.266 181.732 1262.95 698.401 366.679 1262.95 797.032 438.338 1262.95 854.273 515.111 1262.95 753.885 653.284 1262.95 663.181 622.568 1262.95 564.55 550.909 1262.95 429.712 734.423 1262.95 430.699 735.14 1262.95 298.142 917.588 1262.95 83.6618 847.899 1262.95 8.31475 1079.79 1262.95 -641.413 868.684 1262.95 -566.066 636.79 1262.95 -780.547 567.101 1262.95 -780.547 341.582 1262.95 -1024.37 341.582 1262.95 -1024.37 -341.582 1262.95 -780.547 -341.582 1262.95 -780.547 -567.101 1262.95
element 7
  poly 0: -1061.54 -771.253 944.795 -1158.39 -841.623 751.084 -1175.24 -725.676 717.387 -1078.39 -655.306 911.099 -1061.54 -771.253 944.795
  poly 1: -956.473 -823.106 911.099 -1053.33 -893.476 717.387 -1070.18 -777.529 683.691 -973.321 -707.159 877.403 -956.473 -823.106 911.099
  poly 2: -1158.39 841.623 751.084 -1061.54 771.253 944.795 -1078.39 655.306 911.099 -1175.24 725.676 717.387 -1158.39 841.623 751.084
  poly 3: -1053.33 893.476 717.387 -956.473 823.106 911.099 -973.321 707.159 877.403 -1070.18 777.529 683.691 -1053.33 893.476 717.387
  poly 4: -1371.99 -996.812 323.884 -1255.25 -911.993 557.372 -1238.4 -1027.94 591.068 -947.835 -816.831 1172.2 -964.683 -700.884 1138.51 -847.939 -616.064 1371.99 -847.939 -341.582 1371.99 -902.461 -341.582 1262.95 -902.461 -113.861 1262.95 -847.939 -113.861 1371.99 -807.048 -85.3956 1453.78 -807.048 85.3956 1453.78 -847.939 113.861 1371.99 -902.461 113.861 1262.95 -902.461 341.582 1262.95 -847.939 341.582 1371.99 -847.939 616.064 1371.99 -964.683 700.884 1138.51 -947.835 816.831 1172.2 -1238.4 1027.94 591.068 -1255.25 911.993 557.372 -1371.99 996.812 323.884 -1444.15 774.752 179.58 -1400.04 703.093 267.798 -1459.9 518.862 148.078 -1504.01 590.521 59.8602 -1544.57 621.237 -21.2682 -1589.47 483.064 -111.058 -1563.87 406.291 -59.8601 -1519.76 334.632 28.3577 -1579.62 150.401 -91.3625 -1623.73 222.06 -179.58 -1695.88 -5.56694e-06 -323.884 -1623.73 -222.06 -179.58 -1579.62 -150.401 -91.3625 -1519.76 -334.632 28.3577 -1563.87 -406.291 -59.8601 -1589.47 -483.064 -111.058 -1544.57 -621.237 -21.2682 -1504.01 -590.522 59.8602 -1459.9 -518.862 148.078 -1400.04 -703.093 267.798 -1444.15 -774.752 179.58 -1371.99 -996.812 323.884
  poly 5: -1262.95 -917.588 298.142 -1167.03 -847.899 489.98 -1133.34 -1079.79 557.372 -842.769 -868.684 1138.51 -876.466 -636.79 1071.11 -780.547 -567.101 1262.95 -780.547 -341.582 1262.95 -781.092 -341.582 1261.86 -780.547 -113.861 1262.95 -726.025 -113.861 1371.99 -685.134 -85.3956 1453.78 -685.134 85.3956 1453.78 -726.025 113.861 1371.99 -780.547 113.861 1262.95 -781.092 341.582 1261.86 -780.547 341.582 1262.95 -780.547 567.101 1262.95 -876.466 636.79 1071.11 -842.769 868.684 1138.51 -1133.34 1079.79 557.372 -1167.03 847.899 489.98 -1262.95 917.588 298.142 -1322.23 735.14 179.58 -1321.79 734.423 180.463 -1382.09 550.909 59.8602 -1426.2 622.568 -28.3576 -1466.77 653.284 -109.486 -1511.66 515.111 -199.276 -1486.06 438.338 -148.078 -1441.95 366.679 -59.8601 -1501.37 181.732 -178.698 -1501.81 182.448 -179.58 -1561.09 -5.27208e-06 -298.142 -1501.81 -182.448 -179.58 -1501.37 -181.732 -178.698 -1441.95 -366.679 -59.8601 -1486.06 -438.338 -148.078 -1511.66 -515.111 -199.276 -1466.77 -653.284 -109.486 -1426.2 -622.568 -28.3576 -1382.09 -550.909 59.8602 -1321.79 -734.423 180.463 -1322.23 -735.14 179.58 -1262.95 -917.588 298.142
element 8
  poly 0: 96.8558 -1612.88 59.8601 -96.8557 -1612.88 -59.8601 -151.377 -1548.78 28.3577 42.3341 -1548.78 148.078 96.8558 -1612.88 59.8601
  poly 1: 151.377 -1548.78 -28.3577 -42.3341 -1548.78 -148.078 -96.8557 -1484.69 -59.8601 96.8558 -1484.69 59.8601 151.377 -1548.78 -28.3577
  poly 2: -524.055 -1612.88 -323.884 -290.567 -1612.88 -179.58 -236.046 -1676.97 -267.798 345.089 -1676.97 91.3626 290.567 -1612.88 179.58 524.055 -1612.88 323.884 479.463 -1475.64 557.372 363.984 -1455.83 523.676 326.989 -1341.97 717.387 442.467 -1361.77 751.084 524.452 -1362.4 800.57 496.705 -1277 945.853 405.472 -1247.91 944.795 289.993 -1228.11 911.099 252.998 -1114.25 1104.81 368.476 -1134.05 1138.51 323.884 -996.812 1371.99 62.8364 -911.993 1371.99 45.9883 -963.846 1262.95 -170.588 -893.476 1262.95 -153.74 -841.623 1371.99 -168.176 -793.937 1453.78 -330.608 -741.16 1453.78 -370.316 -771.253 1371.99 -387.164 -823.106 1262.95 -603.74 -752.737 1262.95 -586.892 -700.884 1371.99 -847.939 -616.064 1371.99 -964.683 -700.884 1138.51 -859.617 -752.737 1104.81 -956.473 -823.106 911.099 -1061.54 -771.253 944.795 -1152.45 -741.16 945.853 -1225.09 -793.937 800.57 -1158.39 -841.623 751.084 -1053.33 -893.476 717.387 -1150.18 -963.846 523.676 -1255.25 -911.993 557.372 -1371.99 -996.812 323.884 -1183.1 -1134.05 179.58 -1101.32 -1114.25 267.798 -944.6 -1228.11 148.078 -1026.38 -1247.91 59.8601 -1068.13 -1277 -21.2683 -950.593 -1362.4 -111.058 -869.667 -1361.77 -59.8601 -787.885 -1341.97 28.3577 -631.169 -1455.83 -91.3626 -712.951 -1475.64 -179.58 -524.055 -1612.88 -323.884
  poly 3: -482.405 -1484.69 -298.142 -290.567 -1484.69 -179.58 -181.524 -1612.88 -356.016 399.61 -1612.88 3.14475 290.567 -1484.69 179.58 482.405 -1484.69 298.142 445.767 -1371.93 489.98 444.612 -1371.73 489.643 408.771 -1258.07 683.691 524.25 -1277.87 717.387 606.234 -1278.5 766.873 578.488 -1193.1 912.157 487.254 -1164.01 911.099 371.776 -1144.21 877.403 333.625 -1030.15 1070.78 334.78 -1030.35 1071.11 298.142 -917.588 1262.95 83.6618 -847.899 1262.95 83.4933 -848.417 1261.86 -132.914 -777.529 1262.95 -116.066 -725.676 1371.99 -130.502 -677.99 1453.78 -292.934 -625.213 1453.78 -332.642 -655.306 1371.99 -349.49 -707.159 1262.95 -566.235 -637.308 1261.86 -566.066 -636.79 1262.95 -780.547 -567.101 1262.95 -876.466 -636.79 1071.11 -875.415 -637.308 1070.78 -973.321 -707.159 877.403 -1078.39 -655.306 911.099 -1169.29 -625.213 912.157 -1241.94 -677.99 766.874 -1175.24 -725.676 717.387 -1070.18 -777.529 683.691 -1165.98 -848.417 489.643 -1167.03 -847.899 489.98 -1262.95 -917.588 298.142 -1107.75 -1030.35 179.58 -1106.93 -1030.15 180.463 -951.036 -1144.21 59.8601 -1032.82 -1164.01 -28.3577 -1074.57 -1193.1 -109.486 -957.029 -1278.5 -199.276 -876.102 -1277.87 -148.078 -794.32 -1258.07 -59.8601 -636.786 -1371.73 -178.698 -637.604 -1371.93 -179.58 -482.405 -1484.69 -298.142
element 9
  poly 0: 847.939 -616.064 -1371.99 964.683 -700.884 -1138.51 859.617 -752.737 -1104.81 956.473 -823.106 -911.099 1061.54 -771.253 -944.795 1152.45 -741.16 -945.853 1225.09 -793.937 -800.57 1158.39 -841.623 -751.084 1053.33 -893.476 -717.387 1150.18 -963.846 -523.676 1255.25 -911.993 -557.372 1371.99 -996.812 -323.884 1183.1 -1134.05 -179.58 1101.32 -1114.25 -267.798 944.601 -1228.11 -148.078 1026.38 -1247.91 -59.8601 1068.13 -1277 21.2683 950.593 -1362.4 111.058 869.667 -1361.77 59.8601 787.885 -1341.97 -28.3577 631.169 -1455.83 91.3626 712.951 -1475.64 179.58 524.055 -1612.88 323.884 290.567 -1612.88 179.58 345.089 -1548.78 91.3626 151.377 -1548.78 -28.3577 96.8558 -1612.88 59.8601 31.7506 -1660.95 111.058 -113.533 -1660.95 21.2683 -96.8557 -1612.88 -59.8601 -42.3341 -1548.78 -148.078 -236.046 -1548.78 -267.798 -290.567 -1612.88 -179.58 -524.055 -1612.88 -323.884 -479.463 -1475.64 -557.372 -363.984 -1455.83 -523.676 -326.989 -1341.97 -717.387 -442.467 -1361.77 -751.084 -524.452 -1362.4 -800.57 -496.705 -1277 -945.853 -405.472 -1247.91 -944.795 -289.993 -1228.11 -911.099 -252.998 -1114.25 -1104.81 -368.476 -1134.05 -1138.51 -323.884 -996.812 -1371.99 -62.8363 -911.993 -1371.99 -45.9882 -963.846 -1262.95 170.588 -893.476 -1262.95 153.74 -841.623 -1371.99 168.176 -793.937 -1453.78 330.608 -741.16 -1453.78 370.316 -771.253 -1371.99 387.164 -823.106 -1262.95 603.74 -752.737 -1262.95 586.892 -700.884 -1371.99 847.939 -616.064 -1371.99
  poly 1: 780.547 -567.101 -1262.95 876.466 -636.79 -1071.11 875.415 -637.308 -1070.78 973.321 -707.159 -877.403 1078.39 -655.306 -911.099 1169.29 -625.213 -912.157 1241.94 -677.99 -766.873 1175.24 -725.676 -717.387 1070.18 -777.529 -683.691 1165.98 -848.417 -489.643 1167.03 -847.899 -489.98 1262.95 -917.588 -298.142 1107.75 -1030.35 -179.58 1106.93 -1030.15 -180.463 951.036 -1144.21 -59.8602 1032.82 -1164.01 28.3577 1074.57 -1193.1 109.486 957.029 -1278.5 199.276 876.102 -1277.87 148.078 794.32 -1258.07 59.8601 636.786 -1371.73 178.698 637.604 -1371.93 179.58 482.405 -1484.69 298.142 290.567 -1484.69 179.58 291.112 -1484.05 178.698 96.8558 -1484.69 59.8601 42.3341 -1548.78 148.078 -22.771 -1596.85 199.276 -168.055 -1596.85 109.486 -151.377 -1548.78 28.3577 -96.8557 -1484.69 -59.8601 -290.022 -1484.05 -180.463 -290.567 -1484.69 -179.58 -482.405 -1484.69 -298.142 -445.767 -1371.93 -489.98 -444.612 -1371.73 -489.643 -408.771 -1258.07 -683.691 -524.25 -1277.87 -717.387 -606.234 -1278.5 -766.873 -578.488 -1193.1 -912.157 -487.254 -1164.01 -911.099 -371.776 -1144.21 -877.403 -333.625 -1030.15 -1070.78 -334.78 -1030.35 -1071.11 -298.142 -917.588 -1262.95 -83.6617 -847.899 -1262.95 -83.4932 -848.417 -1261.86 132.914 -777.529 -1262.95 116.066 -725.676 -1371.99 130.502 -677.99 -1453.78 292.934 -625.213 -1453.78 332.642 -655.306 -1371.99 349.49 -707.159 -1262.95 566.235 -637.308 -1261.86 566.066 -636.79 -1262.95 780.547 -567.101 -1262.95
element 10
  poly 0: -96.8557 1612.88 -59.8601 96.8557 1612.88 59.8601 42.3341 1548.78 148.078 -151.377 1548.78 28.3577 -96.8557 1612.88 -59.8601
  poly 1: -42.3341 1548.78 -148.078 151.377 1548.78 -28.3577 96.8557 1484.69 59.8601 -96.8557 1484.69 -59.8601 -42.3341 1548.78 -148.078
  poly 2: -847.939 616.064 1371.99 -586.892 700.884 1371.99 -603.74 752.737 1262.95 -387.164 823.106 1262.95 -370.316 771.253 1371.99 -330.608 741.16 1453.78 -168.176 793.937 1453.78 -153.74 841.623 1371.99 -170.588 893.476 1262.95 45.9883 963.846 1262.95 62.8364 911.993 1371.99 323.884 996.812 1371.99 368.476 1134.05 1138.51 252.998 1114.25 1104.81 289.993 1228.11 911.099 405.472 1247.91 944.795 496.705 1277 945.853 524.452 1362.4 800.57 442.467 1361.77 751.084 326.989 1341.97 717.387 363.984 1455.83 523.676 479.463 1475.64 557.372 524.055 1612.88 323.884 290.567 1612.88 179.58 345.089 1676.97 91.3626 -236.046 1676.97 -267.798 -290.567 1612.88 -179.58 -524.055 1612.88 -323.884 -712.951 1475.64 -179.58 -631.169 1455.83 -91.3626 -787.885 1341.97 28.3577 -869.667 1361.77 -59.8601 -950.593 1362.4 -111.058 -1068.13 1277 -21.2683 -1026.38 1247.91 59.8602 -944.601 1228.11 148.078 -1101.32 1114.25 267.798 -1183.1 1134.05 179.58 -1371.99 996.812 323.884 -1255.25 911.993 557.372 -1150.18 963.846 523.676 -1053.33 893.476 717.387 -1158.39 841.623 751.084 -1225.09 793.937 800.57 -1152.45 741.16 945.853 -1061.54 771.253 944.795 -956.473 823.106 911.099 -859.617 752.737 1104.81 -964.683 700.884 1138.51 -847.939 616.064 1371.99
  poly 3: -780.547 567.101 1262.95 -566.066 636.79 1262.95 -566.235 637.308 1261.86 -349.49 707.159 1262.95 -332.642 655.306 1371.99 -292.934 625.213 1453.78 -130.502 677.99 1453.78 -116.066 725.676 1371.99 -132.914 777.529 1262.95 83.4933 848.417 1261.86 83.6618 847.899 1262.95 298.142 917.588 1262.95 334.78 1030.35 1071.11 333.625 1030.15 1070.78 371.776 1144.21 877.403 487.254 1164.01 911.099 578.488 1193.1 912.157 606.234 1278.5 766.873 524.25 1277.87 717.387 408.771 1258.07 683.691 444.612 1371.73 489.643 445.767 1371.93 489.98 482.405 1484.69 298.142 290.567 1484.69 179.58 399.61 1612.88 3.14473 -181.524 1612.88 -356.016 -290.567 1484.69 -179.58 -482.405 1484.69 -298.142 -637.604 1371.93 -179.58 -636.786 1371.73 -178.698 -794.32 1258.07 -59.8601 -876.102 1277.87 -148.078 -957.029 1278.5 -199.276 -1074.57 1193.1 -109.486 -1032.82 1164.01 -28.3577 -951.036 1144.21 59.8602 -1106.93 1030.15 180.463 -1107.75 1030.35 179.58 -1262.95 917.588 298.142 -1167.03 847.899 489.98 -1165.98 848.417 489.643 -1070.18 777.529 683.691 -1175.24 725.676 717.387 -1241.94 677.99 766.873 -1169.29 625.213 912.157 -1078.39 655.306 911.099 -973.321 707.159 877.403 -875.415 637.308 1070.78 -876.466 636.79 1071.11 -780.547 567.101 1262.95
element 11
  poly 0: -524.055 1612.88 -323.884 -290.567 1612.88 -179.58 -236.046 1548.78 -267.798 -42.3341 1548.78 -148.078 -96.8557 1612.88 -59.8601 -113.533 1660.95 21.2683 31.7506 1660.95 111.058 96.8557 1612.88 59.8601 151.377 1548.78 -28.3577 345.089 1548.78 91.3626 290.567 1612.88 179.58 524.055 1612.88 323.884 712.951 1475.64 179.58 631.169 1455.83 91.3626 787.885 1341.97 -28.3577 869.667 1361.77 59.8601 950.593 1362.4 111.058 1068.13 1277 21.2683 1026.38 1247.91 -59.8601 944.601 1228.11 -148.078 1101.32 1114.25 -267.798 1183.1 1134.05 -179.58 1371.99 996.812 -323.884 1255.25 911.993 -557.372 1150.18 963.846 -523.676 1053.33 893.476 -717.387 1158.39 841.623 -751.084 1225.09 793.937 -800.57 1152.45 741.16 -945.853 1061.54 771.253 -944.795 956.473 823.106 -911.099 859.617 752.737 -1104.81 964.683 700.884 -1138.51 847.939 616.064 -1371.99 586.892 700.884 -1371.99 603.74 752.737 -1262.95 387.164 823.106 -1262.95 370.316 771.253 -1371.99 330.608 741.16 -1453.78 168.176 793.937 -1453.78 153.74 841.623 -1371.99 170.588 893.476 -1262.95 -45.9883 963.846 -1262.95 -62.8364 911.993 -1371.99 -323.884 996.812 -1371.99 -368.476 1134.05 -1138.51 -252.998 1114.25 -1104.81 -289.993 1228.11 -911.099 -405.472 1247.91 -944.795 -496.705 1277 -945.853 -524.452 1362.4 -800.57 -442.467 1361.77 -751.084 -326.989 1341.97 -717.387 -363.984 1455.83 -523.676 -479.463 1475.64 -557.372 -524.055 1612.88 -323.884
  poly 1: -482.405 1484.69 -298.142 -290.567 1484.69 -179.58 -290.022 1484.05 -180.463 -96.8557 1484.69 -59.8601 -151.377 1548.78 28.3577 -168.055 1596.85 109.486 -22.771 1596.85 199.276 42.3341 1548.78 148.078 96.8557 1484.69 59.8601 291.112 1484.05 178.698 290.567 1484.69 179.58 482.405 1484.69 298.142 637.604 1371.93 179.58 636.786 1371.73 178.698 794.32 1258.07 59.8601 876.102 1277.87 148.078 957.029 1278.5 199.276 1074.57 1193.1 109.486 1032.82 1164.01 28.3577 951.036 1144.21 -59.8601 1106.93 1030.15 -180.463 1107.75 1030.35 -179.58 1262.95 917.588 -298.142 1167.03 847.899 -489.98 1165.98 848.417 -489.643 1070.18 777.529 -683.691 1175.24 725.676 -717.387 1241.94 677.99 -766.874 1169.29 625.213 -912.157 1078.39 655.306 -911.099 973.321 707.159 -877.403 875.415 637.308 -1070.78 876.466 636.79 -1071.11 780.547 567.101 -1262.95 566.066 636.79 -1262.95 566.235 637.308 -1261.86 349.49 707.159 -1262.95 332.642 655.306 -1371.99 292.934 625.213 -1453.78 130.502 677.99 -1453.78 116.066 725.676 -1371.99 132.914 777.529 -1262.95 -83.4933 848.417 -1261.86 -83.6618 847.899 -1262.95 -298.142 917.588 -1262.95 -334.78 1030.35 -1071.11 -333.625 1030.15 -1070.78 -371.776 1144.21 -877.403 -487.254 1164.01 -911.099 -578.488 1193.1 -912.157 -606.234 1278.5 -766.873 -524.25 1277.87 -717.387 -408.771 1258.07 -683.691 -444.612 1371.73 -489.643 -445.767 1371.93 -489.98 -482.405 1484.69 -298.142
