element 0
  poly 0: 3.38223e-13 430.921 661.869 -5.65597e-13 661.869 430.921 46.395 638.671 407.724 46.395 407.724 638.671 3.38223e-13 430.921 661.869
  poly 1: -46.395 407.724 638.671 -46.395 638.671 407.724 3.20028e-12 615.474 384.526 4.1041e-12 384.526 615.474 -46.395 407.724 638.671
  poly 2: 661.869 -1.23302e-13 430.921 430.921 -1.04072e-13 661.869 407.724 46.395 638.671 638.671 46.395 407.724 661.869 -1.23302e-13 430.921
  poly 3: 638.671 -46.395 407.724 407.724 -46.395 638.671 384.526 -3.88289e-13 615.474 615.474 -4.07519e-13 384.526 638.671 -46.395 407.724
  poly 4: 430.921 661.869 -2.86759e-13 661.869 430.921 5.93851e-14 638.671 407.724 46.395 407.724 638.671 46.395 430.921 661.869 -2.86759e-13
  poly 5: 407.724 638.671 -46.395 638.671 407.724 -46.395 615.474 384.526 -1.03485e-12 384.526 615.474 -1.38099e-12 407.724 638.671 -46.395
  poly 6: -4.58118e-06 1092.79 1.44374e-05 -1.46942e-12 892.816 199.974 -46.395 916.013 223.172 -46.395 223.172 916.013 1.24204e-12 199.974 892.816 -3.09587e-06 4.00764e-06 1092.79 199.974 -8.48415e-14 892.816 223.172 -46.395 916.013 916.013 -46.395 223.172 892.816 -1.42532e-13 199.974 1092.79 2.41015e-05 1.44374e-05 892.816 199.974 4.05529e-13 916.013 223.172 -46.395 223.172 916.013 -46.395 199.974 892.816 -6.32903e-13 -4.58118e-06 1092.79 1.44374e-05
  poly 7: 3.08852e-07 1000 -7.8789e-06 2.29646e-12 846.421 153.579 -92.79 892.816 199.974 -92.79 199.974 892.816 5.00792e-12 153.579 846.421 -4.94681e-07 6.60882e-06 1000 153.579 -3.69059e-13 846.421 199.974 -92.79 892.816 892.816 -92.79 199.974 846.421 -4.26749e-13 153.579 1000 7.41236e-06 -7.8789e-06 846.421 153.579 -6.88707e-13 892.816 199.974 -92.79 199.974 892.816 -92.79 153.579 846.421 -1.72714e-12 3.08852e-07 1000 -7.8789e-06
element 1
  poly 0: 430.921 2.71765e-13 -661.869 661.869 -6.12825e-13 -430.921 638.671 46.395 -407.724 407.724 46.395 -638.671 430.921 2.71765e-13 -661.869
  poly 1: 407.724 -46.395 -638.671 638.671 -46.395 -407.724 615.474 3.18147e-12 -384.526 384.526 4.06606e-12 -615.474 407.724 -46.395 -638.671
  poly 2: -1.23302e-13 661.869 -430.921 -1.04072e-13 430.921 -661.869 46.395 407.724 -638.671 46.395 638.671 -407.724 -1.23302e-13 661.869 -430.921
  poly 3: -46.395 638.671 -407.724 -46.395 407.724 -638.671 -1.89337e-13 384.526 -615.474 -2.08567e-13 615.474 -384.526 -46.395 638.671 -407.724
  poly 4: 1092.79 -4.58118e-06 7.05251e-13 892.816 -1.49742e-12 -199.974 916.013 -46.395 -223.172 223.172 -46.395 -916.013 199.974 1.15635e-12 -892.816 4.00764e-06 -3.09587e-06 -1092.79 -8.48415e-14 199.974 -892.816 -46.395 223.172 -916.013 -46.395 916.013 -223.172 -1.42532e-13 892.816 -199.974 2.41015e-05 1092.79 -9.32624e-13 199.974 892.816 -6.32903e-13 176.777 869.618 -46.395 407.724 638.671 -46.395 430.921 661.869 -2.86759e-13 477.188 650.398 34.7963 650.398 477.188 34.7963 661.869 430.921 5.93851e-14 638.671 407.724 -46.395 869.618 176.777 -46.395 892.816 199.974 4.05529e-13 1092.79 -4.58118e-06 7.05251e-13
  poly 5: 1000 -1.85388e-06 -4.58522e-13 846.421 2.29688e-12 -153.579 892.816 -92.79 -199.974 199.974 -92.79 -892.816 153.579 4.95065e-12 -846.421 6.60882e-06 -4.94681e-07 -1000 -1.70107e-13 153.579 -846.421 -92.79 199.974 -892.816 -92.79 892.816 -199.974 -2.27797e-13 846.421 -153.579 7.41236e-06 1000 -1.95732e-12 153.579 846.421 -1.72714e-12 153.347 846.189 -0.46395 384.526 615.474 -1.38099e-12 407.724 638.671 46.395 453.99 627.201 81.1913 627.201 453.99 81.1913 638.671 407.724 46.395 615.474 384.526 -1.03485e-12 846.189 153.347 -0.46395 846.421 153.579 -6.88707e-13 1000 -1.85388e-06 -4.58522e-13
element 2
  poly 0: -6.32055e-13 -661.869 430.921 2.90995e-13 -430.921 661.869 46.395 -407.724 638.671 46.395 -638.671 407.724 -6.32055e-13 -661.869 430.921
  poly 1: -46.395 -638.671 407.724 -46.395 -407.724 638.671 -1.17272e-12 -384.526 615.474 -2.09577e-12 -615.474 384.526 -46.395 -638.671 407.724
  poly 2: 661.869 -430.921 -1.76045e-12 430.921 -661.869 -1.99121e-12 407.724 -638.671 46.395 638.671 -407.724 46.395 661.869 -430.921 -1.76045e-12
  poly 3: 638.671 -407.724 -46.395 407.724 -638.671 -46.395 384.526 -615.474 -1.59053e-14 615.474 -384.526 2.14857e-13 638.671 -407.724 -46.395
  poly 4: -3.09587e-06 -6.81903e-14 1092.79 1.21405e-12 -199.974 892.816 -46.395 -223.172 916.013 -46.395 -916.013 223.172 -1.55511e-12 -892.816 199.974 -4.58118e-06 -1092.79 1.44374e-05 199.974 -892.816 -2.22198e-12 223.172 -916.013 -46.395 916.013 -223.172 -46.395 892.816 -199.974 -1.52969e-12 1092.79 -1.59183e-13 1.44374e-05 892.816 -1.42532e-13 199.974 869.618 -46.395 176.777 638.671 -46.395 407.724 661.869 -1.23302e-13 430.921 650.398 34.7963 477.188 477.188 34.7963 650.398 430.921 -1.04072e-13 661.869 407.724 -46.395 638.671 176.777 -46.395 869.618 199.974 -8.48415e-14 892.816 -3.09587e-06 -6.81903e-14 1092.79
  poly 5: 1.66805e-06 -3.56271e-13 1000 -2.49673e-13 -153.579 846.421 -92.79 -199.974 892.816 -92.79 -892.816 199.974 -3.01882e-12 -846.421 153.579 3.08852e-07 -1000 -7.8789e-06 153.579 -846.421 -2.46668e-13 199.974 -892.816 -92.79 892.816 -199.974 -92.79 846.421 -153.579 4.4562e-13 1000 -4.39537e-13 -7.8789e-06 846.421 -4.26749e-13 153.579 846.189 -0.46395 153.347 615.474 -4.07519e-13 384.526 638.671 46.395 407.724 627.201 81.1913 453.99 453.99 81.1913 627.201 407.724 46.395 638.671 384.526 -3.88289e-13 615.474 153.347 -0.46395 846.189 153.579 -3.69059e-13 846.421 1.66805e-06 -3.56271e-13 1000
element 3
  poly 0: -4.04682e-13 -430.921 -661.869 5.18369e-13 -661.869 -430.921 46.395 -638.671 -407.724 46.395 -407.724 -638.671 -4.04682e-13 -430.921 -661.869
  poly 1: -46.395 -407.724 -638.671 -46.395 -638.671 -407.724 -3.38962e-12 -615.474 -384.526 -4.31267e-12 -384.526 -615.474 -46.395 -407.724 -638.671
  poly 2: 1092.79 -3.25713e-11 -1.32987e-12 892.816 -199.974 -1.52969e-12 869.618 -176.777 -46.395 638.671 -407.724 -46.395 661.869 -430.921 -1.76045e-12 650.398 -477.188 34.7963 477.188 -650.398 34.7963 430.921 -661.869 -1.99121e-12 407.724 -638.671 -46.395 176.777 -869.618 -46.395 199.974 -892.816 -2.22198e-12 6.72272e-06 -1092.79 -2.42179e-12 1.44142e-12 -892.816 -199.974 -46.395 -916.013 -223.172 -46.395 -223.172 -916.013 -1.32773e-12 -199.974 -892.816 1.44374e-05 1.92231e-12 -1092.79 199.974 1.15635e-12 -892.816 176.777 -46.395 -869.618 407.724 -46.395 -638.671 430.921 2.71765e-13 -661.869 477.188 34.7963 -650.398 650.398 34.7963 -477.188 661.869 -6.12825e-13 -430.921 638.671 -46.395 -407.724 869.618 -46.395 -176.777 892.816 -1.49742e-12 -199.974 1092.79 -3.25713e-11 -1.32987e-12
  poly 3: 1000 -2.67733e-11 5.99076e-13 846.421 -153.579 4.4562e-13 846.189 -153.347 -0.46395 615.474 -384.526 2.14857e-13 638.671 -407.724 46.395 627.201 -453.99 81.1913 453.99 -627.201 81.1913 407.724 -638.671 46.395 384.526 -615.474 -1.59053e-14 153.347 -846.189 -0.46395 153.579 -846.421 -2.46668e-13 -1.49385e-05 -1000 -4.00124e-13 -2.46657e-12 -846.421 -153.579 -92.79 -892.816 -199.974 -92.79 -199.974 -892.816 -5.23572e-12 -153.579 -846.421 -7.8789e-06 5.5389e-12 -1000 153.579 4.95065e-12 -846.421 153.347 -0.46395 -846.189 384.526 4.06606e-12 -615.474 407.724 46.395 -638.671 453.99 81.1913 -627.201 627.201 81.1913 -453.99 638.671 46.395 -407.724 615.474 3.18147e-12 -384.526 846.189 -0.46395 -153.347 846.421 2.29688e-12 -153.579 1000 -2.67733e-11 5.99076e-13
element 4
  poly 0: -661.869 430.921 1.707e-12 -430.921 661.869 1.47623e-12 -407.724 638.671 46.395 -638.671 407.724 46.395 -661.869 430.921 1.707e-12
  poly 1: -638.671 407.724 -46.395 -407.724 638.671 -46.395 -384.526 615.474 8.65168e-13 -615.474 384.526 1.09593e-12 -638.671 407.724 -46.395
  poly 2: -430.921 -1.13687e-13 661.869 -661.869 -1.13687e-13 430.921 -638.671 46.395 407.724 -407.724 46.395 638.671 -430.921 -1.13687e-13 661.869
  poly 3: -407.724 -46.395 638.671 -638.671 -46.395 407.724 -615.474 2.84217e-14 384.526 -384.526 2.84217e-14 615.474 -407.724 -46.395 638.671
  poly 4: -2.25202e-12 1092.79 -1.06689e-06 -199.974 892.816 1.24547e-12 -223.172 916.013 -46.395 -916.013 223.172 -46.395 -892.816 199.974 1.93776e-12 -1092.79 6.72272e-06 -1.06689e-06 -892.816 -1.13687e-13 199.974 -916.013 -46.395 223.172 -223.172 -46.395 916.013 -199.974 -1.13687e-13 892.816 2.02465e-12 1.44374e-05 1092.79 1.24204e-12 199.974 892.816 -46.395 176.777 869.618 -46.395 407.724 638.671 3.38223e-13 430.921 661.869 34.7963 477.188 650.398 34.7963 650.398 477.188 -5.65597e-13 661.869 430.921 -46.395 638.671 407.724 -46.395 869.618 176.777 -1.46942e-12 892.816 199.974 -2.25202e-12 1092.79 -1.06689e-06
  poly 5: 1.69542e-12 1000 1.5343e-06 -153.579 846.421 6.34405e-13 -199.974 892.816 -92.79 -892.816 199.974 -92.79 -846.421 153.579 1.32669e-12 -1000 -2.24252e-05 1.5343e-06 -846.421 2.84217e-14 153.579 -892.816 -92.79 199.974 -199.974 -92.79 892.816 -153.579 2.84217e-14 846.421 5.60896e-12 -7.8789e-06 1000 5.00792e-12 153.579 846.421 -0.46395 153.347 846.189 4.1041e-12 384.526 615.474 46.395 407.724 638.671 81.1913 453.99 627.201 81.1913 627.201 453.99 46.395 638.671 407.724 3.20028e-12 615.474 384.526 -0.46395 846.189 153.347 2.29646e-12 846.421 153.579 1.69542e-12 1000 1.5343e-06
element 5
  poly 0: -661.869 -5.88512e-13 -430.921 -430.921 -4.3467e-13 -661.869 -407.724 46.395 -638.671 -638.671 46.395 -407.724 -661.869 -5.88512e-13 -430.921
  poly 1: -638.671 -46.395 -407.724 -407.724 -46.395 -638.671 -384.526 -8.04152e-13 -615.474 -615.474 -9.57994e-13 -384.526 -638.671 -46.395 -407.724
  poly 2: -6.81903e-14 -3.09587e-06 -1092.79 -199.974 -2.80828e-13 -892.816 -223.172 -46.395 -916.013 -916.013 -46.395 -223.172 -892.816 -7.42353e-13 -199.974 -1092.79 -4.58118e-06 2.13757e-12 -892.816 199.974 1.93776e-12 -869.618 176.777 -46.395 -638.671 407.724 -46.395 -661.869 430.921 1.707e-12 -650.398 477.188 34.7963 -477.188 650.398 34.7963 -430.921 661.869 1.47623e-12 -407.724 638.671 -46.395 -176.777 869.618 -46.395 -199.974 892.816 1.24547e-12 -1.59183e-13 1092.79 1.04566e-12 -1.42532e-13 892.816 -199.974 -46.395 869.618 -176.777 -46.395 638.671 -407.724 -1.23302e-13 661.869 -430.921 34.7963 650.398 -477.188 34.7963 477.188 -650.398 -1.04072e-13 430.921 -661.869 -46.395 407.724 -638.671 -46.395 176.777 -869.618 -8.48415e-14 199.974 -892.816 -6.81903e-14 -3.09587e-06 -1092.79
  poly 3: -1.57319e-13 1.66805e-06 -1000 -153.579 -6.5031e-13 -846.421 -199.974 -92.79 -892.816 -892.816 -92.79 -199.974 -846.421 -1.11184e-12 -153.579 -1000 3.08852e-07 1.48015e-12 -846.421 153.579 1.32669e-12 -846.189 153.347 -0.46395 -615.474 384.526 1.09593e-12 -638.671 407.724 46.395 -627.201 453.99 81.1913 -453.99 627.201 81.1913 -407.724 638.671 46.395 -384.526 615.474 8.65168e-13 -153.347 846.189 -0.46395 -153.579 846.421 6.34405e-13 -2.40585e-13 1000 4.80949e-13 -2.27797e-13 846.421 -153.579 -0.46395 846.189 -153.347 -2.08567e-13 615.474 -384.526 46.395 638.671 -407.724 81.1913 627.201 -453.99 81.1913 453.99 -627.201 46.395 407.724 -638.671 -1.89337e-13 384.526 -615.474 -0.46395 153.347 -846.189 -1.70107e-13 153.579 -846.421 -1.57319e-13 1.66805e-06 -1000
element 6
  poly 0: -430.921 -661.869 1.74461e-12 -661.869 -430.921 1.55231e-12 -638.671 -407.724 46.395 -407.724 -638.671 46.395 -430.921 -661.869 1.74461e-12
  poly 1: -407.724 -638.671 -46.395 -638.671 -407.724 -46.395 -615.474 -384.526 9.41241e-13 -384.526 -615.474 1.13354e-12 -407.724 -638.671 -46.395
  poly 2: -2.35436e-12 -1092.79 -1.06689e-06 -1.55511e-12 -892.816 199.974 -46.395 -869.618 176.777 -46.395 -638.671 407.724 -6.32055e-13 -661.869 430.921 34.7963 -650.398 477.188 34.7963 -477.188 650.398 2.90995e-13 -430.921 661.869 -46.395 -407.724 638.671 -46.395 -176.777 869.618 1.21405e-12 -199.974 892.816 2.0133e-12 -1.13687e-13 1092.79 -199.974 -1.13687e-13 892.816 -176.777 -46.395 869.618 -407.724 -46.395 638.671 -430.921 -1.13687e-13 661.869 -477.188 34.7963 650.398 -650.398 34.7963 477.188 -661.869 -1.13687e-13 430.921 -638.671 -46.395 407.724 -869.618 -46.395 176.777 -892.816 -1.13687e-13 199.974 -1092.79 -1.13687e-13 -1.06689e-06 -892.816 -199.974 1.36001e-12 -916.013 -223.172 -46.395 -223.172 -916.013 -46.395 -199.974 -892.816 1.93691e-12 -2.35436e-12 -1092.79 -1.06689e-06
  poly 3: -3.63265e-12 -1000 1.5343e-06 -3.01882e-12 -846.421 153.579 -0.46395 -846.189 153.347 -2.09577e-12 -615.474 384.526 46.395 -638.671 407.724 81.1913 -627.201 453.99 81.1913 -453.99 627.201 46.395 -407.724 638.671 -1.17272e-12 -384.526 615.474 -0.46395 -153.347 846.189 -2.49673e-13 -153.579 846.421 3.64153e-13 2.84217e-14 1000 -153.579 2.84217e-14 846.421 -153.347 -0.46395 846.189 -384.526 2.84217e-14 615.474 -407.724 46.395 638.671 -453.99 81.1913 627.201 -627.201 81.1913 453.99 -638.671 46.395 407.724 -615.474 2.84217e-14 384.526 -846.189 -0.46395 153.347 -846.421 2.84217e-14 153.579 -1000 2.84217e-14 1.5343e-06 -846.421 -153.579 7.48939e-13 -892.816 -199.974 -92.79 -199.974 -892.816 -92.79 -153.579 -846.421 1.32585e-12 -3.63265e-12 -1000 1.5343e-06
element 7
  poly 0: 2.71712e-11 -1092.79 2.10342e-12 -199.974 -892.816 1.93691e-12 -176.777 -869.618 -46.395 -407.724 -638.671 -46.395 -430.921 -661.869 1.74461e-12 -477.188 -650.398 34.7963 -650.398 -477.188 34.7963 -661.869 -430.921 1.55231e-12 -638.671 -407.724 -46.395 -869.618 -176.777 -46.395 -892.816 -199.974 1.36001e-12 -1092.79 -8.75563e-13 1.19349e-12 -892.816 -7.42353e-13 -199.974 -869.618 -46.395 -176.777 -638.671 -46.395 -407.724 -661.869 -5.88512e-13 -430.921 -650.398 34.7963 -477.188 -477.188 34.7963 -650.398 -430.921 -4.3467e-13 -661.869 -407.724 -46.395 -638.671 -176.777 -46.395 -869.618 -199.974 -2.80828e-13 -892.816 -2.12699e-12 -1.47619e-13 -1092.79 -1.32773e-12 -199.974 -892.816 -46.395 -176.777 -869.618 -46.395 -407.724 -638.671 -4.04682e-13 -430.921 -661.869 34.7963 -477.188 -650.398 34.7963 -650.398 -477.188 5.18369e-13 -661.869 -430.921 -46.395 -638.671 -407.724 -46.395 -869.618 -176.777 1.44142e-12 -892.816 -199.974 2.71712e-11 -1092.79 2.10342e-12
  poly 1: 3.63798e-12 -1000 1.45373e-12 -153.579 -846.421 1.32585e-12 -153.347 -846.189 -0.46395 -384.526 -615.474 1.13354e-12 -407.724 -638.671 46.395 -453.99 -627.201 81.1913 -627.201 -453.99 81.1913 -638.671 -407.724 46.395 -615.474 -384.526 9.41241e-13 -846.189 -153.347 -0.46395 -846.421 -153.579 7.48939e-13 -1000 -1.21414e-12 6.21059e-13 -846.421 -1.11184e-12 -153.579 -846.189 -0.46395 -153.347 -615.474 -9.57994e-13 -384.526 -638.671 46.395 -407.724 -627.201 81.1913 -453.99 -453.99 81.1913 -627.201 -407.724 46.395 -638.671 -384.526 -8.04152e-13 -615.474 -153.347 -0.46395 -846.189 -153.579 -6.5031e-13 -846.421 -5.84954e-12 -5.48006e-13 -1000 -5.23572e-12 -153.579 -846.421 -0.46395 -153.347 -846.189 -4.31267e-12 -384.526 -615.474 46.395 -407.724 -638.671 81.1913 -453.99 -627.201 81.1913 -627.201 -453.99 46.395 -638.671 -407.724 -3.38962e-12 -615.474 -384.526 -0.46395 -846.189 -153.347 -2.46657e-12 -846.421 -153.579 3.63798e-12 -1000 1.45373e-12
