element 0
  poly 0: -487.708 -262.546 -45.2995 -568.635 -262.546 -45.2995 -568.635 -217.793 -45.2995 -583.635 -217.793 -45.2995 -583.635 -262.546 -45.2995 -664.561 -262.546 -45.2995 -664.561 -131.041 -45.2995 -487.708 -131.041 -45.2995 -487.708 -262.546 -45.2995
  poly 1: -487.708 -262.546 -30.2995 -568.635 -262.546 -30.2995 -568.635 -217.793 -30.2995 -583.635 -217.793 -30.2995 -583.635 -262.546 -30.2995 -664.561 -262.546 -30.2995 -664.561 -131.041 -30.2995 -487.708 -131.041 -30.2995 -487.708 -262.546 -30.2995
element 1
  poly 0: -568.635 -304.546 -126.226 -568.635 -173.041 -126.226 -568.635 -173.041 -47.2995 -568.635 -217.793 -47.2995 -568.635 -217.793 -28.2995 -568.635 -173.041 -28.2995 -568.635 -173.041 50.6273 -568.635 -304.546 50.6273 -568.635 -304.546 -126.226
  poly 1: -583.635 -304.546 -126.226 -583.635 -173.041 -126.226 -583.635 -173.041 -47.2995 -583.635 -217.793 -47.2995 -583.635 -217.793 -28.2995 -583.635 -173.041 -28.2995 -583.635 -173.041 50.6273 -583.635 -304.546 50.6273 -583.635 -304.546 -126.226
element 2
  poly 0: -336.394 -173.591 -122.3 -343.141 -173.591 -45.1765 -360.331 -156.466 -45.1765 -360.985 -157.122 -30.1765 -344.454 -173.591 -30.1765 -351.808 -173.591 53.8808 -444.442 -80.6028 45.7764 -429.028 -80.6028 -130.404 -336.394 -173.591 -122.3
  poly 1: -325.828 -162.984 -121.375 -332.473 -162.984 -45.4225 -349.714 -145.808 -45.4225 -350.367 -146.465 -30.4225 -333.785 -162.984 -30.4225 -341.241 -162.984 54.8052 -433.875 -69.9962 46.7008 -418.462 -69.9962 -129.48 -325.828 -162.984 -121.375
element 3
  poly 0: -200.708 -262.546 -45.2995 -377.561 -262.546 -45.2995 -377.561 -142.114 -45.2995 -361.737 -157.878 -45.2995 -348.308 -144.397 -45.2995 -361.714 -131.041 -45.2995 -200.708 -131.041 -45.2995 -200.708 -262.546 -45.2995
  poly 1: -200.708 -262.546 -30.2995 -377.561 -262.546 -30.2995 -377.561 -143.421 -30.2995 -362.391 -158.534 -30.2995 -348.961 -145.053 -30.2995 -363.027 -131.041 -30.2995 -200.708 -131.041 -30.2995 -200.708 -262.546 -30.2995
element 4
  poly 0: 73.2922 -262.546 -45.2995 -103.561 -262.546 -45.2995 -103.561 -138.808 -45.2995 -55.0573 -186.575 -45.2995 -44.4519 -175.806 -45.2995 -89.9072 -131.041 -45.2995 73.2922 -131.041 -45.2995 73.2922 -262.546 -45.2995
  poly 1: 73.2922 -262.546 -30.2995 -103.561 -262.546 -30.2995 -103.561 -135.514 -30.2995 -53.4104 -184.903 -30.2995 -42.8051 -174.134 -30.2995 -86.5624 -131.041 -30.2995 73.2922 -131.041 -30.2995 73.2922 -262.546 -30.2995
element 5
  poly 0: 25.0535 -251.411 -88.4909 -55.847 -185.658 -168.648 -121.215 -97.2317 -30.1385 -40.3144 -162.984 50.0188 -3.34589 -212.993 -28.3146 -42.8051 -174.134 -28.3146 -44.4519 -175.806 -47.2844 5.60664 -225.104 -47.2844 25.0535 -251.411 -88.4909
  poly 1: 14.6081 -262.017 -86.6491 -66.2925 -196.265 -166.806 -131.66 -107.838 -28.2967 -50.7599 -173.591 51.8606 -12.9221 -224.776 -28.3146 -53.4104 -184.903 -28.3146 -55.0573 -186.575 -47.2844 -3.9696 -236.886 -47.2844 14.6081 -262.017 -86.6491
element 6
  poly 0: 210.887 -189.017 -92.4604 193.608 -160.214 -45.6594 180.94 -147.978 -45.6594 182.88 -145.97 -30.6594 188.07 -150.982 -30.6594 157.84 -100.591 51.2194 70.2609 -34.8383 -21.582 123.308 -123.265 -165.262 210.887 -189.017 -92.4604
  poly 1: 221.132 -178.411 -95.2056 202.574 -147.475 -44.9397 191.634 -136.907 -44.9397 193.574 -134.899 -29.9397 197.036 -138.243 -29.9397 168.085 -89.984 48.4742 80.5061 -24.2317 -24.3272 133.553 -112.658 -168.007 221.132 -178.411 -95.2056
element 7
  poly 0: 347.292 -262.546 -45.2995 170.439 -262.546 -45.2995 170.439 -140.522 -45.2995 179.597 -149.368 -45.2995 192.977 -135.517 -45.2995 190.413 -133.041 -45.2995 347.292 -133.041 -45.2995 347.292 -262.546 -45.2995
  poly 1: 347.292 -262.546 -30.2995 170.439 -262.546 -30.2995 170.439 -136.639 -30.2995 181.537 -147.36 -30.2995 194.917 -133.509 -30.2995 192.362 -131.041 -30.2995 347.292 -131.041 -30.2995 347.292 -262.546 -30.2995
element 8
  poly 0: 420.386 -22.3539 53.5545 516.294 -177.886 53.5545 516.294 -177.886 -30.2995 501.85 -154.464 -30.2995 501.85 -154.464 -48.9337 516.294 -177.886 -48.9337 516.294 -177.886 -132.788 420.386 -22.3539 -132.788 420.386 -22.3539 53.5545
  poly 1: 402.626 -29.0559 53.5545 500.433 -187.667 53.5545 500.433 -187.667 -30.2995 485.989 -164.244 -30.2995 485.989 -164.244 -48.9337 500.433 -187.667 -48.9337 500.433 -187.667 -132.788 402.626 -29.0559 -132.788 402.626 -29.0559 53.5545
element 9
  poly 0: 665.129 -131.041 -48.9337 665.129 -305.804 -48.9337 478.787 -305.804 -48.9337 478.787 -156.374 -48.9337 484.287 -165.294 -48.9337 503.553 -153.414 -48.9337 489.757 -131.041 -48.9337 665.129 -131.041 -48.9337
  poly 1: 665.129 -131.041 -30.2995 665.129 -317.383 -30.2995 478.787 -317.383 -30.2995 478.787 -156.374 -30.2995 484.287 -165.294 -30.2995 503.553 -153.414 -30.2995 489.757 -131.041 -30.2995 665.129 -131.041 -30.2995
element 10
  poly 0: -665.129 30.5092 -6.76224 -585.911 30.5092 -6.76224 -585.911 140.819 -6.76224 -614.901 140.819 -6.76224 -614.901 207.074 -6.76224 -585.911 207.074 -6.76224 -585.911 317.383 -6.76224 -665.129 317.383 -6.76224 -665.129 30.5092 -6.76224
  poly 1: -665.129 30.5092 -73.0167 -585.911 30.5092 -73.0167 -585.911 140.819 -73.0167 -614.901 140.819 -73.0167 -614.901 207.074 -73.0167 -585.911 207.074 -73.0167 -585.911 317.383 -73.0167 -665.129 317.383 -73.0167 -665.129 30.5092 -73.0167
element 11
  poly 0: -643.89 140.819 -183.327 -564.673 140.819 -183.327 -564.673 140.819 103.548 -643.89 140.819 103.548 -643.89 140.819 -4.76224 -614.901 140.819 -4.76224 -614.901 140.819 -75.0167 -643.89 140.819 -75.0167 -643.89 140.819 -183.327
  poly 1: -643.89 207.074 -183.327 -564.673 207.074 -183.327 -564.673 207.074 103.548 -643.89 207.074 103.548 -643.89 207.074 -4.76224 -614.901 207.074 -4.76224 -614.901 207.074 -75.0167 -643.89 207.074 -75.0167 -643.89 207.074 -183.327
element 12
  poly 0: -367.387 227.338 -153.727 -367.387 100.029 103.351 -288.169 100.029 103.351 -288.169 159.976 -17.7025 -313.992 159.976 -17.7025 -313.992 192.787 -83.957 -288.169 192.787 -83.957 -288.169 227.338 -153.727 -367.387 227.338 -153.727
  poly 1: -367.387 167.965 -183.13 -367.387 40.6556 73.9482 -288.169 40.6556 73.9482 -288.169 85.2549 -16.1117 -313.992 85.2549 -16.1117 -313.992 118.065 -82.3662 -288.169 118.065 -82.3662 -288.169 167.965 -183.13 -367.387 167.965 -183.13
element 13
  poly 0: -339.815 30.5092 -83.1616 -339.815 116.459 -83.1616 -313.992 116.459 -83.1616 -313.992 194.393 -83.1616 -339.815 194.393 -83.1616 -339.815 317.383 -83.1616 -260.597 317.383 -83.1616 -260.597 288.936 -83.1616 -263.263 288.936 -83.1616 -263.263 222.052 -83.1616 -260.597 222.052 -83.1616 -260.597 30.5092 -83.1616 -339.815 30.5092 -83.1616
  poly 1: -339.815 30.5092 -16.9071 -339.815 83.6488 -16.9071 -313.992 83.6488 -16.9071 -313.992 161.582 -16.9071 -339.815 161.582 -16.9071 -339.815 317.383 -16.9071 -260.597 317.383 -16.9071 -260.597 298.635 -16.9071 -263.263 298.635 -16.9071 -263.263 231.752 -16.9071 -260.597 231.752 -16.9071 -260.597 30.5092 -16.9071 -339.815 30.5092 -16.9071
element 14
  poly 0: -265.929 274.933 -186.51 -265.929 288.936 -85.1428 -263.263 288.936 -85.1428 -263.263 298.635 -14.9259 -265.929 298.635 -14.9259 -265.929 314.188 97.6653 -186.711 314.188 97.6653 -186.711 274.933 -186.51 -265.929 274.933 -186.51
  poly 1: -265.929 209.302 -177.444 -265.929 222.052 -85.1428 -263.263 222.052 -85.1428 -263.263 231.752 -14.9259 -265.929 231.752 -14.9259 -265.929 248.557 106.731 -186.711 248.557 106.731 -186.711 209.302 -177.444 -265.929 209.302 -177.444
element 15
  poly 0: -10.2908 207.074 -183.327 -10.2908 207.074 -73.0167 8.36278 207.074 -73.0167 8.36278 207.074 -6.76224 -10.2908 207.074 -6.76224 -10.2908 207.074 103.548 38.7866 207.074 103.548 38.7866 207.074 -183.327 -10.2908 207.074 -183.327
  poly 1: -10.2908 140.819 -183.327 -10.2908 140.819 -73.0167 8.36278 140.819 -73.0167 8.36278 140.819 -6.76224 -10.2908 140.819 -6.76224 -10.2908 140.819 103.548 38.7866 140.819 103.548 38.7866 140.819 -183.327 -10.2908 140.819 -183.327
element 16
  poly 0: -22.061 30.5092 -6.76224 27.0163 30.5092 -6.76224 27.0163 138.819 -6.76224 8.36278 138.819 -6.76224 8.36278 209.074 -6.76224 27.0163 209.074 -6.76224 27.0163 317.383 -6.76224 -22.061 317.383 -6.76224 -22.061 30.5092 -6.76224
  poly 1: -22.061 30.5092 -73.0167 27.0163 30.5092 -73.0167 27.0163 138.819 -73.0167 8.36278 138.819 -73.0167 8.36278 209.074 -73.0167 27.0163 209.074 -73.0167 27.0163 317.383 -73.0167 -22.061 317.383 -73.0167 -22.061 30.5092 -73.0167
element 17
  poly 0: 512.584 240.495 146.12 505.023 250.118 132.759 478.528 228.058 126.425 481.322 224.379 131.452 465.109 208.816 129.075 461.354 213.759 122.32 276.798 60.0939 78.203 283.142 49.4571 91.2732 512.584 240.495 146.12
  poly 1: 522.731 231.763 134.088 515.17 241.386 120.727 500.897 229.501 117.315 503.008 226.722 121.112 486.795 211.159 118.735 483.723 215.202 113.209 286.945 51.3611 66.171 293.289 40.7243 79.2412 522.731 231.763 134.088
element 18
  poly 0: 625.313 214.565 45.4429 490.92 206.137 123.475 487.693 210.386 117.67 464.211 209.588 130.139 467.928 204.695 136.825 397.484 200.278 177.727 391.699 210.087 163.537 577.518 221.739 55.6454 581.977 217.039 61.6482 597.662 218.73 51.3213 593.836 222.763 46.1709 615.633 224.13 33.5148 625.313 214.565 45.4429
  poly 1: 629.463 229.718 54.2265 506.882 222.031 125.401 503.906 225.949 120.047 480.424 225.152 132.517 483.889 220.589 138.751 401.634 215.431 186.51 395.849 225.24 172.321 575.779 236.524 67.8482 580.467 231.582 74.1586 596.152 233.273 63.8316 592.097 237.547 58.3736 619.783 239.283 42.2984 629.463 229.718 54.2265
element 19
  poly 0: 584.572 103.667 -31.8755 585.499 211.255 66.0496 581.537 215.431 60.7165 580.907 233.19 75.0903 585.645 228.195 81.468 586.119 283.288 131.612 577.002 291.769 118.332 575.482 115.37 -42.2232 584.572 103.667 -31.8755
  poly 1: 600.102 109.719 -38.6721 600.993 213.147 55.466 597.222 217.122 50.3896 596.592 234.88 64.7633 601.139 230.087 70.8845 601.649 289.341 124.816 592.532 297.822 111.535 591.012 121.422 -49.0198 600.102 109.719 -38.6721
