beds_0_0_0 4339665.073020 -2404.693069 -2666.412727 2936.250487
beds_0_1_0 7250370.802651 -1915.811978 -2521.554524 3084.266885
beds_0_2_0 10562136.030042 -1490.279787 -2376.676199 3185.440197
beds_0_3_0 13828934.262918 -1064.665127 -2231.781870 3261.327482
beds_0_4_0 17084953.079976 -638.987208 -2086.876405 3311.917483
beds_0_5_0 17292832.845536 -243.268253 -1962.426407 3336.310686
beds_1_0_0 3501371.558605 -2468.658678 -2468.658678 2936.367677
beds_1_1_0 5725917.539872 -2066.434474 -2066.434474 3084.627208
beds_1_2_0 8319028.208275 -1709.142496 -1709.142496 3185.660288
beds_1_3_0 10887385.345270 -1351.817554 -1351.817554 3261.437723
beds_1_4_0 13450074.697501 -994.467967 -994.467967 3311.953664
beds_1_5_0 13605888.017865 -667.102908 -667.102908 3336.312409
beds_2_0_0 4339665.073020 -2666.412727 -2404.693069 2936.250487
beds_2_1_0 7250370.802649 -2521.554524 -1915.811978 3084.266885
beds_2_2_0 10562136.030041 -2376.676199 -1490.279787 3185.440197
beds_2_3_0 13828934.262918 -2231.781870 -1064.665127 3261.327482
beds_2_4_0 17084953.079976 -2086.876405 -638.987208 3311.917483
beds_2_5_0 17292832.845536 -1962.426407 -243.268253 3336.310686
tsections_0_0 1952697.465048 -1370.506398 -2886.500000 3066.717511
tsections_1_0 2521699.622229 -1370.506398 -1935.010831 3063.687870
tsections_2_0 2348424.007637 -1423.370540 -1865.757521 3066.715764
tsections_3_0 2348424.007638 -1865.757521 -1423.370540 3066.715764
tsections_4_0 2521699.622227 -1935.010831 -1370.506398 3063.687870
tsections_5_0 1952697.465047 -2886.500000 -1370.506398 3066.717511
outer_ribs_0_0 101714591.705757 -1390.000000 -2950.000000 3152.603281
outer_ribs_1_0 101714591.705757 -2950.000000 -1390.000000 3152.603281
inner_ribs_0_0 73009634.267418 -1441.588887 -1930.837520 3152.603281
inner_ribs_1_0 73009634.267420 -1930.837520 -1441.588887 3152.603281
wedges_inner_beams_0_0 19234809.817345 -2616.811688 -2778.699141 3179.696599
wedges_inner_beams_1_0 17530656.895966 -2660.316516 -2660.316516 3179.310360
wedges_inner_beams_2_0 19234809.817354 -2778.699141 -2616.811688 3179.696599
inner_beams_0_0 22956652.396319 -30.000000 -1907.812826 3401.500000
inner_beams_1_0 17512545.696229 -542.426407 -542.426407 3401.500000
inner_beams_2_0 22956652.396319 -1907.812826 -30.000000 3401.500000
beds_0_0_1 4339665.073020 2666.412727 -2404.693069 2936.250487
beds_0_1_1 7250370.802651 2521.554524 -1915.811978 3084.266885
beds_0_2_1 10562136.030042 2376.676199 -1490.279787 3185.440197
beds_0_3_1 13828934.262918 2231.781870 -1064.665127 3261.327482
beds_0_4_1 17084953.079976 2086.876405 -638.987208 3311.917483
beds_0_5_1 17292832.845536 1962.426407 -243.268253 3336.310686
beds_1_0_1 3501371.558605 2468.658678 -2468.658678 2936.367677
beds_1_1_1 5725917.539872 2066.434474 -2066.434474 3084.627208
beds_1_2_1 8319028.208275 1709.142496 -1709.142496 3185.660288
beds_1_3_1 10887385.345270 1351.817554 -1351.817554 3261.437723
beds_1_4_1 13450074.697501 994.467967 -994.467967 3311.953664
beds_1_5_1 13605888.017865 667.102908 -667.102908 3336.312409
beds_2_0_1 4339665.073020 2404.693069 -2666.412727 2936.250487
beds_2_1_1 7250370.802649 1915.811978 -2521.554524 3084.266885
beds_2_2_1 10562136.030041 1490.279787 -2376.676199 3185.440197
beds_2_3_1 13828934.262918 1064.665127 -2231.781870 3261.327482
beds_2_4_1 17084953.079976 638.987208 -2086.876405 3311.917483
beds_2_5_1 17292832.845536 243.268253 -1962.426407 3336.310686
tsections_0_1 1952697.465048 2886.500000 -1370.506398 3066.717511
tsections_1_1 2521699.622229 1935.010831 -1370.506398 3063.687870
tsections_2_1 2348424.007637 1865.757521 -1423.370540 3066.715764
tsections_3_1 2348424.007638 1423.370540 -1865.757521 3066.715764
tsections_4_1 2521699.622227 1370.506398 -1935.010831 3063.687870
tsections_5_1 1952697.465047 1370.506398 -2886.500000 3066.717511
outer_ribs_0_1 101714591.705757 2950.000000 -1390.000000 3152.603281
outer_ribs_1_1 101714591.705758 1390.000000 -2950.000000 3152.603281
inner_ribs_0_1 73009634.267417 1930.837520 -1441.588887 3152.603281
inner_ribs_1_1 73009634.267417 1441.588887 -1930.837520 3152.603281
wedges_inner_beams_0_1 19234809.817345 2778.699141 -2616.811688 3179.696599
wedges_inner_beams_1_1 17530656.895966 2660.316516 -2660.316516 3179.310360
wedges_inner_beams_2_1 19234809.817354 2616.811688 -2778.699141 3179.696599
inner_beams_0_1 22956652.396319 1907.812826 -30.000000 3401.500000
inner_beams_1_1 17512545.696229 542.426407 -542.426407 3401.500000
inner_beams_2_1 22956652.396319 30.000000 -1907.812826 3401.500000
beds_0_0_2 4339665.073020 2404.693069 2666.412727 2936.250487
beds_0_1_2 7250370.802651 1915.811978 2521.554524 3084.266885
beds_0_2_2 10562136.030042 1490.279787 2376.676199 3185.440197
beds_0_3_2 13828934.262918 1064.665127 2231.781870 3261.327482
beds_0_4_2 17084953.079976 638.987208 2086.876405 3311.917483
beds_0_5_2 17292832.845536 243.268253 1962.426407 3336.310686
beds_1_0_2 3501371.558605 2468.658678 2468.658678 2936.367677
beds_1_1_2 5725917.539872 2066.434474 2066.434474 3084.627208
beds_1_2_2 8319028.208275 1709.142496 1709.142496 3185.660288
beds_1_3_2 10887385.345270 1351.817554 1351.817554 3261.437723
beds_1_4_2 13450074.697501 994.467967 994.467967 3311.953664
beds_1_5_2 13605888.017865 667.102908 667.102908 3336.312409
beds_2_0_2 4339665.073020 2666.412727 2404.693069 2936.250487
beds_2_1_2 7250370.802649 2521.554524 1915.811978 3084.266885
beds_2_2_2 10562136.030041 2376.676199 1490.279787 3185.440197
beds_2_3_2 13828934.262918 2231.781870 1064.665127 3261.327482
beds_2_4_2 17084953.079976 2086.876405 638.987208 3311.917483
beds_2_5_2 17292832.845536 1962.426407 243.268253 3336.310686
tsections_0_2 1952697.465048 1370.506398 2886.500000 3066.717511
tsections_1_2 2521699.622229 1370.506398 1935.010831 3063.687870
tsections_2_2 2348424.007637 1423.370540 1865.757521 3066.715764
tsections_3_2 2348424.007638 1865.757521 1423.370540 3066.715764
tsections_4_2 2521699.622227 1935.010831 1370.506398 3063.687870
tsections_5_2 1952697.465047 2886.500000 1370.506398 3066.717511
outer_ribs_0_2 101714591.705758 1390.000000 2950.000000 3152.603281
outer_ribs_1_2 101714591.705757 2950.000000 1390.000000 3152.603281
inner_ribs_0_2 73009634.267418 1441.588887 1930.837520 3152.603281
inner_ribs_1_2 73009634.267415 1930.837520 1441.588887 3152.603281
wedges_inner_beams_0_2 19234809.817345 2616.811688 2778.699141 3179.696599
wedges_inner_beams_1_2 17530656.895966 2660.316516 2660.316516 3179.310360
wedges_inner_beams_2_2 19234809.817354 2778.699141 2616.811688 3179.696599
inner_beams_0_2 22956652.396319 30.000000 1907.812826 3401.500000
inner_beams_1_2 17512545.696229 542.426407 542.426407 3401.500000
inner_beams_2_2 22956652.396319 1907.812826 30.000000 3401.500000
beds_0_0_3 4339665.073020 -2666.412727 2404.693069 2936.250487
beds_0_1_3 7250370.802651 -2521.554524 1915.811978 3084.266885
beds_0_2_3 10562136.030042 -2376.676199 1490.279787 3185.440197
beds_0_3_3 13828934.262918 -2231.781870 1064.665127 3261.327482
beds_0_4_3 17084953.079976 -2086.876405 638.987208 3311.917483
beds_0_5_3 17292832.845536 -1962.426407 243.268253 3336.310686
beds_1_0_3 3501371.558605 -2468.658678 2468.658678 2936.367677
beds_1_1_3 5725917.539872 -2066.434474 2066.434474 3084.627208
beds_1_2_3 8319028.208275 -1709.142496 1709.142496 3185.660288
beds_1_3_3 10887385.345270 -1351.817554 1351.817554 3261.437723
beds_1_4_3 13450074.697501 -994.467967 994.467967 3311.953664
beds_1_5_3 13605888.017865 -667.102908 667.102908 3336.312409
beds_2_0_3 4339665.073020 -2404.693069 2666.412727 2936.250487
beds_2_1_3 7250370.802649 -1915.811978 2521.554524 3084.266885
beds_2_2_3 10562136.030041 -1490.279787 2376.676199 3185.440197
beds_2_3_3 13828934.262918 -1064.665127 2231.781870 3261.327482
beds_2_4_3 17084953.079976 -638.987208 2086.876405 3311.917483
beds_2_5_3 17292832.845536 -243.268253 1962.426407 3336.310686
tsections_0_3 1952697.465048 -2886.500000 1370.506398 3066.717511
tsections_1_3 2521699.622229 -1935.010831 1370.506398 3063.687870
tsections_2_3 2348424.007637 -1865.757521 1423.370540 3066.715764
tsections_3_3 2348424.007638 -1423.370540 1865.757521 3066.715764
tsections_4_3 2521699.622227 -1370.506398 1935.010831 3063.687870
tsections_5_3 1952697.465047 -1370.506398 2886.500000 3066.717511
outer_ribs_0_3 101714591.705757 -2950.000000 1390.000000 3152.603281
outer_ribs_1_3 101714591.705757 -1390.000000 2950.000000 3152.603281
inner_ribs_0_3 73009634.267419 -1930.837520 1441.588887 3152.603281
inner_ribs_1_3 73009634.267420 -1441.588887 1930.837520 3152.603281
wedges_inner_beams_0_3 19234809.817345 -2778.699141 2616.811688 3179.696599
wedges_inner_beams_1_3 17530656.895966 -2660.316516 2660.316516 3179.310360
wedges_inner_beams_2_3 19234809.817354 -2616.811688 2778.699141 3179.696599
inner_beams_0_3 22956652.396319 -1907.812826 30.000000 3401.500000
inner_beams_1_3 17512545.696229 -542.426407 542.426407 3401.500000
inner_beams_2_3 22956652.396319 -30.000000 1907.812826 3401.500000
oculus_0 13625437.608763 -457.573593 -500.000000 3401.500000
oculus_1 13625437.608763 500.000000 -457.573593 3401.500000
oculus_2 13625437.608763 457.573593 500.000000 3401.500000
oculus_3 13625437.608763 -500.000000 457.573593 3401.500000
oculus_4 923798.686970 -438.481710 -457.573593 3316.500000
oculus_5 923798.686970 457.573593 -438.481710 3316.500000
oculus_6 923798.686970 438.481710 457.573593 3316.500000
oculus_7 923798.686970 -457.573593 438.481710 3316.500000
oculus_8 45224696.115822 0.000000 0.000000 3343.500000
