quarter_polygon -3000.000000000 -3000.000000000 0.000000000 0.000000000 -3000.000000000 0.000000000 0.000000000 -1000.000000000 0.000000000 -1000.000000000 0.000000000 0.000000000 -3000.000000000 0.000000000 0.000000000
quarter_column_polygon -3000.000000000 -3000.000000000 0.000000000 -2780.000000000 -3000.000000000 0.000000000 -2780.000000000 -2880.000000000 0.000000000 -2880.000000000 -2780.000000000 0.000000000 -3000.000000000 -2780.000000000 0.000000000
oculus_points 0.000000000 -1000.000000000 0.000000000 1000.000000000 0.000000000 0.000000000 0.000000000 1000.000000000 0.000000000 -1000.000000000 0.000000000 0.000000000
planes/outer_ribs/0/0 -1500.000000000 -3000.000000000 0.000000000 -0.000000000 1.000000000 0.000000000
planes/outer_ribs/0/1 -1500.000000000 -2900.000000000 0.000000000 -0.000000000 1.000000000 0.000000000
planes/outer_ribs/1/0 -3000.000000000 -1500.000000000 0.000000000 1.000000000 0.000000000 0.000000000
planes/outer_ribs/1/1 -2900.000000000 -1500.000000000 0.000000000 1.000000000 0.000000000 0.000000000
planes/inner_beams/0/0 0.000000000 -2000.000000000 0.000000000 -1.000000000 0.000000000 0.000000000
planes/inner_beams/0/1 -60.000000000 -2000.000000000 0.000000000 -1.000000000 0.000000000 0.000000000
planes/inner_beams/1/0 -500.000000000 -500.000000000 0.000000000 -0.704416026 -0.704416026 -0.087155743
planes/inner_beams/1/1 -542.426406871 -542.426406871 0.000000000 -0.707106781 -0.707106781 -0.000000000
planes/inner_beams/2/0 -2000.000000000 0.000000000 0.000000000 -0.000000000 -1.000000000 -0.000000000
planes/inner_beams/2/1 -2000.000000000 -60.000000000 0.000000000 -0.000000000 -1.000000000 -0.000000000
planes/inner_ribs/0/0 -1420.000000000 -1952.426406871 0.000000000 -0.563461582 0.826142267 0.000000000
planes/inner_ribs/0/1 -1453.807694910 -1902.857870834 0.000000000 -0.563461582 0.826142267 0.000000000
planes/inner_ribs/1/0 -1952.426406871 -1420.000000000 0.000000000 0.826142267 -0.563461582 0.000000000
planes/inner_ribs/1/1 -1902.857870834 -1453.807694910 0.000000000 0.826142267 -0.563461582 0.000000000
planes/wedges/0/0 -2780.000000000 -2940.000000000 0.000000000 0.989188710 -0.000000000 0.146648206
planes/wedges/0/1 -2542.594709627 -2940.000000000 35.195569367 0.989188710 -0.000000000 0.146648206
planes/wedges/1/0 -2830.000000000 -2830.000000000 0.000000000 0.696364240 0.696364240 0.173648178
planes/wedges/1/1 -2621.090727904 -2621.090727904 52.094453300 0.696364240 0.696364240 0.173648178
planes/wedges/2/0 -2940.000000000 -2780.000000000 0.000000000 0.000000000 0.989188710 0.146648206
planes/wedges/2/1 -2940.000000000 -2542.594709627 35.195569367 0.000000000 0.989188710 0.146648206
planes/wedges/3/0 -60.000000000 -2000.000000000 0.000000000 -1.000000000 0.000000000 0.000000000
planes/wedges/3/1 -120.000000000 -2000.000000000 0.000000000 -1.000000000 0.000000000 0.000000000
planes/wedges/4/0 -542.426406871 -542.426406871 0.000000000 -0.707106781 -0.707106781 -0.000000000
planes/wedges/4/1 -584.852813742 -584.852813742 0.000000000 -0.707106781 -0.707106781 -0.000000000
planes/wedges/5/0 -2000.000000000 -60.000000000 0.000000000 -0.000000000 -1.000000000 -0.000000000
planes/wedges/5/1 -2000.000000000 -120.000000000 0.000000000 -0.000000000 -1.000000000 -0.000000000
planes/t_sections/0/0 -1500.000000000 -2900.000000000 0.000000000 -0.000000000 1.000000000 0.000000000
planes/t_sections/0/1 -1500.000000000 -2873.000000000 0.000000000 -0.000000000 1.000000000 0.000000000
planes/t_sections/1/0 -1420.000000000 -1952.426406871 0.000000000 -0.563461582 0.826142267 0.000000000
planes/t_sections/1/1 -1404.786537290 -1974.732248088 0.000000000 -0.563461582 0.826142267 0.000000000
planes/t_sections/2/0 -1453.807694910 -1902.857870834 0.000000000 -0.563461582 0.826142267 0.000000000
planes/t_sections/2/1 -1469.021157620 -1880.552029618 0.000000000 -0.563461582 0.826142267 0.000000000
planes/t_sections/3/0 -1952.426406871 -1420.000000000 0.000000000 0.826142267 -0.563461582 0.000000000
planes/t_sections/3/1 -1974.732248088 -1404.786537290 0.000000000 0.826142267 -0.563461582 0.000000000
planes/t_sections/4/0 -1902.857870834 -1453.807694910 0.000000000 0.826142267 -0.563461582 0.000000000
planes/t_sections/4/1 -1880.552029618 -1469.021157620 0.000000000 0.826142267 -0.563461582 0.000000000
planes/t_sections/5/0 -2900.000000000 -1500.000000000 0.000000000 1.000000000 0.000000000 0.000000000
planes/t_sections/5/1 -2873.000000000 -1500.000000000 0.000000000 1.000000000 0.000000000 0.000000000
quads/outer_ribs/0 -2780.000000000 -3000.000000000 0.000000000 0.000000000 -3000.000000000 0.000000000 0.000000000 -2900.000000000 0.000000000 -2780.000000000 -2900.000000000 0.000000000
quads/outer_ribs/1 -3000.000000000 -2780.000000000 0.000000000 -3000.000000000 0.000000000 0.000000000 -2900.000000000 0.000000000 0.000000000 -2900.000000000 -2780.000000000 0.000000000
quads/inner_beams/0 0.000000000 -2900.000000000 0.000000000 0.000000000 -1000.000000000 0.000000000 -60.000000000 -940.000000000 0.000000000 -60.000000000 -2900.000000000 0.000000000
quads/inner_beams/1 -60.000000000 -940.000000000 0.000000000 -940.000000000 -60.000000000 0.000000000 -1024.852813742 -60.000000000 0.000000000 -60.000000000 -1024.852813742 0.000000000
quads/inner_beams/2 -1000.000000000 0.000000000 0.000000000 -2900.000000000 0.000000000 0.000000000 -2900.000000000 -60.000000000 0.000000000 -940.000000000 -60.000000000 0.000000000
quads/inner_ribs/0 -2823.177773319 -2836.822226681 0.000000000 -103.177773319 -981.675040424 0.000000000 -60.000000000 -1024.852813742 0.000000000 -2780.000000000 -2880.000000000 0.000000000
quads/inner_ribs/1 -2836.822226681 -2823.177773319 0.000000000 -981.675040424 -103.177773319 0.000000000 -1024.852813742 -60.000000000 0.000000000 -2880.000000000 -2780.000000000 0.000000000
quads/wedges/0 -2780.000000000 -2880.000000000 0.000000000 -2780.000000000 -2900.000000000 0.000000000 -2537.376931619 -2900.000000000 0.000000000 -2537.376931619 -2714.521506387 0.000000000
quads/wedges/1 -2836.822226681 -2823.177773319 0.000000000 -2823.177773319 -2836.822226681 0.000000000 -2567.054745453 -2662.136228710 0.000000000 -2662.136228710 -2567.054745453 0.000000000
quads/wedges/2 -2900.000000000 -2780.000000000 0.000000000 -2880.000000000 -2780.000000000 0.000000000 -2714.521506387 -2537.376931619 0.000000000 -2900.000000000 -2537.376931619 0.000000000
quads/wedges/3 -60.000000000 -2900.000000000 0.000000000 -60.000000000 -1024.852813742 0.000000000 -120.000000000 -1065.775178145 0.000000000 -120.000000000 -2900.000000000 0.000000000
quads/wedges/4 -103.177773319 -981.675040424 0.000000000 -981.675040424 -103.177773319 0.000000000 -1016.081465453 -153.624162032 0.000000000 -153.624162032 -1016.081465453 0.000000000
quads/wedges/5 -1024.852813742 -60.000000000 0.000000000 -2900.000000000 -60.000000000 0.000000000 -2900.000000000 -120.000000000 0.000000000 -1065.775178145 -120.000000000 0.000000000
quads/t_sections/0 -2537.376931619 -2900.000000000 0.000000000 -60.000000000 -2900.000000000 0.000000000 -60.000000000 -2873.000000000 0.000000000 -2537.376931619 -2873.000000000 0.000000000
quads/t_sections/1 -2537.376931619 -2714.521506387 0.000000000 -60.000000000 -1024.852813742 0.000000000 -60.000000000 -1057.534836040 0.000000000 -2537.376931619 -2747.203528684 0.000000000
quads/t_sections/2 -2567.054745453 -2662.136228710 0.000000000 -103.177773319 -981.675040424 0.000000000 -122.607771312 -962.245042430 0.000000000 -2586.484743446 -2642.706230717 0.000000000
quads/t_sections/3 -2714.521506387 -2537.376931619 0.000000000 -1024.852813742 -60.000000000 0.000000000 -1057.534836040 -60.000000000 0.000000000 -2747.203528684 -2537.376931619 0.000000000
quads/t_sections/4 -2662.136228710 -2567.054745453 0.000000000 -981.675040424 -103.177773319 0.000000000 -962.245042430 -122.607771312 0.000000000 -2642.706230717 -2586.484743446 0.000000000
quads/t_sections/5 -2900.000000000 -2537.376931619 0.000000000 -2900.000000000 -60.000000000 0.000000000 -2873.000000000 -60.000000000 0.000000000 -2873.000000000 -2537.376931619 0.000000000
parabolas/0/0 -2540.000000000 -3000.000000000 -650.000000000 -2116.666666667 -3000.000000000 -511.583333333 -1693.333333333 -3000.000000000 -398.333333333 -1270.000000000 -3000.000000000 -310.250000000 -846.666666667 -3000.000000000 -247.333333333 -423.333333333 -3000.000000000 -209.583333333 0.000000000 -3000.000000000 -197.000000000
parabolas/0/1 -2548.391002340 -3000.000000000 -624.336970566 -2124.356731077 -3000.000000000 -485.691119273 -1699.577160139 -3000.000000000 -372.054222245 -1274.738586099 -3000.000000000 -283.657692174 -849.853081263 -3000.000000000 -220.510338601 -424.934920159 -3000.000000000 -182.619014392 -0.802204743 -3000.000000000 -170.011919899
parabolas/0/2 -2556.782004681 -3000.000000000 -598.673941132 -2132.046795490 -3000.000000000 -459.798905214 -1705.820986949 -3000.000000000 -345.775111158 -1279.477172199 -3000.000000000 -257.065384348 -853.039495860 -3000.000000000 -193.687343869 -426.536506985 -3000.000000000 -155.654695452 -1.604409486 -3000.000000000 -143.023839798
parabolas/1/0 -3000.000000000 -2540.000000000 -650.000000000 -3000.000000000 -2116.666666667 -511.583333333 -3000.000000000 -1693.333333333 -398.333333333 -3000.000000000 -1270.000000000 -310.250000000 -3000.000000000 -846.666666667 -247.333333333 -3000.000000000 -423.333333333 -209.583333333 -3000.000000000 0.000000000 -197.000000000
parabolas/1/1 -3000.000000000 -2548.391002340 -624.336970566 -3000.000000000 -2124.356731077 -485.691119273 -3000.000000000 -1699.577160139 -372.054222245 -3000.000000000 -1274.738586099 -283.657692174 -3000.000000000 -849.853081263 -220.510338601 -3000.000000000 -424.934920159 -182.619014392 -3000.000000000 -0.802204743 -170.011919899
parabolas/1/2 -3000.000000000 -2556.782004681 -598.673941132 -3000.000000000 -2132.046795490 -459.798905214 -3000.000000000 -1705.820986949 -345.775111158 -3000.000000000 -1279.477172199 -257.065384348 -3000.000000000 -853.039495860 -193.687343869 -3000.000000000 -426.536506985 -155.654695452 -3000.000000000 -1.604409486 -143.023839798
parabolas/2/0 -2540.000000000 -2716.310542389 -650.000000000 -2116.666666667 -2427.580526881 -511.583333333 -1693.333333333 -2138.850511373 -398.333333333 -1270.000000000 -1850.120495864 -310.250000000 -846.666666667 -1561.390480356 -247.333333333 -423.333333333 -1272.660464848 -209.583333333 0.000000000 -983.930449340 -197.000000000
parabolas/2/1 -2548.391002340 -2722.033536647 -624.336970566 -2124.356731077 -2432.825453849 -485.691119273 -1699.577160139 -2143.109047303 -372.054222245 -1274.738586099 -1853.352398316 -283.657692174 -849.853081263 -1563.563740677 -220.510338601 -424.934920159 -1273.752810176 -182.619014392 -0.802204743 -984.477584587 -170.011919899
parabolas/2/2 -2556.782004681 -2727.756530905 -598.673941132 -2132.046795490 -2438.070380819 -459.798905214 -1705.820986949 -2147.367583236 -345.775111158 -1279.477172199 -1856.584300768 -257.065384348 -853.039495860 -1565.737000998 -193.687343869 -426.536506985 -1274.845155505 -155.654695452 -1.604409486 -985.024719834 -143.023839798
parabolas/3/0 -2716.310542389 -2540.000000000 -650.000000000 -2427.580526881 -2116.666666667 -511.583333333 -2138.850511373 -1693.333333333 -398.333333333 -1850.120495864 -1270.000000000 -310.250000000 -1561.390480356 -846.666666667 -247.333333333 -1272.660464848 -423.333333333 -209.583333333 -983.930449340 0.000000000 -197.000000000
parabolas/3/1 -2722.033536647 -2548.391002340 -624.336970566 -2432.825453849 -2124.356731077 -485.691119273 -2143.109047303 -1699.577160139 -372.054222245 -1853.352398316 -1274.738586099 -283.657692174 -1563.563740677 -849.853081263 -220.510338601 -1273.752810176 -424.934920159 -182.619014392 -984.477584587 -0.802204743 -170.011919899
parabolas/3/2 -2727.756530905 -2556.782004681 -598.673941132 -2438.070380819 -2132.046795490 -459.798905214 -2147.367583236 -1705.820986949 -345.775111158 -1856.584300768 -1279.477172199 -257.065384348 -1565.737000998 -853.039495860 -193.687343869 -1274.845155505 -426.536506985 -155.654695452 -985.024719834 -1.604409486 -143.023839798
block_level_bottom -614.920965050
block_level_top -374.920965050
bed_top_planes/0 -2408.538101360 -2763.324173518 -550.202853846 -0.310777864 0.000000000 0.950482572
bed_top_planes/1 -2515.705268818 -2515.705268818 -550.278783331 -0.187434576 -0.187434576 0.964228479
bed_top_planes/2 -2763.324173518 -2408.538101360 -550.202853846 0.000000000 -0.310777864 0.950482572
outer_ribs/0/top 0.000000000 -3000.000000000 0.000000000 -2780.000000000 -3000.000000000 0.000000000 -2676.996184916 -3000.000000000 -694.793437627 -2116.666666667 -3000.000000000 -511.583333333 -1693.333333333 -3000.000000000 -398.333333333 -1270.000000000 -3000.000000000 -310.250000000 -846.666666667 -3000.000000000 -247.333333333 -423.333333333 -3000.000000000 -209.583333333 0.000000000 -3000.000000000 -197.000000000 0.000000000 -3000.000000000 0.000000000
outer_ribs/0/bottom 0.000000000 -2900.000000000 0.000000000 -2780.000000000 -2900.000000000 0.000000000 -2676.996184916 -2900.000000000 -694.793437627 -2116.666666667 -2900.000000000 -511.583333333 -1693.333333333 -2900.000000000 -398.333333333 -1270.000000000 -2900.000000000 -310.250000000 -846.666666667 -2900.000000000 -247.333333333 -423.333333333 -2900.000000000 -209.583333333 0.000000000 -2900.000000000 -197.000000000 0.000000000 -2900.000000000 0.000000000
outer_ribs/1/top -3000.000000000 0.000000000 0.000000000 -3000.000000000 -2780.000000000 0.000000000 -3000.000000000 -2676.996184916 -694.793437627 -3000.000000000 -2116.666666667 -511.583333333 -3000.000000000 -1693.333333333 -398.333333333 -3000.000000000 -1270.000000000 -310.250000000 -3000.000000000 -846.666666667 -247.333333333 -3000.000000000 -423.333333333 -209.583333333 -3000.000000000 0.000000000 -197.000000000 -3000.000000000 0.000000000 0.000000000
outer_ribs/1/bottom -2900.000000000 0.000000000 0.000000000 -2900.000000000 -2780.000000000 0.000000000 -2900.000000000 -2676.996184916 -694.793437627 -2900.000000000 -2116.666666667 -511.583333333 -2900.000000000 -1693.333333333 -398.333333333 -2900.000000000 -1270.000000000 -310.250000000 -2900.000000000 -846.666666667 -247.333333333 -2900.000000000 -423.333333333 -209.583333333 -2900.000000000 0.000000000 -197.000000000 -2900.000000000 0.000000000 0.000000000
inner_ribs/0/top -60.000000000 -1024.852813742 0.000000000 -2780.000000000 -2880.000000000 0.000000000 -2676.996184916 -2809.747339071 -694.793437627 -2116.666666667 -2427.580526881 -511.583333333 -1693.333333333 -2138.850511373 -398.333333333 -1270.000000000 -1850.120495864 -310.250000000 -846.666666667 -1561.390480356 -247.333333333 -423.333333333 -1272.660464848 -209.583333333 -60.000000000 -1024.852813742 -198.783464567 -60.000000000 -1024.852813742 0.000000000
inner_ribs/0/bottom -103.177773319 -981.675040424 0.000000000 -2823.177773319 -2836.822226681 0.000000000 -2720.173958235 -2766.569565753 -694.793437627 -2159.844439985 -2384.402753562 -511.583333333 -1736.511106652 -2095.672738054 -398.333333333 -1313.177773319 -1806.942722546 -310.250000000 -889.844439985 -1518.212707038 -247.333333333 -466.511106652 -1229.482691529 -209.583333333 -103.177773319 -981.675040424 -198.783464567 -103.177773319 -981.675040424 0.000000000
inner_ribs/1/top -1024.852813742 -60.000000000 0.000000000 -2880.000000000 -2780.000000000 0.000000000 -2809.747339071 -2676.996184916 -694.793437627 -2427.580526881 -2116.666666667 -511.583333333 -2138.850511373 -1693.333333333 -398.333333333 -1850.120495864 -1270.000000000 -310.250000000 -1561.390480356 -846.666666667 -247.333333333 -1272.660464848 -423.333333333 -209.583333333 -1024.852813742 -60.000000000 -198.783464567 -1024.852813742 -60.000000000 0.000000000
inner_ribs/1/bottom -981.675040424 -103.177773319 0.000000000 -2836.822226681 -2823.177773319 0.000000000 -2766.569565753 -2720.173958235 -694.793437627 -2384.402753562 -2159.844439985 -511.583333333 -2095.672738054 -1736.511106652 -398.333333333 -1806.942722546 -1313.177773319 -310.250000000 -1518.212707038 -889.844439985 -247.333333333 -1229.482691529 -466.511106652 -209.583333333 -981.675040424 -103.177773319 -198.783464567 -981.675040424 -103.177773319 0.000000000
inner_beams/0/top -60.000000000 -2900.000000000 0.000000000 -60.000000000 -940.000000000 0.000000000 -60.000000000 -915.625652061 -197.000000000 -60.000000000 -2900.000000000 -197.000000000 -60.000000000 -2900.000000000 0.000000000
inner_beams/0/bottom 0.000000000 -2900.000000000 0.000000000 -0.000000000 -1000.000000000 0.000000000 0.000000000 -975.625652061 -197.000000000 0.000000000 -2900.000000000 -197.000000000 0.000000000 -2900.000000000 0.000000000
inner_beams/1/top -60.000000000 -1024.852813742 0.000000000 -1024.852813742 -60.000000000 0.000000000 -1024.852813742 -60.000000000 -197.000000000 -60.000000000 -1024.852813742 -197.000000000 -60.000000000 -1024.852813742 0.000000000
inner_beams/1/bottom -60.000000000 -940.000000000 0.000000000 -940.000000000 -60.000000000 0.000000000 -915.625652061 -60.000000000 -197.000000000 -60.000000000 -915.625652061 -197.000000000 -60.000000000 -940.000000000 0.000000000
inner_beams/2/top -2900.000000000 -60.000000000 0.000000000 -940.000000000 -60.000000000 0.000000000 -915.625652061 -60.000000000 -197.000000000 -2900.000000000 -60.000000000 -197.000000000 -2900.000000000 -60.000000000 0.000000000
inner_beams/2/bottom -2900.000000000 0.000000000 0.000000000 -1000.000000000 -0.000000000 0.000000000 -975.625652061 0.000000000 -197.000000000 -2900.000000000 0.000000000 -197.000000000 -2900.000000000 0.000000000 0.000000000
wedges_inner_beams/0/top -2453.623376950 -2900.000000000 -564.944318955 -2453.623376950 -2657.398281650 -564.944318955 -2537.376931619 -2714.521506387 0.000000000 -2537.376931619 -2900.000000000 0.000000000 -2453.623376950 -2900.000000000 -564.944318955
wedges_inner_beams/0/bottom -2685.029407231 -2900.000000000 -640.606802478 -2685.029407231 -2815.226313252 -640.606802478 -2780.000000000 -2880.000000000 0.000000000 -2780.000000000 -2900.000000000 0.000000000 -2685.029407231 -2900.000000000 -640.606802478
wedges_inner_beams/1/top -2483.810805328 -2605.360581175 -561.506807041 -2605.360581175 -2483.810805328 -561.506807041 -2662.136228710 -2567.054745453 0.000000000 -2567.054745453 -2662.136228710 0.000000000 -2483.810805328 -2605.360581175 -561.506807041
wedges_inner_beams/1/bottom -2728.092660048 -2771.970432439 -641.379279618 -2771.970432439 -2728.092660048 -641.379279618 -2836.822226681 -2823.177773319 0.000000000 -2823.177773319 -2836.822226681 0.000000000 -2728.092660048 -2771.970432439 -641.379279618
wedges_inner_beams/2/top -2657.398281650 -2453.623376950 -564.944318955 -2900.000000000 -2453.623376950 -564.944318955 -2900.000000000 -2537.376931619 0.000000000 -2714.521506387 -2537.376931619 0.000000000 -2657.398281650 -2453.623376950 -564.944318955
wedges_inner_beams/2/bottom -2815.226313253 -2685.029407231 -640.606802478 -2900.000000000 -2685.029407231 -640.606802478 -2900.000000000 -2780.000000000 0.000000000 -2880.000000000 -2780.000000000 0.000000000 -2815.226313253 -2685.029407231 -640.606802478
tsections/0/top -2676.996184916 -2900.000000000 -694.793437627 -2116.666666667 -2900.000000000 -511.583333333 -1693.333333333 -2900.000000000 -398.333333333 -1270.000000000 -2900.000000000 -310.250000000 -846.666666667 -2900.000000000 -247.333333333 -423.333333333 -2900.000000000 -209.583333333 -60.000000000 -2900.000000000 -198.783464567 -60.000000000 -2900.000000000 -171.771539403 -424.934920159 -2900.000000000 -182.619014392 -849.853081263 -2900.000000000 -220.510338601 -1274.738586099 -2900.000000000 -283.657692174 -1699.577160139 -2900.000000000 -372.054222245 -2124.356731077 -2900.000000000 -485.691119273 -2681.012796074 -2900.000000000 -667.700120052 -2676.996184916 -2900.000000000 -694.793437627
tsections/0/bottom -2676.996184916 -2873.000000000 -694.793437627 -2116.666666667 -2873.000000000 -511.583333333 -1693.333333333 -2873.000000000 -398.333333333 -1270.000000000 -2873.000000000 -310.250000000 -846.666666667 -2873.000000000 -247.333333333 -423.333333333 -2873.000000000 -209.583333333 -60.000000000 -2873.000000000 -198.783464567 -60.000000000 -2873.000000000 -171.771539403 -424.934920159 -2873.000000000 -182.619014392 -849.853081263 -2873.000000000 -220.510338601 -1274.738586099 -2873.000000000 -283.657692174 -1699.577160139 -2873.000000000 -372.054222245 -2124.356731077 -2873.000000000 -485.691119273 -2681.012796074 -2873.000000000 -667.700120052 -2676.996184916 -2873.000000000 -694.793437627
tsections/1/top -2676.996184916 -2809.747339071 -694.793437627 -2116.666666667 -2427.580526881 -511.583333333 -1693.333333333 -2138.850511373 -398.333333333 -1270.000000000 -1850.120495864 -310.250000000 -846.666666667 -1561.390480356 -247.333333333 -423.333333333 -1272.660464848 -209.583333333 -60.000000000 -1024.852813742 -198.783464567 -60.000000000 -1024.852813742 -171.771539403 -424.934920159 -1273.752810176 -182.619014392 -849.853081263 -1563.563740677 -220.510338601 -1274.738586099 -1853.352398316 -283.657692174 -1699.577160139 -2143.109047303 -372.054222245 -2124.356731077 -2432.825453849 -485.691119273 -2681.012796074 -2812.486826162 -667.700120052 -2676.996184916 -2809.747339071 -694.793437627
tsections/1/bottom -2676.097890170 -2841.816688952 -700.852720913 -2097.236668673 -2447.010524874 -511.583333333 -1673.903335340 -2158.280509366 -398.333333333 -1250.570002007 -1869.550493858 -310.250000000 -827.236668673 -1580.820478349 -247.333333333 -403.903335340 -1292.090462841 -209.583333333 -60.000000000 -1057.534836040 -199.361009783 -60.000000000 -1057.534836040 -171.771539403 -424.934920159 -1306.434832473 -182.619014392 -849.853081263 -1596.245762974 -220.510338601 -1274.738586099 -1886.034420613 -283.657692174 -1699.577160139 -2175.791069600 -372.054222245 -2124.356731077 -2465.507476146 -485.691119273 -2681.012796074 -2845.168848459 -667.700120052 -2676.097890170 -2841.816688952 -700.852720913
tsections/2/top -2720.173958235 -2766.569565753 -694.793437627 -2159.844439985 -2384.402753562 -511.583333333 -1736.511106652 -2095.672738054 -398.333333333 -1313.177773319 -1806.942722546 -310.250000000 -889.844439985 -1518.212707038 -247.333333333 -466.511106652 -1229.482691529 -209.583333333 -103.177773319 -981.675040424 -198.783464567 -103.177773319 -981.675040424 -171.775034130 -467.643997134 -1230.255367482 -182.608577397 -892.101808780 -1519.752321511 -220.458850758 -1316.543104585 -1809.238011086 -283.540185075 -1740.960371946 -2098.707312315 -371.849053501 -2165.346923805 -2388.155664362 -485.380810189 -2724.133309142 -2769.269999096 -668.086358623 -2720.173958235 -2766.569565753 -694.793437627
tsections/2/bottom -2739.603956228 -2747.139567759 -694.793437627 -2179.274437979 -2364.972755569 -511.583333333 -1755.941104645 -2076.242740061 -398.333333333 -1332.607771312 -1787.512724552 -310.250000000 -909.274437979 -1498.782709044 -247.333333333 -485.941104645 -1210.052693536 -209.583333333 -122.607771312 -962.245042430 -198.783464567 -122.607771312 -962.245042430 -171.775034130 -487.073995127 -1210.825369488 -182.608577397 -911.531806773 -1500.322323517 -220.458850758 -1335.973102578 -1789.808013093 -283.540185075 -1760.390369939 -2079.277314322 -371.849053501 -2184.776921798 -2368.725666369 -485.380810189 -2743.563307135 -2749.840001103 -668.086358623 -2739.603956228 -2747.139567759 -694.793437627
tsections/3/top -2766.569565753 -2720.173958235 -694.793437627 -2384.402753562 -2159.844439985 -511.583333333 -2095.672738054 -1736.511106652 -398.333333333 -1806.942722546 -1313.177773319 -310.250000000 -1518.212707038 -889.844439985 -247.333333333 -1229.482691529 -466.511106652 -209.583333333 -981.675040424 -103.177773319 -198.783464567 -981.675040424 -103.177773319 -171.775034130 -1230.255367482 -467.643997134 -182.608577397 -1519.752321511 -892.101808780 -220.458850758 -1809.238011086 -1316.543104585 -283.540185075 -2098.707312315 -1740.960371946 -371.849053501 -2388.155664362 -2165.346923805 -485.380810189 -2769.269999096 -2724.133309142 -668.086358623 -2766.569565753 -2720.173958235 -694.793437627
tsections/3/bottom -2747.139567759 -2739.603956228 -694.793437627 -2364.972755569 -2179.274437979 -511.583333333 -2076.242740061 -1755.941104645 -398.333333333 -1787.512724552 -1332.607771312 -310.250000000 -1498.782709044 -909.274437979 -247.333333333 -1210.052693536 -485.941104645 -209.583333333 -962.245042430 -122.607771312 -198.783464567 -962.245042430 -122.607771312 -171.775034130 -1210.825369488 -487.073995127 -182.608577397 -1500.322323517 -911.531806773 -220.458850758 -1789.808013093 -1335.973102578 -283.540185075 -2079.277314322 -1760.390369939 -371.849053501 -2368.725666369 -2184.776921798 -485.380810189 -2749.840001103 -2743.563307135 -668.086358623 -2747.139567759 -2739.603956228 -694.793437627
tsections/4/top -2809.747339071 -2676.996184916 -694.793437627 -2427.580526881 -2116.666666667 -511.583333333 -2138.850511373 -1693.333333333 -398.333333333 -1850.120495864 -1270.000000000 -310.250000000 -1561.390480356 -846.666666667 -247.333333333 -1272.660464848 -423.333333333 -209.583333333 -1024.852813742 -60.000000000 -198.783464567 -1024.852813742 -60.000000000 -171.771539403 -1273.752810176 -424.934920159 -182.619014392 -1563.563740677 -849.853081263 -220.510338601 -1853.352398316 -1274.738586099 -283.657692174 -2143.109047303 -1699.577160139 -372.054222245 -2432.825453849 -2124.356731077 -485.691119273 -2812.486826162 -2681.012796074 -667.700120052 -2809.747339071 -2676.996184916 -694.793437627
tsections/4/bottom -2841.816688952 -2676.097890170 -700.852720913 -2447.010524874 -2097.236668673 -511.583333333 -2158.280509366 -1673.903335340 -398.333333333 -1869.550493858 -1250.570002007 -310.250000000 -1580.820478349 -827.236668673 -247.333333333 -1292.090462841 -403.903335340 -209.583333333 -1057.534836040 -60.000000000 -199.361009783 -1057.534836040 -60.000000000 -171.771539403 -1306.434832473 -424.934920159 -182.619014392 -1596.245762974 -849.853081263 -220.510338601 -1886.034420613 -1274.738586099 -283.657692174 -2175.791069600 -1699.577160139 -372.054222245 -2465.507476146 -2124.356731077 -485.691119273 -2845.168848459 -2681.012796074 -667.700120052 -2841.816688952 -2676.097890170 -700.852720913
tsections/5/top -2900.000000000 -2676.996184916 -694.793437627 -2900.000000000 -2116.666666667 -511.583333333 -2900.000000000 -1693.333333333 -398.333333333 -2900.000000000 -1270.000000000 -310.250000000 -2900.000000000 -846.666666667 -247.333333333 -2900.000000000 -423.333333333 -209.583333333 -2900.000000000 -60.000000000 -198.783464567 -2900.000000000 -60.000000000 -171.771539403 -2900.000000000 -424.934920159 -182.619014392 -2900.000000000 -849.853081263 -220.510338601 -2900.000000000 -1274.738586099 -283.657692174 -2900.000000000 -1699.577160139 -372.054222245 -2900.000000000 -2124.356731077 -485.691119273 -2900.000000000 -2681.012796074 -667.700120052 -2900.000000000 -2676.996184916 -694.793437627
tsections/5/bottom -2873.000000000 -2676.996184916 -694.793437627 -2873.000000000 -2116.666666667 -511.583333333 -2873.000000000 -1693.333333333 -398.333333333 -2873.000000000 -1270.000000000 -310.250000000 -2873.000000000 -846.666666667 -247.333333333 -2873.000000000 -423.333333333 -209.583333333 -2873.000000000 -60.000000000 -198.783464567 -2873.000000000 -60.000000000 -171.771539403 -2873.000000000 -424.934920159 -182.619014392 -2873.000000000 -849.853081263 -220.510338601 -2873.000000000 -1274.738586099 -283.657692174 -2873.000000000 -1699.577160139 -372.054222245 -2873.000000000 -2124.356731077 -485.691119273 -2873.000000000 -2681.012796074 -667.700120052 -2873.000000000 -2676.996184916 -694.793437627
beds/0/top -2685.029407231 -2815.226313253 -640.606802478 -2132.046795490 -2438.070380819 -459.798905214 -2132.046795490 -2900.000000000 -459.798905214 -2685.029407231 -2900.000000000 -640.606802478 -2685.029407231 -2815.226313253 -640.606802478
beds/0/bottom -2681.012796074 -2812.486826162 -667.700120052 -2124.356731077 -2432.825453849 -485.691119273 -2124.356731077 -2900.000000000 -485.691119273 -2681.012796074 -2900.000000000 -667.700120052 -2681.012796074 -2812.486826162 -667.700120052
beds/0/row 0.000000000
beds/1/top -2132.046795490 -2438.070380819 -459.798905214 -1705.820986949 -2147.367583236 -345.775111158 -1705.820986949 -2900.000000000 -345.775111158 -2132.046795490 -2900.000000000 -459.798905214 -2132.046795490 -2438.070380819 -459.798905214
beds/1/bottom -2124.356731077 -2432.825453849 -485.691119273 -1699.577160139 -2143.109047303 -372.054222245 -1699.577160139 -2900.000000000 -372.054222245 -2124.356731077 -2900.000000000 -485.691119273 -2124.356731077 -2432.825453849 -485.691119273
beds/1/row 0.000000000
beds/2/top -1705.820986949 -2147.367583236 -345.775111158 -1279.477172199 -1856.584300768 -257.065384348 -1279.477172199 -2900.000000000 -257.065384348 -1705.820986949 -2900.000000000 -345.775111158 -1705.820986949 -2147.367583236 -345.775111158
beds/2/bottom -1699.577160139 -2143.109047303 -372.054222245 -1274.738586099 -1853.352398316 -283.657692174 -1274.738586099 -2900.000000000 -283.657692174 -1699.577160139 -2900.000000000 -372.054222245 -1699.577160139 -2143.109047303 -372.054222245
beds/2/row 0.000000000
beds/3/top -1279.477172199 -1856.584300768 -257.065384348 -853.039495860 -1565.737000998 -193.687343869 -853.039495860 -2900.000000000 -193.687343869 -1279.477172199 -2900.000000000 -257.065384348 -1279.477172199 -1856.584300768 -257.065384348
beds/3/bottom -1274.738586099 -1853.352398316 -283.657692174 -849.853081263 -1563.563740677 -220.510338601 -849.853081263 -2900.000000000 -220.510338601 -1274.738586099 -2900.000000000 -283.657692174 -1274.738586099 -1853.352398316 -283.657692174
beds/3/row 0.000000000
beds/4/top -853.039495860 -1565.737000998 -193.687343869 -426.536506985 -1274.845155505 -155.654695452 -426.536506985 -2900.000000000 -155.654695452 -853.039495860 -2900.000000000 -193.687343869 -853.039495860 -1565.737000998 -193.687343869
beds/4/bottom -849.853081263 -1563.563740677 -220.510338601 -424.934920159 -1273.752810176 -182.619014392 -424.934920159 -2900.000000000 -182.619014392 -849.853081263 -2900.000000000 -220.510338601 -849.853081263 -1563.563740677 -220.510338601
beds/4/row 0.000000000
beds/5/top -426.536506985 -1274.845155505 -155.654695452 -60.000000000 -1024.852813742 -144.759614240 -60.000000000 -2900.000000000 -144.759614240 -426.536506985 -2900.000000000 -155.654695452 -426.536506985 -1274.845155505 -155.654695452
beds/5/bottom -424.934920159 -1273.752810176 -182.619014392 -60.000000000 -1024.852813742 -171.771539403 -60.000000000 -2900.000000000 -171.771539403 -424.934920159 -2900.000000000 -182.619014392 -424.934920159 -1273.752810176 -182.619014392
beds/5/row 0.000000000
beds/6/top -2728.092660048 -2771.970432439 -641.379279618 -2170.849407624 -2391.908575162 -459.178287044 -2391.908575162 -2170.849407624 -459.178287044 -2771.970432439 -2728.092660048 -641.379279618 -2728.092660048 -2771.970432439 -641.379279618
beds/6/bottom -2724.133309142 -2769.269999096 -668.086358623 -2165.346923805 -2388.155664362 -485.380810189 -2388.155664362 -2165.346923805 -485.380810189 -2769.269999096 -2724.133309142 -668.086358623 -2724.133309142 -2769.269999096 -668.086358623
beds/6/row 1.000000000
beds/7/top -2170.849407624 -2391.908575162 -459.178287044 -1745.409637242 -2101.741886578 -345.364773668 -2101.741886578 -1745.409637242 -345.364773668 -2391.908575162 -2170.849407624 -459.178287044 -2170.849407624 -2391.908575162 -459.178287044
beds/7/bottom -2165.346923805 -2388.155664362 -485.380810189 -1740.960371946 -2098.707312315 -371.849053501 -2098.707312315 -1740.960371946 -371.849053501 -2388.155664362 -2165.346923805 -485.380810189 -2165.346923805 -2388.155664362 -485.380810189
beds/7/row 1.000000000
beds/8/top -1745.409637242 -2101.741886578 -345.364773668 -1319.908435851 -1811.533299626 -256.830370151 -1811.533299626 -1319.908435851 -256.830370151 -2101.741886578 -1745.409637242 -345.364773668 -1745.409637242 -2101.741886578 -345.364773668
beds/8/bottom -1740.960371946 -2098.707312315 -371.849053501 -1316.543104585 -1809.238011086 -283.540185075 -1809.238011086 -1316.543104585 -283.540185075 -2098.707312315 -1740.960371946 -371.849053501 -1740.960371946 -2098.707312315 -371.849053501
beds/8/row 1.000000000
beds/9/top -1319.908435851 -1811.533299626 -256.830370151 -894.359177573 -1521.291935983 -193.584368182 -1521.291935983 -894.359177573 -193.584368182 -1811.533299626 -1319.908435851 -256.830370151 -1319.908435851 -1811.533299626 -256.830370151
beds/9/bottom -1316.543104585 -1809.238011086 -283.540185075 -892.101808780 -1519.752321511 -220.458850758 -1519.752321511 -892.101808780 -220.458850758 -1809.238011086 -1316.543104585 -283.540185075 -1316.543104585 -1809.238011086 -283.540185075
beds/9/row 1.000000000
beds/10/top -894.359177573 -1521.291935983 -193.584368182 -468.776887617 -1231.028043435 -155.633821460 -1231.028043435 -468.776887617 -155.633821460 -1521.291935983 -894.359177573 -193.584368182 -894.359177573 -1521.291935983 -193.584368182
beds/10/bottom -892.101808780 -1519.752321511 -220.458850758 -467.643997134 -1230.255367482 -182.608577397 -1230.255367482 -467.643997134 -182.608577397 -1519.752321511 -892.101808780 -220.458850758 -892.101808780 -1519.752321511 -220.458850758
beds/10/row 1.000000000
beds/11/top -468.776887617 -1231.028043435 -155.633821460 -103.177773319 -981.675040424 -144.766603692 -981.675040424 -103.177773319 -144.766603692 -1231.028043435 -468.776887617 -155.633821460 -468.776887617 -1231.028043435 -155.633821460
beds/11/bottom -467.643997134 -1230.255367482 -182.608577397 -103.177773319 -981.675040424 -171.775034130 -981.675040424 -103.177773319 -171.775034130 -1230.255367482 -467.643997134 -182.608577397 -467.643997134 -1230.255367482 -182.608577397
beds/11/row 1.000000000
beds/12/top -2815.226313253 -2685.029407231 -640.606802478 -2438.070380819 -2132.046795490 -459.798905214 -2900.000000000 -2132.046795490 -459.798905214 -2900.000000000 -2685.029407231 -640.606802478 -2815.226313253 -2685.029407231 -640.606802478
beds/12/bottom -2812.486826162 -2681.012796074 -667.700120052 -2432.825453849 -2124.356731077 -485.691119273 -2900.000000000 -2124.356731077 -485.691119273 -2900.000000000 -2681.012796074 -667.700120052 -2812.486826162 -2681.012796074 -667.700120052
beds/12/row 2.000000000
beds/13/top -2438.070380819 -2132.046795490 -459.798905214 -2147.367583236 -1705.820986949 -345.775111158 -2900.000000000 -1705.820986949 -345.775111158 -2900.000000000 -2132.046795490 -459.798905214 -2438.070380819 -2132.046795490 -459.798905214
beds/13/bottom -2432.825453849 -2124.356731077 -485.691119273 -2143.109047303 -1699.577160139 -372.054222245 -2900.000000000 -1699.577160139 -372.054222245 -2900.000000000 -2124.356731077 -485.691119273 -2432.825453849 -2124.356731077 -485.691119273
beds/13/row 2.000000000
beds/14/top -2147.367583236 -1705.820986949 -345.775111158 -1856.584300768 -1279.477172199 -257.065384348 -2900.000000000 -1279.477172199 -257.065384348 -2900.000000000 -1705.820986949 -345.775111158 -2147.367583236 -1705.820986949 -345.775111158
beds/14/bottom -2143.109047303 -1699.577160139 -372.054222245 -1853.352398316 -1274.738586099 -283.657692174 -2900.000000000 -1274.738586099 -283.657692174 -2900.000000000 -1699.577160139 -372.054222245 -2143.109047303 -1699.577160139 -372.054222245
beds/14/row 2.000000000
beds/15/top -1856.584300768 -1279.477172199 -257.065384348 -1565.737000998 -853.039495860 -193.687343869 -2900.000000000 -853.039495860 -193.687343869 -2900.000000000 -1279.477172199 -257.065384348 -1856.584300768 -1279.477172199 -257.065384348
beds/15/bottom -1853.352398316 -1274.738586099 -283.657692174 -1563.563740677 -849.853081263 -220.510338601 -2900.000000000 -849.853081263 -220.510338601 -2900.000000000 -1274.738586099 -283.657692174 -1853.352398316 -1274.738586099 -283.657692174
beds/15/row 2.000000000
beds/16/top -1565.737000998 -853.039495860 -193.687343869 -1274.845155505 -426.536506985 -155.654695452 -2900.000000000 -426.536506985 -155.654695452 -2900.000000000 -853.039495860 -193.687343869 -1565.737000998 -853.039495860 -193.687343869
beds/16/bottom -1563.563740677 -849.853081263 -220.510338601 -1273.752810176 -424.934920159 -182.619014392 -2900.000000000 -424.934920159 -182.619014392 -2900.000000000 -849.853081263 -220.510338601 -1563.563740677 -849.853081263 -220.510338601
beds/16/row 2.000000000
beds/17/top -1274.845155505 -426.536506985 -155.654695452 -1024.852813742 -60.000000000 -144.759614240 -2900.000000000 -60.000000000 -144.759614240 -2900.000000000 -426.536506985 -155.654695452 -1274.845155505 -426.536506985 -155.654695452
beds/17/bottom -1273.752810176 -424.934920159 -182.619014392 -1024.852813742 -60.000000000 -171.771539403 -2900.000000000 -60.000000000 -171.771539403 -2900.000000000 -424.934920159 -182.619014392 -1273.752810176 -424.934920159 -182.619014392
beds/17/row 2.000000000
oculus/0/top 0.000000000 -975.625652061 -197.000000000 0.000000000 -1000.000000000 0.000000000 -957.573593129 -42.426406871 0.000000000 -945.386419159 -30.239232902 -197.000000000 0.000000000 -975.625652061 -197.000000000
oculus/0/bottom 30.239232902 -945.386419159 -197.000000000 42.426406871 -957.573593129 0.000000000 -915.147186258 0.000000000 0.000000000 -915.147186258 0.000000000 -197.000000000 30.239232902 -945.386419159 -197.000000000
oculus/1/top 975.625652061 0.000000000 -197.000000000 1000.000000000 0.000000000 0.000000000 42.426406871 -957.573593129 0.000000000 30.239232902 -945.386419159 -197.000000000 975.625652061 0.000000000 -197.000000000
oculus/1/bottom 945.386419159 30.239232902 -197.000000000 957.573593129 42.426406871 0.000000000 0.000000000 -915.147186258 0.000000000 0.000000000 -915.147186258 -197.000000000 945.386419159 30.239232902 -197.000000000
oculus/2/top 0.000000000 975.625652061 -197.000000000 -0.000000000 1000.000000000 0.000000000 957.573593129 42.426406871 0.000000000 945.386419159 30.239232902 -197.000000000 0.000000000 975.625652061 -197.000000000
oculus/2/bottom -30.239232902 945.386419159 -197.000000000 -42.426406871 957.573593129 0.000000000 915.147186258 0.000000000 0.000000000 915.147186258 0.000000000 -197.000000000 -30.239232902 945.386419159 -197.000000000
oculus/3/top -975.625652061 0.000000000 -197.000000000 -1000.000000000 -0.000000000 0.000000000 -42.426406871 957.573593129 0.000000000 -30.239232902 945.386419159 -197.000000000 -975.625652061 0.000000000 -197.000000000
oculus/3/bottom -945.386419159 -30.239232902 -197.000000000 -957.573593129 -42.426406871 0.000000000 0.000000000 915.147186258 0.000000000 0.000000000 915.147186258 -197.000000000 -945.386419159 -30.239232902 -197.000000000
oculus/4/top 0.000000000 -915.147186258 -170.000000000 19.091883092 -896.055303166 -170.000000000 -876.963420074 -0.000000000 -170.000000000 -896.055303166 -19.091883092 -170.000000000 0.000000000 -915.147186258 -170.000000000
oculus/4/bottom 0.000000000 -915.147186258 -197.000000000 19.091883092 -896.055303166 -197.000000000 -876.963420074 -0.000000000 -197.000000000 -896.055303166 -19.091883092 -197.000000000 0.000000000 -915.147186258 -197.000000000
oculus/5/top 915.147186258 0.000000000 -170.000000000 896.055303166 19.091883092 -170.000000000 0.000000000 -876.963420074 -170.000000000 19.091883092 -896.055303166 -170.000000000 915.147186258 0.000000000 -170.000000000
oculus/5/bottom 915.147186258 0.000000000 -197.000000000 896.055303166 19.091883092 -197.000000000 0.000000000 -876.963420074 -197.000000000 19.091883092 -896.055303166 -197.000000000 915.147186258 0.000000000 -197.000000000
oculus/6/top 0.000000000 915.147186258 -170.000000000 -19.091883092 896.055303166 -170.000000000 876.963420074 0.000000000 -170.000000000 896.055303166 19.091883092 -170.000000000 0.000000000 915.147186258 -170.000000000
oculus/6/bottom 0.000000000 915.147186258 -197.000000000 -19.091883092 896.055303166 -197.000000000 876.963420074 0.000000000 -197.000000000 896.055303166 19.091883092 -197.000000000 0.000000000 915.147186258 -197.000000000
oculus/7/top -915.147186258 0.000000000 -170.000000000 -896.055303166 -19.091883092 -170.000000000 -0.000000000 876.963420074 -170.000000000 -19.091883092 896.055303166 -170.000000000 -915.147186258 0.000000000 -170.000000000
oculus/7/bottom -915.147186258 0.000000000 -197.000000000 -896.055303166 -19.091883092 -197.000000000 -0.000000000 876.963420074 -197.000000000 -19.091883092 896.055303166 -197.000000000 -915.147186258 0.000000000 -197.000000000
oculus/8/top 0.000000000 -915.147186258 -143.000000000 915.147186258 0.000000000 -143.000000000 0.000000000 915.147186258 -143.000000000 -915.147186258 0.000000000 -143.000000000 0.000000000 -915.147186258 -143.000000000
oculus/8/bottom 0.000000000 -915.147186258 -170.000000000 915.147186258 0.000000000 -170.000000000 0.000000000 915.147186258 -170.000000000 -915.147186258 0.000000000 -170.000000000 0.000000000 -915.147186258 -170.000000000
column_cutters/0/top -2794.592013166 -3109.952328002 98.427761933 -2794.592013166 -2789.952328002 98.427761933 -2662.367454216 -2709.771953784 -793.468870989 -2662.367454216 -3100.000000000 -793.468870989 -2794.592013166 -3109.952328002 98.427761933
column_cutters/0/bottom -2695.673142177 -3109.952328002 113.092582502 -2695.673142177 -2789.952328002 113.092582502 -2563.448583228 -2709.771953784 -778.804050419 -2563.448583228 -3100.000000000 -778.804050419 -2695.673142177 -3109.952328002 113.092582502
column_cutters/1/top -2719.241649884 -2965.302691284 98.427761933 -2960.663006121 -2723.881335047 98.427761933 -2865.890618737 -2596.369268665 -792.977761933 -2591.729583502 -2870.530303901 -792.977761933 -2719.241649884 -2965.302691284 98.427761933
column_cutters/1/bottom -2649.605225852 -2895.666267252 115.792579700 -2891.026582089 -2654.244911015 115.792579700 -2796.254194705 -2526.732844633 -775.612944166 -2522.093159470 -2800.893879869 -775.612944166 -2649.605225852 -2895.666267252 115.792579700
column_cutters/2/top -2780.000000000 -2794.664820569 98.918870989 -3100.000000000 -2794.664820569 98.918870989 -3090.047671998 -2662.440261620 -792.977761933 -2699.819625782 -2662.440261620 -792.977761933 -2780.000000000 -2794.664820569 98.918870989
column_cutters/2/bottom -2780.000000000 -2695.745949581 113.583691558 -3100.000000000 -2695.745949581 113.583691558 -3090.047671998 -2563.521390632 -778.312941363 -2699.819625782 -2563.521390632 -778.312941363 -2780.000000000 -2695.745949581 113.583691558
column_cutters/3/top -2585.826156710 -3126.371218035 -663.149317125 -2585.826156710 -2736.143171819 -663.149317125 -2780.000000000 -2680.000000000 -730.000000000 -2780.000000000 -3100.000000000 -730.000000000 -2585.826156710 -3126.371218035 -663.149317125
column_cutters/3/bottom -2553.273143153 -3126.371218035 -757.702483695 -2553.273143153 -2736.143171819 -757.702483695 -2747.446986442 -2680.000000000 -824.553166570 -2747.446986442 -3100.000000000 -824.553166570 -2553.273143153 -3126.371218035 -757.702483695
column_cutters/4/top -2567.366317110 -2806.414425056 -639.810736860 -2841.527352345 -2532.253389820 -639.810736860 -2905.710678119 -2654.289321881 -730.000000000 -2654.289321881 -2905.710678119 -730.000000000 -2567.366317110 -2806.414425056 -639.810736860
column_cutters/4/bottom -2527.408609256 -2766.456717203 -722.313846900 -2801.569644492 -2492.295681967 -722.313846900 -2865.752970265 -2614.331614028 -812.503110040 -2614.331614028 -2865.752970265 -812.503110040 -2527.408609256 -2766.456717203 -722.313846900
column_cutters/5/top -2709.771953784 -2582.479108216 -661.996986442 -3100.000000000 -2582.479108216 -661.996986442 -3100.000000000 -2780.000000000 -730.000000000 -2680.000000000 -2780.000000000 -730.000000000 -2709.771953784 -2582.479108216 -661.996986442
column_cutters/5/bottom -2709.771953784 -2549.926094659 -756.550153012 -3100.000000000 -2549.926094659 -756.550153012 -3100.000000000 -2747.446986442 -824.553166570 -2680.000000000 -2747.446986442 -824.553166570 -2709.771953784 -2549.926094659 -756.550153012
