quarter_polygon -2400.000000000 -3000.000000000 0.000000000 0.000000000 -3000.000000000 0.000000000 0.000000000 -1250.000000000 0.000000000 -800.000000000 0.000000000 0.000000000 -2400.000000000 0.000000000 0.000000000
quarter_column_polygon -2400.000000000 -3000.000000000 0.000000000 -2180.000000000 -3000.000000000 0.000000000 -2180.000000000 -2880.000000000 0.000000000 -2280.000000000 -2780.000000000 0.000000000 -2400.000000000 -2780.000000000 0.000000000
oculus_points 0.000000000 -1250.000000000 0.000000000 800.000000000 0.000000000 0.000000000 0.000000000 1250.000000000 0.000000000 -800.000000000 0.000000000 0.000000000
planes/outer_ribs/0/0 -1200.000000000 -3000.000000000 0.000000000 0.000000000 1.000000000 0.000000000
planes/outer_ribs/0/1 -1200.000000000 -2900.000000000 0.000000000 0.000000000 1.000000000 0.000000000
planes/outer_ribs/1/0 -2400.000000000 -1500.000000000 0.000000000 1.000000000 0.000000000 -0.000000000
planes/outer_ribs/1/1 -2300.000000000 -1500.000000000 0.000000000 1.000000000 0.000000000 -0.000000000
planes/inner_beams/0/0 0.000000000 -2125.000000000 0.000000000 -1.000000000 0.000000000 0.000000000
planes/inner_beams/0/1 -60.000000000 -2125.000000000 0.000000000 -1.000000000 0.000000000 0.000000000
planes/inner_beams/1/0 -400.000000000 -625.000000000 0.000000000 -0.839066304 -0.537002434 -0.087155743
planes/inner_beams/1/1 -450.536284040 -657.343221785 0.000000000 -0.842271401 -0.539053696 0.000000000
planes/inner_beams/2/0 -1600.000000000 0.000000000 0.000000000 0.000000000 -1.000000000 0.000000000
planes/inner_beams/2/1 -1600.000000000 -60.000000000 0.000000000 0.000000000 -1.000000000 0.000000000
planes/inner_ribs/0/0 -1120.000000000 -2073.778082799 0.000000000 -0.605379237 0.795937170 0.000000000
planes/inner_ribs/0/1 -1156.322754233 -2026.021852578 0.000000000 -0.605379237 0.795937170 0.000000000
planes/inner_ribs/1/0 -1556.417972991 -1420.000000000 0.000000000 0.882824540 -0.469702919 0.000000000
planes/inner_ribs/1/1 -1503.448500611 -1448.182175143 0.000000000 0.882824540 -0.469702919 0.000000000
planes/wedges/0/0 -2180.000000000 -2940.000000000 0.000000000 0.990117934 -0.000000000 0.140237214
planes/wedges/0/1 -1942.371695773 -2940.000000000 33.656931386 0.990117934 -0.000000000 0.140237214
planes/wedges/1/0 -2230.000000000 -2830.000000000 0.000000000 0.696364240 0.696364240 0.173648178
planes/wedges/1/1 -2021.090727904 -2621.090727904 52.094453300 0.696364240 0.696364240 0.173648178
planes/wedges/2/0 -2340.000000000 -2780.000000000 0.000000000 0.000000000 0.987011230 0.160651272
planes/wedges/2/1 -2340.000000000 -2543.117304724 38.556305306 0.000000000 0.987011230 0.160651272
planes/wedges/3/0 -60.000000000 -2125.000000000 0.000000000 -1.000000000 0.000000000 0.000000000
planes/wedges/3/1 -120.000000000 -2125.000000000 0.000000000 -1.000000000 0.000000000 0.000000000
planes/wedges/4/0 -450.536284040 -657.343221785 0.000000000 -0.842271401 -0.539053696 0.000000000
planes/wedges/4/1 -501.072568079 -689.686443571 0.000000000 -0.842271401 -0.539053696 0.000000000
planes/wedges/5/0 -1600.000000000 -60.000000000 0.000000000 0.000000000 -1.000000000 0.000000000
planes/wedges/5/1 -1600.000000000 -120.000000000 0.000000000 0.000000000 -1.000000000 0.000000000
planes/t_sections/0/0 -1200.000000000 -2900.000000000 0.000000000 0.000000000 1.000000000 0.000000000
planes/t_sections/0/1 -1200.000000000 -2873.000000000 0.000000000 0.000000000 1.000000000 0.000000000
planes/t_sections/1/0 -1120.000000000 -2073.778082799 0.000000000 -0.605379237 0.795937170 0.000000000
planes/t_sections/1/1 -1103.654760595 -2095.268386398 0.000000000 -0.605379237 0.795937170 0.000000000
planes/t_sections/2/0 -1156.322754233 -2026.021852578 0.000000000 -0.605379237 0.795937170 0.000000000
planes/t_sections/2/1 -1172.667993638 -2004.531548978 0.000000000 -0.605379237 0.795937170 0.000000000
planes/t_sections/3/0 -1556.417972991 -1420.000000000 0.000000000 0.882824540 -0.469702919 0.000000000
planes/t_sections/3/1 -1580.254235562 -1407.318021186 0.000000000 0.882824540 -0.469702919 0.000000000
planes/t_sections/4/0 -1503.448500611 -1448.182175143 0.000000000 0.882824540 -0.469702919 0.000000000
planes/t_sections/4/1 -1479.612238040 -1460.864153957 0.000000000 0.882824540 -0.469702919 0.000000000
planes/t_sections/5/0 -2300.000000000 -1500.000000000 0.000000000 1.000000000 0.000000000 -0.000000000
planes/t_sections/5/1 -2273.000000000 -1500.000000000 0.000000000 1.000000000 0.000000000 -0.000000000
quads/outer_ribs/0 -2180.000000000 -3000.000000000 0.000000000 0.000000000 -3000.000000000 0.000000000 0.000000000 -2900.000000000 0.000000000 -2180.000000000 -2900.000000000 0.000000000
quads/outer_ribs/1 -2400.000000000 -2780.000000000 0.000000000 -2400.000000000 0.000000000 0.000000000 -2300.000000000 0.000000000 0.000000000 -2300.000000000 -2780.000000000 0.000000000
quads/inner_beams/0 0.000000000 -2900.000000000 0.000000000 0.000000000 -1250.000000000 0.000000000 -60.000000000 -1156.250000000 0.000000000 -60.000000000 -2900.000000000 0.000000000
quads/inner_beams/1 -60.000000000 -1156.250000000 0.000000000 -761.600000000 -60.000000000 0.000000000 -832.835945982 -60.000000000 0.000000000 -60.000000000 -1267.556165597 0.000000000
quads/inner_beams/2 -800.000000000 0.000000000 0.000000000 -2300.000000000 0.000000000 0.000000000 -2300.000000000 -60.000000000 0.000000000 -761.600000000 -60.000000000 0.000000000
quads/inner_ribs/0 -2222.816882523 -2837.183117477 0.000000000 -92.449427761 -1216.853934721 0.000000000 -60.000000000 -1267.556165597 0.000000000 -2180.000000000 -2880.000000000 0.000000000
quads/inner_ribs/1 -2235.638608582 -2824.361391418 0.000000000 -795.724120615 -117.987227137 0.000000000 -832.835945982 -60.000000000 0.000000000 -2280.000000000 -2780.000000000 0.000000000
quads/wedges/0 -2180.000000000 -2880.000000000 0.000000000 -2180.000000000 -2900.000000000 0.000000000 -1937.604633053 -2900.000000000 0.000000000 -1937.604633053 -2695.637304282 0.000000000
quads/wedges/1 -2235.638608582 -2824.361391418 0.000000000 -2222.816882523 -2837.183117477 0.000000000 -1978.120598990 -2651.070375173 0.000000000 -2086.028147305 -2543.162826858 0.000000000
quads/wedges/2 -2300.000000000 -2780.000000000 0.000000000 -2280.000000000 -2780.000000000 0.000000000 -2150.628679775 -2536.841672487 0.000000000 -2300.000000000 -2536.841672487 0.000000000
quads/wedges/3 -60.000000000 -2900.000000000 0.000000000 -60.000000000 -1267.556165597 0.000000000 -120.000000000 -1313.191368458 0.000000000 -120.000000000 -2900.000000000 0.000000000
quads/wedges/4 -92.449427761 -1216.853934721 0.000000000 -795.724120615 -117.987227137 0.000000000 -828.061405049 -178.766385806 0.000000000 -140.362475909 -1253.295962587 0.000000000
quads/wedges/5 -832.835945982 -60.000000000 0.000000000 -2300.000000000 -60.000000000 0.000000000 -2300.000000000 -120.000000000 0.000000000 -864.758682468 -120.000000000 0.000000000
quads/t_sections/0 -1937.604633053 -2900.000000000 0.000000000 -60.000000000 -2900.000000000 0.000000000 -60.000000000 -2873.000000000 0.000000000 -1937.604633053 -2873.000000000 0.000000000
quads/t_sections/1 -1937.604633053 -2695.637304282 0.000000000 -60.000000000 -1267.556165597 0.000000000 -60.000000000 -1301.478441131 0.000000000 -1937.604633053 -2729.559579816 0.000000000
quads/t_sections/2 -1978.120598990 -2651.070375173 0.000000000 -92.449427761 -1216.853934721 0.000000000 -107.051670253 -1194.037930827 0.000000000 -1997.388196125 -2631.802778038 0.000000000
quads/t_sections/3 -2150.628679775 -2536.841672487 0.000000000 -832.835945982 -60.000000000 0.000000000 -863.419599683 -60.000000000 0.000000000 -2181.212333476 -2536.841672487 0.000000000
quads/t_sections/4 -2086.028147305 -2543.162826858 0.000000000 -795.724120615 -117.987227137 0.000000000 -779.023799199 -144.081479348 0.000000000 -2066.065521167 -2563.125452996 0.000000000
quads/t_sections/5 -2300.000000000 -2536.841672487 0.000000000 -2300.000000000 -60.000000000 0.000000000 -2273.000000000 -60.000000000 0.000000000 -2273.000000000 -2536.841672487 0.000000000
parabolas/0/0 -1940.000000000 -3000.000000000 -650.000000000 -1616.666666667 -3000.000000000 -511.583333333 -1293.333333333 -3000.000000000 -398.333333333 -970.000000000 -3000.000000000 -310.250000000 -646.666666667 -3000.000000000 -247.333333333 -323.333333333 -3000.000000000 -209.583333333 0.000000000 -3000.000000000 -197.000000000
parabolas/0/1 -1950.625783173 -3000.000000000 -625.178784640 -1626.453385130 -3000.000000000 -486.402920426 -1301.354467611 -3000.000000000 -372.534510913 -976.135306897 -3000.000000000 -283.937435430 -650.816744721 -3000.000000000 -220.634467790 -325.426976731 -3000.000000000 -182.644373744 -1.049978362 -3000.000000000 -170.020423550
parabolas/0/2 -1961.251566347 -3000.000000000 -600.357569280 -1636.240103591 -3000.000000000 -461.222507518 -1309.375601889 -3000.000000000 -346.735688493 -982.270613794 -3000.000000000 -257.624870860 -654.966822775 -3000.000000000 -193.935602247 -327.520620128 -3000.000000000 -155.705414154 -2.099956724 -3000.000000000 -143.040847099
parabolas/1/0 -2400.000000000 -2540.000000000 -650.000000000 -2400.000000000 -2116.666666667 -511.583333333 -2400.000000000 -1693.333333333 -398.333333333 -2400.000000000 -1270.000000000 -310.250000000 -2400.000000000 -846.666666667 -247.333333333 -2400.000000000 -423.333333333 -209.583333333 -2400.000000000 0.000000000 -197.000000000
parabolas/1/1 -2400.000000000 -2548.391002340 -624.336970566 -2400.000000000 -2124.356731077 -485.691119273 -2400.000000000 -1699.577160139 -372.054222245 -2400.000000000 -1274.738586099 -283.657692174 -2400.000000000 -849.853081263 -220.510338601 -2400.000000000 -424.934920159 -182.619014392 -2400.000000000 -0.802204743 -170.011919899
parabolas/1/2 -2400.000000000 -2556.782004681 -598.673941132 -2400.000000000 -2132.046795490 -459.798905214 -2400.000000000 -1705.820986949 -345.775111158 -2400.000000000 -1279.477172199 -257.065384348 -2400.000000000 -853.039495860 -193.687343869 -2400.000000000 -426.536506985 -155.654695452 -2400.000000000 -1.604409486 -143.023839798
parabolas/2/0 -1940.000000000 -2697.459188558 -650.000000000 -1616.666666667 -2451.536150921 -511.583333333 -1293.333333333 -2205.613113284 -398.333333333 -970.000000000 -1959.690075648 -310.250000000 -646.666666667 -1713.767038011 -247.333333333 -323.333333333 -1467.844000374 -209.583333333 0.000000000 -1221.920962737 -197.000000000
parabolas/2/1 -1950.625783173 -2705.541018069 -625.178784640 -1626.453385130 -2458.979798962 -486.402920426 -1301.354467611 -2211.713881450 -372.534510913 -976.135306897 -1964.356508562 -283.937435430 -650.816744721 -1716.923532242 -220.634467790 -325.426976731 -1469.436397727 -182.644373744 -1.049978362 -1222.719562329 -170.020423550
parabolas/2/2 -1961.251566347 -2713.622847581 -600.357569280 -1636.240103591 -2466.423447000 -461.222507518 -1309.375601889 -2217.814649616 -346.735688493 -982.270613794 -1969.022941476 -257.624870860 -654.966822775 -1720.080026474 -193.935602247 -327.520620128 -1471.028795079 -155.705414154 -2.099956724 -1223.518161922 -143.040847099
parabolas/3/0 -2152.309054057 -2540.000000000 -650.000000000 -1927.076413297 -2116.666666667 -511.583333333 -1701.843772537 -1693.333333333 -398.333333333 -1476.611131777 -1270.000000000 -310.250000000 -1251.378491017 -846.666666667 -247.333333333 -1026.145850257 -423.333333333 -209.583333333 -800.913209497 0.000000000 -197.000000000
parabolas/3/1 -2156.773450000 -2548.391002340 -624.336970566 -1931.167878293 -2124.356731077 -485.691119273 -1705.165773167 -1699.577160139 -372.054222245 -1479.132275699 -1274.738586099 -283.657692174 -1253.073808908 -849.853081263 -220.510338601 -1026.997967493 -424.934920159 -182.619014392 -801.340019007 -0.802204743 -170.011919899
parabolas/3/2 -2161.237845943 -2556.782004681 -598.673941132 -1935.259343290 -2132.046795490 -459.798905214 -1708.487773798 -1705.820986949 -345.775111158 -1481.653419623 -1279.477172199 -257.065384348 -1254.769126800 -853.039495860 -193.687343869 -1027.850084730 -426.536506985 -155.654695452 -801.766828517 -1.604409486 -143.023839798
block_level_bottom -610.945644237
block_level_top -370.945644237
bed_top_planes/0 -1861.781573872 -2768.983646414 -557.775183326 -0.393547525 0.000000000 0.919304273
bed_top_planes/1 -1979.735422769 -2537.653664962 -557.775183326 -0.213376416 -0.250898806 0.944203524
bed_top_planes/2 -2190.008413287 -2404.124002937 -548.759582688 -0.000000000 -0.310777864 0.950482572
outer_ribs/0/top 0.000000000 -3000.000000000 0.000000000 -2180.000000000 -3000.000000000 0.000000000 -2079.478903050 -3000.000000000 -709.709911847 -1616.666666667 -3000.000000000 -511.583333333 -1293.333333333 -3000.000000000 -398.333333333 -970.000000000 -3000.000000000 -310.250000000 -646.666666667 -3000.000000000 -247.333333333 -323.333333333 -3000.000000000 -209.583333333 0.000000000 -3000.000000000 -197.000000000 0.000000000 -3000.000000000 0.000000000
outer_ribs/0/bottom 0.000000000 -2900.000000000 0.000000000 -2180.000000000 -2900.000000000 0.000000000 -2079.478903050 -2900.000000000 -709.709911847 -1616.666666667 -2900.000000000 -511.583333333 -1293.333333333 -2900.000000000 -398.333333333 -970.000000000 -2900.000000000 -310.250000000 -646.666666667 -2900.000000000 -247.333333333 -323.333333333 -2900.000000000 -209.583333333 0.000000000 -2900.000000000 -197.000000000 0.000000000 -2900.000000000 0.000000000
outer_ribs/1/top -2400.000000000 0.000000000 0.000000000 -2400.000000000 -2780.000000000 0.000000000 -2400.000000000 -2667.421242515 -691.662733035 -2400.000000000 -2116.666666667 -511.583333333 -2400.000000000 -1693.333333333 -398.333333333 -2400.000000000 -1270.000000000 -310.250000000 -2400.000000000 -846.666666667 -247.333333333 -2400.000000000 -423.333333333 -209.583333333 -2400.000000000 0.000000000 -197.000000000 -2400.000000000 0.000000000 0.000000000
outer_ribs/1/bottom -2300.000000000 0.000000000 0.000000000 -2300.000000000 -2780.000000000 0.000000000 -2300.000000000 -2667.421242515 -691.662733035 -2300.000000000 -2116.666666667 -511.583333333 -2300.000000000 -1693.333333333 -398.333333333 -2300.000000000 -1270.000000000 -310.250000000 -2300.000000000 -846.666666667 -247.333333333 -2300.000000000 -423.333333333 -209.583333333 -2300.000000000 0.000000000 -197.000000000 -2300.000000000 0.000000000 0.000000000
inner_ribs/0/top -60.000000000 -1267.556165597 0.000000000 -2180.000000000 -2880.000000000 0.000000000 -2079.478903050 -2803.544989148 -709.709911847 -1616.666666667 -2451.536150921 -511.583333333 -1293.333333333 -2205.613113284 -398.333333333 -970.000000000 -1959.690075648 -310.250000000 -646.666666667 -1713.767038011 -247.333333333 -323.333333333 -1467.844000374 -209.583333333 -60.000000000 -1267.556165597 -199.335051546 -60.000000000 -1267.556165597 0.000000000
inner_ribs/0/bottom -106.791561162 -1227.762370842 0.000000000 -2226.791561162 -2840.206205244 0.000000000 -2126.270464212 -2763.751194393 -709.709911847 -1663.458227829 -2411.742356165 -511.583333333 -1340.124894495 -2165.819318529 -398.333333333 -1016.791561162 -1919.896280892 -310.250000000 -693.458227829 -1673.973243255 -247.333333333 -370.124894495 -1428.050205618 -209.583333333 -106.791561162 -1227.762370842 -199.335051546 -106.791561162 -1227.762370842 0.000000000
inner_ribs/1/top -832.835945982 -60.000000000 0.000000000 -2280.000000000 -2780.000000000 0.000000000 -2220.102966516 -2667.421242515 -691.662733035 -1927.076413297 -2116.666666667 -511.583333333 -1701.843772537 -1693.333333333 -398.333333333 -1476.611131777 -1270.000000000 -310.250000000 -1251.378491017 -846.666666667 -247.333333333 -1026.145850257 -423.333333333 -209.583333333 -832.835945982 -60.000000000 -198.783464567 -832.835945982 -60.000000000 0.000000000
inner_ribs/1/bottom -786.044384820 -99.793794756 0.000000000 -2233.208438838 -2819.793794756 0.000000000 -2173.311405354 -2707.215037271 -691.662733035 -1880.284852135 -2156.460461423 -511.583333333 -1655.052211375 -1733.127128089 -398.333333333 -1429.819570615 -1309.793794756 -310.250000000 -1204.586929855 -886.460461423 -247.333333333 -979.354289095 -463.127128089 -209.583333333 -786.044384820 -99.793794756 -198.783464567 -786.044384820 -99.793794756 0.000000000
inner_beams/0/top -60.000000000 -2900.000000000 0.000000000 -60.000000000 -1156.250000000 0.000000000 -60.000000000 -1124.276809149 -197.000000000 -60.000000000 -2900.000000000 -197.000000000 -60.000000000 -2900.000000000 0.000000000
inner_beams/0/bottom 0.000000000 -2900.000000000 0.000000000 0.000000000 -1250.000000000 0.000000000 0.000000000 -1218.026809149 -197.000000000 0.000000000 -2900.000000000 -197.000000000 0.000000000 -2900.000000000 0.000000000
inner_beams/1/top -60.000000000 -1267.556165597 0.000000000 -832.835945982 -60.000000000 0.000000000 -832.835945982 -60.000000000 -197.000000000 -60.000000000 -1267.556165597 -197.000000000 -60.000000000 -1267.556165597 0.000000000
inner_beams/1/bottom -60.000000000 -1156.250000000 0.000000000 -761.600000000 -60.000000000 0.000000000 -741.137157855 -60.000000000 -197.000000000 -60.000000000 -1124.276809149 -197.000000000 -60.000000000 -1156.250000000 0.000000000
inner_beams/2/top -2300.000000000 -60.000000000 0.000000000 -761.600000000 -60.000000000 0.000000000 -741.137157855 -60.000000000 -197.000000000 -2300.000000000 -60.000000000 -197.000000000 -2300.000000000 -60.000000000 0.000000000
inner_beams/2/bottom -2300.000000000 0.000000000 0.000000000 -800.000000000 0.000000000 0.000000000 -779.537157855 0.000000000 -197.000000000 -2300.000000000 0.000000000 -197.000000000 -2300.000000000 0.000000000 0.000000000
wedges_inner_beams/0/top -1858.784802297 -2900.000000000 -556.492287041 -1858.784802297 -2635.687988183 -556.492287041 -1937.604633053 -2695.637304282 0.000000000 -1937.604633053 -2900.000000000 0.000000000 -1858.784802297 -2900.000000000 -556.492287041
wedges_inner_beams/0/bottom -2087.323044152 -2900.000000000 -654.327859134 -2087.323044152 -2809.511138656 -654.327859134 -2180.000000000 -2880.000000000 0.000000000 -2180.000000000 -2900.000000000 0.000000000 -2087.323044152 -2900.000000000 -654.327859134
wedges_inner_beams/1/top -1899.659528011 -2591.393926994 -553.959332485 -2038.504164081 -2453.839688953 -548.784575948 -2086.028147305 -2543.162826858 0.000000000 -1978.120598990 -2651.070375173 0.000000000 -1899.659528011 -2591.393926994 -553.959332485
wedges_inner_beams/1/bottom -2130.367148918 -2766.867078353 -652.723600094 -2179.271490772 -2718.417244992 -650.900929303 -2235.638608582 -2824.361391418 0.000000000 -2222.816882523 -2837.183117477 0.000000000 -2130.367148918 -2766.867078353 -652.723600094
wedges_inner_beams/2/top -2101.940121640 -2445.329671648 -562.232538540 -2300.000000000 -2445.329671648 -562.232538540 -2300.000000000 -2536.841672487 0.000000000 -2150.628679775 -2536.841672487 0.000000000 -2101.940121640 -2445.329671648 -562.232538540
wedges_inner_beams/2/bottom -2224.774309859 -2676.201210384 -637.720260162 -2300.000000000 -2676.201210384 -637.720260162 -2300.000000000 -2780.000000000 0.000000000 -2280.000000000 -2780.000000000 0.000000000 -2224.774309859 -2676.201210384 -637.720260162
tsections/0/top -2079.478903050 -2900.000000000 -709.709911847 -1616.666666667 -2900.000000000 -511.583333333 -1293.333333333 -2900.000000000 -398.333333333 -970.000000000 -2900.000000000 -310.250000000 -646.666666667 -2900.000000000 -247.333333333 -323.333333333 -2900.000000000 -209.583333333 -60.000000000 -2900.000000000 -199.335051546 -60.000000000 -2900.000000000 -172.314612536 -325.426976731 -2900.000000000 -182.644373744 -650.816744721 -2900.000000000 -220.634467790 -976.135306897 -2900.000000000 -283.937435430 -1301.354467611 -2900.000000000 -372.534510913 -1626.453385130 -2900.000000000 -486.402920426 -2083.400973601 -2900.000000000 -682.018885490 -2079.478903050 -2900.000000000 -709.709911847
tsections/0/bottom -2079.478903050 -2873.000000000 -709.709911847 -1616.666666667 -2873.000000000 -511.583333333 -1293.333333333 -2873.000000000 -398.333333333 -970.000000000 -2873.000000000 -310.250000000 -646.666666667 -2873.000000000 -247.333333333 -323.333333333 -2873.000000000 -209.583333333 -60.000000000 -2873.000000000 -199.335051546 -60.000000000 -2873.000000000 -172.314612536 -325.426976731 -2873.000000000 -182.644373744 -650.816744721 -2873.000000000 -220.634467790 -976.135306897 -2873.000000000 -283.937435430 -1301.354467611 -2873.000000000 -372.534510913 -1626.453385130 -2873.000000000 -486.402920426 -2083.400973601 -2873.000000000 -682.018885490 -2079.478903050 -2873.000000000 -709.709911847
tsections/1/top -2079.478903050 -2803.544989149 -709.709911847 -1616.666666667 -2451.536150921 -511.583333333 -1293.333333333 -2205.613113284 -398.333333333 -970.000000000 -1959.690075648 -310.250000000 -646.666666667 -1713.767038011 -247.333333333 -323.333333333 -1467.844000374 -209.583333333 -60.000000000 -1267.556165597 -199.335051546 -60.000000000 -1267.556165597 -172.314612536 -325.426976731 -1469.436397727 -182.644373744 -650.816744721 -1716.923532242 -220.634467790 -976.135306897 -1964.356508562 -283.937435430 -1301.354467611 -2211.713881450 -372.534510913 -1626.453385130 -2458.979798962 -486.402920426 -2083.400973601 -2806.528063902 -682.018885490 -2079.478903050 -2803.544989149 -709.709911847
tsections/1/bottom -2078.275173638 -2836.551724084 -718.208612321 -1595.610464144 -2469.443358561 -511.583333333 -1272.277130810 -2223.520320925 -398.333333333 -948.943797477 -1977.597283288 -310.250000000 -625.610464144 -1731.674245651 -247.333333333 -302.277130810 -1485.751208014 -209.583333333 -60.000000000 -1301.478441131 -200.154506851 -60.000000000 -1301.478441131 -172.314612536 -325.426976731 -1503.358673260 -182.644373744 -650.816744721 -1750.845807776 -220.634467790 -976.135306897 -1998.278784096 -283.937435430 -1301.354467611 -2245.636156983 -372.534510913 -1626.453385130 -2492.902074495 -486.402920426 -2083.400973601 -2840.450339436 -682.018885490 -2078.275173638 -2836.551724084 -718.208612321
tsections/2/top -2122.523007816 -2760.900928845 -708.105652807 -1663.458227829 -2411.742356165 -511.583333333 -1340.124894495 -2165.819318529 -398.333333333 -1016.791561162 -1919.896280892 -310.250000000 -693.458227829 -1673.973243255 -247.333333333 -370.124894495 -1428.050205618 -209.583333333 -92.449427761 -1216.853934721 -198.776891200 -92.449427761 -1216.853934721 -171.756452190 -372.218537893 -1429.642602971 -182.644373744 -697.608305883 -1677.129737486 -220.634467790 -1022.926868059 -1924.562713806 -283.937435430 -1348.146028773 -2171.920086694 -372.534510913 -1673.244946292 -2419.186004206 -486.402920426 -2126.445078367 -2763.884003599 -680.414626451 -2122.523007816 -2760.900928845 -708.105652807
tsections/2/bottom -2141.892854961 -2741.711101709 -707.383736239 -1684.514430352 -2393.835148525 -511.583333333 -1361.181097018 -2147.912110888 -398.333333333 -1037.847763685 -1901.989073252 -310.250000000 -714.514430352 -1656.066035615 -247.333333333 -391.181097018 -1410.142997978 -209.583333333 -107.051670253 -1194.037930827 -198.525719044 -107.051670253 -1194.037930827 -171.505280034 -393.274740416 -1411.735395331 -182.644373744 -718.664508406 -1659.222529846 -220.634467790 -1043.983070582 -1906.655506166 -283.937435430 -1369.202231296 -2154.012879054 -372.534510913 -1694.301148815 -2401.278796566 -486.402920426 -2145.814925512 -2744.694176463 -679.692709883 -2141.892854961 -2741.711101709 -707.383736239
tsections/3/top -2175.618778635 -2711.551833303 -693.080728745 -1880.284852135 -2156.460461423 -511.583333333 -1655.052211375 -1733.127128089 -398.333333333 -1429.819570615 -1309.793794756 -310.250000000 -1204.586929855 -886.460461423 -247.333333333 -979.354289095 -463.127128089 -209.583333333 -795.724120615 -117.987227137 -199.324253600 -795.724120615 -117.987227137 -172.312328437 -980.206406331 -464.728714915 -182.619014392 -1206.282247746 -889.646876019 -220.510338601 -1432.340714537 -1314.532380854 -283.657692174 -1658.374212005 -1739.370954895 -372.054222245 -1884.376317131 -2164.150525833 -485.691119273 -2177.954450307 -2715.941817237 -666.109492309 -2175.618778635 -2711.551833303 -693.080728745
tsections/3/bottom -2155.600894089 -2731.410599157 -693.718826815 -1859.228649612 -2174.367669063 -511.583333333 -1633.996008852 -1751.034335729 -398.333333333 -1408.763368092 -1327.701002396 -310.250000000 -1183.530727332 -904.367669063 -247.333333333 -958.298086572 -481.034335729 -209.583333333 -779.023799199 -144.081479348 -199.567608665 -779.023799199 -144.081479348 -172.555683502 -959.150203808 -482.635922555 -182.619014392 -1185.226045223 -907.554083659 -220.510338601 -1411.284512014 -1332.439588495 -283.657692174 -1637.318009482 -1757.278162535 -372.054222245 -1863.320114608 -2182.057733473 -485.691119273 -2157.936565761 -2735.800583091 -666.747590379 -2155.600894089 -2731.410599157 -693.718826815
tsections/4/top -2220.102966516 -2667.421242515 -691.662733035 -1927.076413297 -2116.666666667 -511.583333333 -1701.843772537 -1693.333333333 -398.333333333 -1476.611131777 -1270.000000000 -310.250000000 -1251.378491017 -846.666666667 -247.333333333 -1026.145850257 -423.333333333 -209.583333333 -832.835945982 -60.000000000 -198.783464567 -832.835945982 -60.000000000 -171.771539403 -1026.997967493 -424.934920159 -182.619014392 -1253.073808908 -849.853081263 -220.510338601 -1479.132275699 -1274.738586099 -283.657692174 -1705.165773167 -1699.577160139 -372.054222245 -1931.167878293 -2124.356731077 -485.691119273 -2222.438638187 -2671.811226450 -664.691496599 -2220.102966516 -2667.421242515 -691.662733035
tsections/4/bottom -2250.205198168 -2666.516391425 -697.221968119 -1948.132615820 -2098.759459027 -511.583333333 -1722.899975060 -1675.426125693 -398.333333333 -1497.667334300 -1252.092792360 -310.250000000 -1272.434693540 -828.759459027 -247.333333333 -1047.202052780 -405.426125693 -209.583333333 -863.419599683 -60.000000000 -199.315745739 -863.419599683 -60.000000000 -171.771539403 -1057.581621194 -424.934920159 -182.619014392 -1283.657462609 -849.853081263 -220.510338601 -1509.715929400 -1274.738586099 -283.657692174 -1735.749426868 -1699.577160139 -372.054222245 -1961.751531994 -2124.356731077 -485.691119273 -2253.022291888 -2671.811226450 -664.691496599 -2250.205198168 -2666.516391425 -697.221968119
tsections/5/top -2300.000000000 -2667.421242515 -691.662733035 -2300.000000000 -2116.666666667 -511.583333333 -2300.000000000 -1693.333333333 -398.333333333 -2300.000000000 -1270.000000000 -310.250000000 -2300.000000000 -846.666666667 -247.333333333 -2300.000000000 -423.333333333 -209.583333333 -2300.000000000 -60.000000000 -198.783464567 -2300.000000000 -60.000000000 -171.771539403 -2300.000000000 -424.934920159 -182.619014392 -2300.000000000 -849.853081263 -220.510338601 -2300.000000000 -1274.738586099 -283.657692174 -2300.000000000 -1699.577160139 -372.054222245 -2300.000000000 -2124.356731077 -485.691119273 -2300.000000000 -2671.811226450 -664.691496599 -2300.000000000 -2667.421242515 -691.662733035
tsections/5/bottom -2273.000000000 -2667.421242515 -691.662733035 -2273.000000000 -2116.666666667 -511.583333333 -2273.000000000 -1693.333333333 -398.333333333 -2273.000000000 -1270.000000000 -310.250000000 -2273.000000000 -846.666666667 -247.333333333 -2273.000000000 -423.333333333 -209.583333333 -2273.000000000 -60.000000000 -198.783464567 -2273.000000000 -60.000000000 -171.771539403 -2273.000000000 -424.934920159 -182.619014392 -2273.000000000 -849.853081263 -220.510338601 -2273.000000000 -1274.738586099 -283.657692174 -2273.000000000 -1699.577160139 -372.054222245 -2273.000000000 -2124.356731077 -485.691119273 -2273.000000000 -2671.811226450 -664.691496599 -2273.000000000 -2667.421242515 -691.662733035
beds/0/top -2087.323044152 -2809.511138656 -654.327859134 -1636.240103591 -2466.423447000 -461.222507518 -1636.240103591 -2900.000000000 -461.222507518 -2087.323044152 -2900.000000000 -654.327859134 -2087.323044152 -2809.511138656 -654.327859134
beds/0/bottom -2083.400973601 -2806.528063902 -682.018885490 -1626.453385130 -2458.979798962 -486.402920426 -1626.453385130 -2900.000000000 -486.402920426 -2083.400973601 -2900.000000000 -682.018885490 -2083.400973601 -2806.528063902 -682.018885490
beds/0/row 0.000000000
beds/1/top -1636.240103591 -2466.423447000 -461.222507518 -1309.375601889 -2217.814649616 -346.735688493 -1309.375601889 -2900.000000000 -346.735688493 -1636.240103591 -2900.000000000 -461.222507518 -1636.240103591 -2466.423447000 -461.222507518
beds/1/bottom -1626.453385130 -2458.979798962 -486.402920426 -1301.354467611 -2211.713881450 -372.534510913 -1301.354467611 -2900.000000000 -372.534510913 -1626.453385130 -2900.000000000 -486.402920426 -1626.453385130 -2458.979798962 -486.402920426
beds/1/row 0.000000000
beds/2/top -1309.375601889 -2217.814649616 -346.735688493 -982.270613794 -1969.022941476 -257.624870860 -982.270613794 -2900.000000000 -257.624870860 -1309.375601889 -2900.000000000 -346.735688493 -1309.375601889 -2217.814649616 -346.735688493
beds/2/bottom -1301.354467611 -2211.713881450 -372.534510913 -976.135306897 -1964.356508562 -283.937435430 -976.135306897 -2900.000000000 -283.937435430 -1301.354467611 -2900.000000000 -372.534510913 -1301.354467611 -2211.713881450 -372.534510913
beds/2/row 0.000000000
beds/3/top -982.270613794 -1969.022941476 -257.624870860 -654.966822775 -1720.080026474 -193.935602247 -654.966822775 -2900.000000000 -193.935602247 -982.270613794 -2900.000000000 -257.624870860 -982.270613794 -1969.022941476 -257.624870860
beds/3/bottom -976.135306897 -1964.356508562 -283.937435430 -650.816744721 -1716.923532242 -220.634467790 -650.816744721 -2900.000000000 -220.634467790 -976.135306897 -2900.000000000 -283.937435430 -976.135306897 -1964.356508562 -283.937435430
beds/3/row 0.000000000
beds/4/top -654.966822775 -1720.080026474 -193.935602247 -327.520620128 -1471.028795079 -155.705414154 -327.520620128 -2900.000000000 -155.705414154 -654.966822775 -2900.000000000 -193.935602247 -654.966822775 -1720.080026474 -193.935602247
beds/4/bottom -650.816744721 -1716.923532242 -220.634467790 -325.426976731 -1469.436397727 -182.644373744 -325.426976731 -2900.000000000 -182.644373744 -650.816744721 -2900.000000000 -220.634467790 -650.816744721 -1716.923532242 -220.634467790
beds/4/row 0.000000000
beds/5/top -327.520620128 -1471.028795079 -155.705414154 -60.000000000 -1267.556165597 -145.294173526 -60.000000000 -2900.000000000 -145.294173526 -327.520620128 -2900.000000000 -155.705414154 -327.520620128 -1471.028795079 -155.705414154
beds/5/bottom -325.426976731 -1469.436397727 -182.644373744 -60.000000000 -1267.556165597 -172.314612536 -60.000000000 -2900.000000000 -172.314612536 -325.426976731 -2900.000000000 -182.644373744 -325.426976731 -1469.436397727 -182.644373744
beds/5/row 0.000000000
beds/6/top -2134.114605314 -2769.717343900 -654.327859134 -1683.031664753 -2426.629652244 -461.222507518 -1917.799909694 -2226.971442038 -461.222507518 -2183.995511315 -2727.296221664 -654.327859134 -2134.114605314 -2769.717343900 -654.327859134
beds/6/bottom -2130.192534763 -2766.734269146 -682.018885490 -1673.244946292 -2419.186004206 -486.402920426 -1912.024516359 -2216.116370128 -486.402920426 -2181.680996985 -2722.946003761 -682.018885490 -2130.192534763 -2766.734269146 -682.018885490
beds/6/row 1.000000000
beds/7/top -1683.031664753 -2426.629652244 -461.222507518 -1356.167163051 -2178.020854860 -346.735688493 -1724.908791774 -1864.425233621 -346.735688493 -1917.799909694 -2226.971442038 -461.222507518 -1683.031664753 -2426.629652244 -461.222507518
beds/7/bottom -1673.244946292 -2419.186004206 -486.402920426 -1348.146028773 -2171.920086694 -372.534510913 -1720.175314906 -1855.528483424 -372.534510913 -1912.024516359 -2216.116370128 -486.402920426 -1673.244946292 -2419.186004206 -486.402920426
beds/7/row 1.000000000
beds/8/top -1356.167163051 -2178.020854860 -346.735688493 -1029.062174956 -1929.229146720 -257.624870860 -1531.875756672 -1501.612286450 -257.624870860 -1724.908791774 -1864.425233621 -346.735688493 -1356.167163051 -2178.020854860 -346.735688493
beds/8/bottom -1348.146028773 -2171.920086694 -372.534510913 -1022.926868059 -1924.562713806 -283.937435430 -1528.255154863 -1494.807227347 -283.937435430 -1720.175314906 -1855.528483424 -372.534510913 -1348.146028773 -2171.920086694 -372.534510913
beds/8/row 1.000000000
beds/9/top -1029.062174956 -1929.229146720 -257.624870860 -701.758383937 -1680.286231718 -193.935602247 -1338.725402870 -1138.578834311 -193.935602247 -1531.875756672 -1501.612286450 -257.624870860 -1029.062174956 -1929.229146720 -257.624870860
beds/9/bottom -1022.926868059 -1924.562713806 -283.937435430 -697.608305883 -1677.129737486 -220.634467790 -1336.276335471 -1133.975718784 -220.634467790 -1528.255154863 -1494.807227347 -283.937435430 -1022.926868059 -1924.562713806 -283.937435430
beds/9/row 1.000000000
beds/10/top -701.758383937 -1680.286231718 -193.935602247 -374.312181290 -1431.235000323 -155.705414154 -1145.491008318 -775.387424379 -155.705414154 -1338.725402870 -1138.578834311 -193.935602247 -701.758383937 -1680.286231718 -193.935602247
beds/10/bottom -697.608305883 -1677.129737486 -220.634467790 -372.218537893 -1429.642602971 -182.644373744 -1144.255495702 -773.065231325 -182.644373744 -1336.276335471 -1133.975718784 -220.634467790 -697.608305883 -1677.129737486 -220.634467790
beds/10/row 1.000000000
beds/11/top -374.312181290 -1431.235000323 -155.705414154 -106.791561162 -1227.762370842 -145.294173526 -987.620235523 -478.663289467 -145.294173526 -1145.491008318 -775.387424379 -155.705414154 -374.312181290 -1431.235000323 -155.705414154
beds/11/bottom -372.218537893 -1429.642602971 -182.644373744 -106.791561162 -1227.762370842 -172.314612536 -987.620235523 -478.663289467 -172.314612536 -1144.255495702 -773.065231325 -182.644373744 -372.218537893 -1429.642602971 -182.644373744
beds/11/row 1.000000000
beds/12/top -2224.774309859 -2676.201210384 -637.720260162 -1935.259343290 -2132.046795490 -459.798905214 -2300.000000000 -2132.046795490 -459.798905214 -2300.000000000 -2676.201210384 -637.720260162 -2224.774309859 -2676.201210384 -637.720260162
beds/12/bottom -2222.438638187 -2671.811226450 -664.691496599 -1931.167878293 -2124.356731077 -485.691119273 -2300.000000000 -2124.356731077 -485.691119273 -2300.000000000 -2671.811226450 -664.691496599 -2222.438638187 -2671.811226450 -664.691496599
beds/12/row 2.000000000
beds/13/top -1935.259343290 -2132.046795490 -459.798905214 -1708.487773798 -1705.820986949 -345.775111158 -2300.000000000 -1705.820986949 -345.775111158 -2300.000000000 -2132.046795490 -459.798905214 -1935.259343290 -2132.046795490 -459.798905214
beds/13/bottom -1931.167878293 -2124.356731077 -485.691119273 -1705.165773167 -1699.577160139 -372.054222245 -2300.000000000 -1699.577160139 -372.054222245 -2300.000000000 -2124.356731077 -485.691119273 -1931.167878293 -2124.356731077 -485.691119273
beds/13/row 2.000000000
beds/14/top -1708.487773798 -1705.820986949 -345.775111158 -1481.653419623 -1279.477172199 -257.065384348 -2300.000000000 -1279.477172199 -257.065384348 -2300.000000000 -1705.820986949 -345.775111158 -1708.487773798 -1705.820986949 -345.775111158
beds/14/bottom -1705.165773167 -1699.577160139 -372.054222245 -1479.132275699 -1274.738586099 -283.657692174 -2300.000000000 -1274.738586099 -283.657692174 -2300.000000000 -1699.577160139 -372.054222245 -1705.165773167 -1699.577160139 -372.054222245
beds/14/row 2.000000000
beds/15/top -1481.653419623 -1279.477172199 -257.065384348 -1254.769126800 -853.039495860 -193.687343869 -2300.000000000 -853.039495860 -193.687343869 -2300.000000000 -1279.477172199 -257.065384348 -1481.653419623 -1279.477172199 -257.065384348
beds/15/bottom -1479.132275699 -1274.738586099 -283.657692174 -1253.073808908 -849.853081263 -220.510338601 -2300.000000000 -849.853081263 -220.510338601 -2300.000000000 -1274.738586099 -283.657692174 -1479.132275699 -1274.738586099 -283.657692174
beds/15/row 2.000000000
beds/16/top -1254.769126800 -853.039495860 -193.687343869 -1027.850084730 -426.536506985 -155.654695452 -2300.000000000 -426.536506985 -155.654695452 -2300.000000000 -853.039495860 -193.687343869 -1254.769126800 -853.039495860 -193.687343869
beds/16/bottom -1253.073808908 -849.853081263 -220.510338601 -1026.997967493 -424.934920159 -182.619014392 -2300.000000000 -424.934920159 -182.619014392 -2300.000000000 -849.853081263 -220.510338601 -1253.073808908 -849.853081263 -220.510338601
beds/16/row 2.000000000
beds/17/top -1027.850084730 -426.536506985 -155.654695452 -832.835945982 -60.000000000 -144.759614240 -2300.000000000 -60.000000000 -144.759614240 -2300.000000000 -426.536506985 -155.654695452 -1027.850084730 -426.536506985 -155.654695452
beds/17/bottom -1026.997967493 -424.934920159 -182.619014392 -832.835945982 -60.000000000 -171.771539403 -2300.000000000 -60.000000000 -171.771539403 -2300.000000000 -424.934920159 -182.619014392 -1026.997967493 -424.934920159 -182.619014392
beds/17/row 2.000000000
oculus/0/top -199.087242358 -906.952992965 -197.000000000 -204.313280363 -930.760499432 0.000000000 -898.417277647 153.776996324 0.000000000 -883.900505411 163.067730555 -197.000000000 -199.087242358 -906.952992965 -197.000000000
oculus/0/bottom -163.067730555 -883.900505411 -197.000000000 -153.776996324 -898.417277647 0.000000000 -847.880993607 186.120218109 0.000000000 -847.880993607 186.120218109 -197.000000000 -163.067730555 -883.900505411 -197.000000000
oculus/1/top 906.952992965 -199.087242358 -197.000000000 930.760499432 -204.313280363 0.000000000 -153.776996324 -898.417277647 0.000000000 -163.067730555 -883.900505411 -197.000000000 906.952992965 -199.087242358 -197.000000000
oculus/1/bottom 883.900505411 -163.067730555 -197.000000000 898.417277647 -153.776996324 0.000000000 -186.120218109 -847.880993607 0.000000000 -186.120218109 -847.880993607 -197.000000000 883.900505411 -163.067730555 -197.000000000
oculus/2/top 199.087242358 906.952992965 -197.000000000 204.313280363 930.760499432 0.000000000 898.417277647 -153.776996324 0.000000000 883.900505411 -163.067730555 -197.000000000 199.087242358 906.952992965 -197.000000000
oculus/2/bottom 163.067730555 883.900505411 -197.000000000 153.776996324 898.417277647 0.000000000 847.880993607 -186.120218109 0.000000000 847.880993607 -186.120218109 -197.000000000 163.067730555 883.900505411 -197.000000000
oculus/3/top -906.952992965 199.087242358 -197.000000000 -930.760499432 204.313280363 0.000000000 153.776996324 898.417277647 0.000000000 163.067730555 883.900505411 -197.000000000 -906.952992965 199.087242358 -197.000000000
oculus/3/bottom -883.900505411 163.067730555 -197.000000000 -898.417277647 153.776996324 0.000000000 186.120218109 847.880993607 0.000000000 186.120218109 847.880993607 -197.000000000 -883.900505411 163.067730555 -197.000000000
oculus/4/top -186.120218109 -847.880993607 -170.000000000 -163.378890291 -833.326543804 -170.000000000 -810.585215986 177.933340095 -170.000000000 -833.326543804 163.378890291 -170.000000000 -186.120218109 -847.880993607 -170.000000000
oculus/4/bottom -186.120218109 -847.880993607 -197.000000000 -163.378890291 -833.326543804 -197.000000000 -810.585215986 177.933340095 -197.000000000 -833.326543804 163.378890291 -197.000000000 -186.120218109 -847.880993607 -197.000000000
oculus/5/top 847.880993607 -186.120218109 -170.000000000 833.326543804 -163.378890291 -170.000000000 -177.933340095 -810.585215986 -170.000000000 -163.378890291 -833.326543804 -170.000000000 847.880993607 -186.120218109 -170.000000000
oculus/5/bottom 847.880993607 -186.120218109 -197.000000000 833.326543804 -163.378890291 -197.000000000 -177.933340095 -810.585215986 -197.000000000 -163.378890291 -833.326543804 -197.000000000 847.880993607 -186.120218109 -197.000000000
oculus/6/top 186.120218109 847.880993607 -170.000000000 163.378890291 833.326543804 -170.000000000 810.585215986 -177.933340095 -170.000000000 833.326543804 -163.378890291 -170.000000000 186.120218109 847.880993607 -170.000000000
oculus/6/bottom 186.120218109 847.880993607 -197.000000000 163.378890291 833.326543804 -197.000000000 810.585215986 -177.933340095 -197.000000000 833.326543804 -163.378890291 -197.000000000 186.120218109 847.880993607 -197.000000000
oculus/7/top -847.880993607 186.120218109 -170.000000000 -833.326543804 163.378890291 -170.000000000 177.933340095 810.585215986 -170.000000000 163.378890291 833.326543804 -170.000000000 -847.880993607 186.120218109 -170.000000000
oculus/7/bottom -847.880993607 186.120218109 -197.000000000 -833.326543804 163.378890291 -197.000000000 177.933340095 810.585215986 -197.000000000 163.378890291 833.326543804 -197.000000000 -847.880993607 186.120218109 -197.000000000
oculus/8/top -186.120218109 -847.880993607 -143.000000000 847.880993607 -186.120218109 -143.000000000 186.120218109 847.880993607 -143.000000000 -847.880993607 186.120218109 -143.000000000 -186.120218109 -847.880993607 -143.000000000
oculus/8/bottom -186.120218109 -847.880993607 -170.000000000 847.880993607 -186.120218109 -170.000000000 186.120218109 847.880993607 -170.000000000 -847.880993607 186.120218109 -170.000000000 -186.120218109 -847.880993607 -170.000000000
column_cutters/0/top -2193.944622448 -3110.606094570 98.453330379 -2193.944622448 -2790.606094570 98.453330379 -2067.602384239 -2705.178122919 -793.561793428 -2067.602384239 -3100.000000000 -793.561793428 -2193.944622448 -3110.606094570 98.453330379
column_cutters/0/bottom -2094.932829020 -3110.606094570 112.477051790 -2094.932829020 -2790.606094570 112.477051790 -1968.590590812 -2705.178122919 -779.538072017 -1968.590590812 -3100.000000000 -779.538072017 -2094.932829020 -3110.606094570 112.477051790
column_cutters/1/top -2117.805649699 -2966.717440862 98.342542712 -2359.227005936 -2725.296084625 98.342542712 -2276.618988871 -2585.634522680 -793.003330379 -1996.970805084 -2865.282706468 -793.003330379 -2117.805649699 -2966.717440862 98.342542712
column_cutters/1/bottom -2048.169225667 -2897.081016830 115.707360478 -2289.590581904 -2655.659660593 115.707360478 -2206.982564839 -2515.998098648 -775.638512613 -1927.334381052 -2795.646282436 -775.638512613 -2048.169225667 -2897.081016830 115.707360478
column_cutters/2/top -2180.000000000 -2796.065127211 98.701123032 -2500.000000000 -2796.065127211 98.701123032 -2491.483672182 -2650.944532626 -792.892542712 -2111.336605383 -2650.944532626 -792.892542712 -2180.000000000 -2796.065127211 98.701123032
column_cutters/2/bottom -2180.000000000 -2697.364004179 114.766250242 -2500.000000000 -2697.364004179 114.766250242 -2491.483672182 -2552.243409594 -776.827415501 -2111.336605383 -2552.243409594 -776.827415501 -2180.000000000 -2697.364004179 114.766250242
column_cutters/3/top -1990.162244123 -3123.409547456 -661.590098264 -1990.162244123 -2728.587670376 -661.590098264 -2180.000000000 -2680.000000000 -730.000000000 -2180.000000000 -3100.000000000 -730.000000000 -1990.162244123 -3123.409547456 -661.590098264
column_cutters/3/bottom -1956.260330692 -3123.409547456 -755.668046082 -1956.260330692 -2728.587670376 -755.668046082 -2146.098086569 -2680.000000000 -824.077947818 -2146.098086569 -3100.000000000 -824.077947818 -1956.260330692 -3123.409547456 -755.668046082
column_cutters/4/top -1989.178474293 -2792.585413337 -643.677114674 -2268.826658080 -2512.937229550 -643.677114674 -2305.710678119 -2654.289321881 -730.000000000 -2054.289321881 -2905.710678119 -730.000000000 -1989.178474293 -2792.585413337 -643.677114674
column_cutters/4/bottom -1949.220766439 -2752.627705484 -726.180224713 -2228.868950227 -2472.979521696 -726.180224713 -2265.752970265 -2614.331614028 -812.503110040 -2014.331614028 -2865.752970265 -812.503110040 -1949.220766439 -2752.627705484 -726.180224713
column_cutters/5/top -2119.852933200 -2571.532727527 -664.628487489 -2500.000000000 -2571.532727527 -664.628487489 -2500.000000000 -2780.000000000 -730.000000000 -2080.000000000 -2780.000000000 -730.000000000 -2119.852933200 -2571.532727527 -664.628487489
column_cutters/5/bottom -2119.852933200 -2541.611215016 -760.047055331 -2500.000000000 -2541.611215016 -760.047055331 -2500.000000000 -2750.078487489 -825.418567842 -2080.000000000 -2750.078487489 -825.418567842 -2119.852933200 -2541.611215016 -760.047055331
