quarter_polygon -3000.000000000 -2400.000000000 0.000000000 0.000000000 -2400.000000000 0.000000000 0.000000000 -800.000000000 0.000000000 -1250.000000000 0.000000000 0.000000000 -3000.000000000 0.000000000 0.000000000
quarter_column_polygon -3000.000000000 -2400.000000000 0.000000000 -2780.000000000 -2400.000000000 0.000000000 -2780.000000000 -2280.000000000 0.000000000 -2880.000000000 -2180.000000000 0.000000000 -3000.000000000 -2180.000000000 0.000000000
oculus_points 0.000000000 -800.000000000 0.000000000 1250.000000000 0.000000000 0.000000000 0.000000000 800.000000000 0.000000000 -1250.000000000 0.000000000 0.000000000
planes/outer_ribs/0/0 -1500.000000000 -2400.000000000 0.000000000 0.000000000 1.000000000 0.000000000
planes/outer_ribs/0/1 -1500.000000000 -2300.000000000 0.000000000 0.000000000 1.000000000 0.000000000
planes/outer_ribs/1/0 -3000.000000000 -1200.000000000 0.000000000 1.000000000 0.000000000 -0.000000000
planes/outer_ribs/1/1 -2900.000000000 -1200.000000000 0.000000000 1.000000000 0.000000000 -0.000000000
planes/inner_beams/0/0 0.000000000 -1600.000000000 0.000000000 -1.000000000 0.000000000 0.000000000
planes/inner_beams/0/1 -60.000000000 -1600.000000000 0.000000000 -1.000000000 0.000000000 0.000000000
planes/inner_beams/1/0 -625.000000000 -400.000000000 0.000000000 -0.537002434 -0.839066304 -0.087155743
planes/inner_beams/1/1 -657.343221785 -450.536284040 0.000000000 -0.539053696 -0.842271401 0.000000000
planes/inner_beams/2/0 -2125.000000000 0.000000000 0.000000000 0.000000000 -1.000000000 0.000000000
planes/inner_beams/2/1 -2125.000000000 -60.000000000 0.000000000 0.000000000 -1.000000000 0.000000000
planes/inner_ribs/0/0 -1420.000000000 -1556.417972991 0.000000000 -0.469702919 0.882824540 0.000000000
planes/inner_ribs/0/1 -1448.182175143 -1503.448500611 0.000000000 -0.469702919 0.882824540 0.000000000
planes/inner_ribs/1/0 -2073.778082799 -1120.000000000 0.000000000 0.795937170 -0.605379237 0.000000000
planes/inner_ribs/1/1 -2026.021852578 -1156.322754233 0.000000000 0.795937170 -0.605379237 0.000000000
planes/wedges/0/0 -2780.000000000 -2340.000000000 0.000000000 0.987011230 -0.000000000 0.160651272
planes/wedges/0/1 -2543.117304724 -2340.000000000 38.556305306 0.987011230 -0.000000000 0.160651272
planes/wedges/1/0 -2830.000000000 -2230.000000000 0.000000000 0.696364240 0.696364240 0.173648178
planes/wedges/1/1 -2621.090727904 -2021.090727904 52.094453300 0.696364240 0.696364240 0.173648178
planes/wedges/2/0 -2940.000000000 -2180.000000000 0.000000000 0.000000000 0.990117934 0.140237214
planes/wedges/2/1 -2940.000000000 -1942.371695773 33.656931386 0.000000000 0.990117934 0.140237214
planes/wedges/3/0 -60.000000000 -1600.000000000 0.000000000 -1.000000000 0.000000000 0.000000000
planes/wedges/3/1 -120.000000000 -1600.000000000 0.000000000 -1.000000000 0.000000000 0.000000000
planes/wedges/4/0 -657.343221785 -450.536284040 0.000000000 -0.539053696 -0.842271401 0.000000000
planes/wedges/4/1 -689.686443571 -501.072568079 0.000000000 -0.539053696 -0.842271401 0.000000000
planes/wedges/5/0 -2125.000000000 -60.000000000 0.000000000 0.000000000 -1.000000000 0.000000000
planes/wedges/5/1 -2125.000000000 -120.000000000 0.000000000 0.000000000 -1.000000000 0.000000000
planes/t_sections/0/0 -1500.000000000 -2300.000000000 0.000000000 0.000000000 1.000000000 0.000000000
planes/t_sections/0/1 -1500.000000000 -2273.000000000 0.000000000 0.000000000 1.000000000 0.000000000
planes/t_sections/1/0 -1420.000000000 -1556.417972991 0.000000000 -0.469702919 0.882824540 0.000000000
planes/t_sections/1/1 -1407.318021186 -1580.254235562 0.000000000 -0.469702919 0.882824540 0.000000000
planes/t_sections/2/0 -1448.182175143 -1503.448500611 0.000000000 -0.469702919 0.882824540 0.000000000
planes/t_sections/2/1 -1460.864153957 -1479.612238040 0.000000000 -0.469702919 0.882824540 0.000000000
planes/t_sections/3/0 -2073.778082799 -1120.000000000 0.000000000 0.795937170 -0.605379237 0.000000000
planes/t_sections/3/1 -2095.268386398 -1103.654760595 0.000000000 0.795937170 -0.605379237 0.000000000
planes/t_sections/4/0 -2026.021852578 -1156.322754233 0.000000000 0.795937170 -0.605379237 0.000000000
planes/t_sections/4/1 -2004.531548978 -1172.667993638 0.000000000 0.795937170 -0.605379237 0.000000000
planes/t_sections/5/0 -2900.000000000 -1200.000000000 0.000000000 1.000000000 0.000000000 -0.000000000
planes/t_sections/5/1 -2873.000000000 -1200.000000000 0.000000000 1.000000000 0.000000000 -0.000000000
quads/outer_ribs/0 -2780.000000000 -2400.000000000 0.000000000 0.000000000 -2400.000000000 0.000000000 0.000000000 -2300.000000000 0.000000000 -2780.000000000 -2300.000000000 0.000000000
quads/outer_ribs/1 -3000.000000000 -2180.000000000 0.000000000 -3000.000000000 0.000000000 0.000000000 -2900.000000000 0.000000000 0.000000000 -2900.000000000 -2180.000000000 0.000000000
quads/inner_beams/0 0.000000000 -2300.000000000 0.000000000 0.000000000 -800.000000000 0.000000000 -60.000000000 -761.600000000 0.000000000 -60.000000000 -2300.000000000 0.000000000
quads/inner_beams/1 -60.000000000 -761.600000000 0.000000000 -1156.250000000 -60.000000000 0.000000000 -1267.556165597 -60.000000000 0.000000000 -60.000000000 -832.835945982 0.000000000
quads/inner_beams/2 -1250.000000000 0.000000000 0.000000000 -2900.000000000 0.000000000 0.000000000 -2900.000000000 -60.000000000 0.000000000 -1156.250000000 -60.000000000 0.000000000
quads/inner_ribs/0 -2824.361391418 -2235.638608582 0.000000000 -117.987227137 -795.724120615 0.000000000 -60.000000000 -832.835945982 0.000000000 -2780.000000000 -2280.000000000 0.000000000
quads/inner_ribs/1 -2837.183117477 -2222.816882523 0.000000000 -1216.853934721 -92.449427761 0.000000000 -1267.556165597 -60.000000000 0.000000000 -2880.000000000 -2180.000000000 0.000000000
quads/wedges/0 -2780.000000000 -2280.000000000 0.000000000 -2780.000000000 -2300.000000000 0.000000000 -2536.841672487 -2300.000000000 0.000000000 -2536.841672487 -2150.628679775 0.000000000
quads/wedges/1 -2837.183117477 -2222.816882523 0.000000000 -2824.361391418 -2235.638608582 0.000000000 -2543.162826858 -2086.028147305 0.000000000 -2651.070375173 -1978.120598990 0.000000000
quads/wedges/2 -2900.000000000 -2180.000000000 0.000000000 -2880.000000000 -2180.000000000 0.000000000 -2695.637304282 -1937.604633053 0.000000000 -2900.000000000 -1937.604633053 0.000000000
quads/wedges/3 -60.000000000 -2300.000000000 0.000000000 -60.000000000 -832.835945982 0.000000000 -120.000000000 -864.758682468 0.000000000 -120.000000000 -2300.000000000 0.000000000
quads/wedges/4 -117.987227137 -795.724120615 0.000000000 -1216.853934721 -92.449427761 0.000000000 -1253.295962587 -140.362475909 0.000000000 -178.766385806 -828.061405049 0.000000000
quads/wedges/5 -1267.556165597 -60.000000000 0.000000000 -2900.000000000 -60.000000000 0.000000000 -2900.000000000 -120.000000000 0.000000000 -1313.191368458 -120.000000000 0.000000000
quads/t_sections/0 -2536.841672487 -2300.000000000 0.000000000 -60.000000000 -2300.000000000 0.000000000 -60.000000000 -2273.000000000 0.000000000 -2536.841672487 -2273.000000000 0.000000000
quads/t_sections/1 -2536.841672487 -2150.628679775 0.000000000 -60.000000000 -832.835945982 0.000000000 -60.000000000 -863.419599683 0.000000000 -2536.841672487 -2181.212333476 0.000000000
quads/t_sections/2 -2543.162826858 -2086.028147305 0.000000000 -117.987227137 -795.724120615 0.000000000 -144.081479348 -779.023799199 0.000000000 -2563.125452996 -2066.065521167 0.000000000
quads/t_sections/3 -2695.637304282 -1937.604633053 0.000000000 -1267.556165597 -60.000000000 0.000000000 -1301.478441131 -60.000000000 0.000000000 -2729.559579816 -1937.604633053 0.000000000
quads/t_sections/4 -2651.070375173 -1978.120598990 0.000000000 -1216.853934721 -92.449427761 0.000000000 -1194.037930827 -107.051670253 0.000000000 -2631.802778038 -1997.388196125 0.000000000
quads/t_sections/5 -2900.000000000 -1937.604633053 0.000000000 -2900.000000000 -60.000000000 0.000000000 -2873.000000000 -60.000000000 0.000000000 -2873.000000000 -1937.604633053 0.000000000
parabolas/0/0 -2540.000000000 -2400.000000000 -650.000000000 -2116.666666667 -2400.000000000 -511.583333333 -1693.333333333 -2400.000000000 -398.333333333 -1270.000000000 -2400.000000000 -310.250000000 -846.666666667 -2400.000000000 -247.333333333 -423.333333333 -2400.000000000 -209.583333333 0.000000000 -2400.000000000 -197.000000000
parabolas/0/1 -2548.391002340 -2400.000000000 -624.336970566 -2124.356731077 -2400.000000000 -485.691119273 -1699.577160139 -2400.000000000 -372.054222245 -1274.738586099 -2400.000000000 -283.657692174 -849.853081263 -2400.000000000 -220.510338601 -424.934920159 -2400.000000000 -182.619014392 -0.802204743 -2400.000000000 -170.011919899
parabolas/0/2 -2556.782004681 -2400.000000000 -598.673941132 -2132.046795490 -2400.000000000 -459.798905214 -1705.820986949 -2400.000000000 -345.775111158 -1279.477172199 -2400.000000000 -257.065384348 -853.039495860 -2400.000000000 -193.687343869 -426.536506985 -2400.000000000 -155.654695452 -1.604409486 -2400.000000000 -143.023839798
parabolas/1/0 -3000.000000000 -1940.000000000 -650.000000000 -3000.000000000 -1616.666666667 -511.583333333 -3000.000000000 -1293.333333333 -398.333333333 -3000.000000000 -970.000000000 -310.250000000 -3000.000000000 -646.666666667 -247.333333333 -3000.000000000 -323.333333333 -209.583333333 -3000.000000000 0.000000000 -197.000000000
parabolas/1/1 -3000.000000000 -1950.625783173 -625.178784640 -3000.000000000 -1626.453385130 -486.402920426 -3000.000000000 -1301.354467611 -372.534510913 -3000.000000000 -976.135306897 -283.937435430 -3000.000000000 -650.816744721 -220.634467790 -3000.000000000 -325.426976731 -182.644373744 -3000.000000000 -1.049978362 -170.020423550
parabolas/1/2 -3000.000000000 -1961.251566347 -600.357569280 -3000.000000000 -1636.240103591 -461.222507518 -3000.000000000 -1309.375601889 -346.735688493 -3000.000000000 -982.270613794 -257.624870860 -3000.000000000 -654.966822775 -193.935602247 -3000.000000000 -327.520620128 -155.705414154 -3000.000000000 -2.099956724 -143.040847099
parabolas/2/0 -2540.000000000 -2152.309054057 -650.000000000 -2116.666666667 -1927.076413297 -511.583333333 -1693.333333333 -1701.843772537 -398.333333333 -1270.000000000 -1476.611131777 -310.250000000 -846.666666667 -1251.378491017 -247.333333333 -423.333333333 -1026.145850257 -209.583333333 0.000000000 -800.913209497 -197.000000000
parabolas/2/1 -2548.391002340 -2156.773450000 -624.336970566 -2124.356731077 -1931.167878293 -485.691119273 -1699.577160139 -1705.165773167 -372.054222245 -1274.738586099 -1479.132275699 -283.657692174 -849.853081263 -1253.073808908 -220.510338601 -424.934920159 -1026.997967493 -182.619014392 -0.802204743 -801.340019007 -170.011919899
parabolas/2/2 -2556.782004681 -2161.237845943 -598.673941132 -2132.046795490 -1935.259343290 -459.798905214 -1705.820986949 -1708.487773798 -345.775111158 -1279.477172199 -1481.653419623 -257.065384348 -853.039495860 -1254.769126800 -193.687343869 -426.536506985 -1027.850084730 -155.654695452 -1.604409486 -801.766828517 -143.023839798
parabolas/3/0 -2697.459188558 -1940.000000000 -650.000000000 -2451.536150921 -1616.666666667 -511.583333333 -2205.613113284 -1293.333333333 -398.333333333 -1959.690075648 -970.000000000 -310.250000000 -1713.767038011 -646.666666667 -247.333333333 -1467.844000374 -323.333333333 -209.583333333 -1221.920962737 0.000000000 -197.000000000
parabolas/3/1 -2705.541018069 -1950.625783173 -625.178784640 -2458.979798962 -1626.453385130 -486.402920426 -2211.713881450 -1301.354467611 -372.534510913 -1964.356508562 -976.135306897 -283.937435430 -1716.923532242 -650.816744721 -220.634467790 -1469.436397727 -325.426976731 -182.644373744 -1222.719562329 -1.049978362 -170.020423550
parabolas/3/2 -2713.622847581 -1961.251566347 -600.357569280 -2466.423447000 -1636.240103591 -461.222507518 -2217.814649616 -1309.375601889 -346.735688493 -1969.022941476 -982.270613794 -257.624870860 -1720.080026474 -654.966822775 -193.935602247 -1471.028795079 -327.520620128 -155.705414154 -1223.518161922 -2.099956724 -143.040847099
block_level_bottom -604.365542027
block_level_top -364.365542027
bed_top_planes/0 -2404.124002937 -2190.008413287 -548.759582688 -0.310777864 0.000000000 0.950482572
bed_top_planes/1 -2509.657032977 -1955.925740011 -548.759582688 -0.215882122 -0.183596542 0.959003243
bed_top_planes/2 -2768.983646414 -1861.781573872 -557.775183326 0.000000000 -0.393547525 0.919304273
outer_ribs/0/top 0.000000000 -2400.000000000 0.000000000 -2780.000000000 -2400.000000000 0.000000000 -2667.421242515 -2400.000000000 -691.662733035 -2116.666666667 -2400.000000000 -511.583333333 -1693.333333333 -2400.000000000 -398.333333333 -1270.000000000 -2400.000000000 -310.250000000 -846.666666667 -2400.000000000 -247.333333333 -423.333333333 -2400.000000000 -209.583333333 0.000000000 -2400.000000000 -197.000000000 0.000000000 -2400.000000000 0.000000000
outer_ribs/0/bottom 0.000000000 -2300.000000000 0.000000000 -2780.000000000 -2300.000000000 0.000000000 -2667.421242515 -2300.000000000 -691.662733035 -2116.666666667 -2300.000000000 -511.583333333 -1693.333333333 -2300.000000000 -398.333333333 -1270.000000000 -2300.000000000 -310.250000000 -846.666666667 -2300.000000000 -247.333333333 -423.333333333 -2300.000000000 -209.583333333 0.000000000 -2300.000000000 -197.000000000 0.000000000 -2300.000000000 0.000000000
outer_ribs/1/top -3000.000000000 0.000000000 0.000000000 -3000.000000000 -2180.000000000 0.000000000 -3000.000000000 -2079.478903050 -709.709911847 -3000.000000000 -1616.666666667 -511.583333333 -3000.000000000 -1293.333333333 -398.333333333 -3000.000000000 -970.000000000 -310.250000000 -3000.000000000 -646.666666667 -247.333333333 -3000.000000000 -323.333333333 -209.583333333 -3000.000000000 0.000000000 -197.000000000 -3000.000000000 0.000000000 0.000000000
outer_ribs/1/bottom -2900.000000000 0.000000000 0.000000000 -2900.000000000 -2180.000000000 0.000000000 -2900.000000000 -2079.478903050 -709.709911847 -2900.000000000 -1616.666666667 -511.583333333 -2900.000000000 -1293.333333333 -398.333333333 -2900.000000000 -970.000000000 -310.250000000 -2900.000000000 -646.666666667 -247.333333333 -2900.000000000 -323.333333333 -209.583333333 -2900.000000000 0.000000000 -197.000000000 -2900.000000000 0.000000000 0.000000000
inner_ribs/0/top -60.000000000 -832.835945982 0.000000000 -2780.000000000 -2280.000000000 0.000000000 -2667.421242515 -2220.102966516 -691.662733035 -2116.666666667 -1927.076413297 -511.583333333 -1693.333333333 -1701.843772537 -398.333333333 -1270.000000000 -1476.611131777 -310.250000000 -846.666666667 -1251.378491017 -247.333333333 -423.333333333 -1026.145850257 -209.583333333 -60.000000000 -832.835945982 -198.783464567 -60.000000000 -832.835945982 0.000000000
inner_ribs/0/bottom -99.793794756 -786.044384820 0.000000000 -2819.793794756 -2233.208438838 0.000000000 -2707.215037271 -2173.311405354 -691.662733035 -2156.460461423 -1880.284852135 -511.583333333 -1733.127128089 -1655.052211375 -398.333333333 -1309.793794756 -1429.819570615 -310.250000000 -886.460461423 -1204.586929855 -247.333333333 -463.127128089 -979.354289095 -209.583333333 -99.793794756 -786.044384820 -198.783464567 -99.793794756 -786.044384820 0.000000000
inner_ribs/1/top -1267.556165597 -60.000000000 0.000000000 -2880.000000000 -2180.000000000 0.000000000 -2803.544989148 -2079.478903050 -709.709911847 -2451.536150921 -1616.666666667 -511.583333333 -2205.613113284 -1293.333333333 -398.333333333 -1959.690075648 -970.000000000 -310.250000000 -1713.767038011 -646.666666667 -247.333333333 -1467.844000374 -323.333333333 -209.583333333 -1267.556165597 -60.000000000 -199.335051546 -1267.556165597 -60.000000000 0.000000000
inner_ribs/1/bottom -1227.762370842 -106.791561162 0.000000000 -2840.206205244 -2226.791561162 0.000000000 -2763.751194393 -2126.270464212 -709.709911847 -2411.742356165 -1663.458227829 -511.583333333 -2165.819318529 -1340.124894495 -398.333333333 -1919.896280892 -1016.791561162 -310.250000000 -1673.973243255 -693.458227829 -247.333333333 -1428.050205618 -370.124894495 -209.583333333 -1227.762370842 -106.791561162 -199.335051546 -1227.762370842 -106.791561162 0.000000000
inner_beams/0/top -60.000000000 -2300.000000000 0.000000000 -60.000000000 -761.600000000 0.000000000 -60.000000000 -741.137157855 -197.000000000 -60.000000000 -2300.000000000 -197.000000000 -60.000000000 -2300.000000000 0.000000000
inner_beams/0/bottom 0.000000000 -2300.000000000 0.000000000 0.000000000 -800.000000000 0.000000000 0.000000000 -779.537157855 -197.000000000 0.000000000 -2300.000000000 -197.000000000 0.000000000 -2300.000000000 0.000000000
inner_beams/1/top -60.000000000 -832.835945982 0.000000000 -1267.556165597 -60.000000000 0.000000000 -1267.556165597 -60.000000000 -197.000000000 -60.000000000 -832.835945982 -197.000000000 -60.000000000 -832.835945982 0.000000000
inner_beams/1/bottom -60.000000000 -761.600000000 0.000000000 -1156.250000000 -60.000000000 0.000000000 -1124.276809149 -60.000000000 -197.000000000 -60.000000000 -741.137157855 -197.000000000 -60.000000000 -761.600000000 0.000000000
inner_beams/2/top -2900.000000000 -60.000000000 0.000000000 -1156.250000000 -60.000000000 0.000000000 -1124.276809149 -60.000000000 -197.000000000 -2900.000000000 -60.000000000 -197.000000000 -2900.000000000 -60.000000000 0.000000000
inner_beams/2/bottom -2900.000000000 0.000000000 0.000000000 -1250.000000000 0.000000000 0.000000000 -1218.026809149 0.000000000 -197.000000000 -2900.000000000 0.000000000 -197.000000000 -2900.000000000 0.000000000 0.000000000
wedges_inner_beams/0/top -2445.329671648 -2300.000000000 -562.232538540 -2445.329671648 -2101.940121640 -562.232538540 -2536.841672487 -2150.628679775 0.000000000 -2536.841672487 -2300.000000000 0.000000000 -2445.329671648 -2300.000000000 -562.232538540
wedges_inner_beams/0/bottom -2676.201210384 -2300.000000000 -637.720260162 -2676.201210384 -2224.774309859 -637.720260162 -2780.000000000 -2280.000000000 0.000000000 -2780.000000000 -2300.000000000 0.000000000 -2676.201210384 -2300.000000000 -637.720260162
wedges_inner_beams/1/top -2453.342198329 -2038.239476380 -551.841064865 -2591.145121541 -1899.332404952 -556.268922061 -2651.070375173 -1978.120598990 0.000000000 -2543.162826858 -2086.028147305 0.000000000 -2453.342198329 -2038.239476380 -551.841064865
wedges_inner_beams/1/bottom -2720.331801171 -2180.290121979 -639.138255873 -2768.165015359 -2132.073643366 -640.675223570 -2837.183117477 -2222.816882523 0.000000000 -2824.361391418 -2235.638608582 0.000000000 -2720.331801171 -2180.290121979 -639.138255873
wedges_inner_beams/2/top -2635.687988183 -1858.784802297 -556.492287041 -2900.000000000 -1858.784802297 -556.492287041 -2900.000000000 -1937.604633053 0.000000000 -2695.637304282 -1937.604633053 0.000000000 -2635.687988183 -1858.784802297 -556.492287041
wedges_inner_beams/2/bottom -2809.511138656 -2087.323044152 -654.327859134 -2900.000000000 -2087.323044152 -654.327859134 -2900.000000000 -2180.000000000 0.000000000 -2880.000000000 -2180.000000000 0.000000000 -2809.511138656 -2087.323044152 -654.327859134
tsections/0/top -2667.421242515 -2300.000000000 -691.662733035 -2116.666666667 -2300.000000000 -511.583333333 -1693.333333333 -2300.000000000 -398.333333333 -1270.000000000 -2300.000000000 -310.250000000 -846.666666667 -2300.000000000 -247.333333333 -423.333333333 -2300.000000000 -209.583333333 -60.000000000 -2300.000000000 -198.783464567 -60.000000000 -2300.000000000 -171.771539403 -424.934920159 -2300.000000000 -182.619014392 -849.853081263 -2300.000000000 -220.510338601 -1274.738586099 -2300.000000000 -283.657692174 -1699.577160139 -2300.000000000 -372.054222245 -2124.356731077 -2300.000000000 -485.691119273 -2671.811226450 -2300.000000000 -664.691496599 -2667.421242515 -2300.000000000 -691.662733035
tsections/0/bottom -2667.421242515 -2273.000000000 -691.662733035 -2116.666666667 -2273.000000000 -511.583333333 -1693.333333333 -2273.000000000 -398.333333333 -1270.000000000 -2273.000000000 -310.250000000 -846.666666667 -2273.000000000 -247.333333333 -423.333333333 -2273.000000000 -209.583333333 -60.000000000 -2273.000000000 -198.783464567 -60.000000000 -2273.000000000 -171.771539403 -424.934920159 -2273.000000000 -182.619014392 -849.853081263 -2273.000000000 -220.510338601 -1274.738586099 -2273.000000000 -283.657692174 -1699.577160139 -2273.000000000 -372.054222245 -2124.356731077 -2273.000000000 -485.691119273 -2671.811226450 -2273.000000000 -664.691496599 -2667.421242515 -2273.000000000 -691.662733035
tsections/1/top -2667.421242515 -2220.102966516 -691.662733035 -2116.666666667 -1927.076413297 -511.583333333 -1693.333333333 -1701.843772537 -398.333333333 -1270.000000000 -1476.611131777 -310.250000000 -846.666666667 -1251.378491017 -247.333333333 -423.333333333 -1026.145850257 -209.583333333 -60.000000000 -832.835945982 -198.783464567 -60.000000000 -832.835945982 -171.771539403 -424.934920159 -1026.997967493 -182.619014392 -849.853081263 -1253.073808908 -220.510338601 -1274.738586099 -1479.132275699 -283.657692174 -1699.577160139 -1705.165773167 -372.054222245 -2124.356731077 -1931.167878293 -485.691119273 -2671.811226450 -2222.438638187 -664.691496599 -2667.421242515 -2220.102966516 -691.662733035
tsections/1/bottom -2666.516391425 -2250.205198168 -697.221968119 -2098.759459027 -1948.132615820 -511.583333333 -1675.426125693 -1722.899975060 -398.333333333 -1252.092792360 -1497.667334300 -310.250000000 -828.759459027 -1272.434693540 -247.333333333 -405.426125693 -1047.202052780 -209.583333333 -60.000000000 -863.419599683 -199.315745739 -60.000000000 -863.419599683 -171.771539403 -424.934920159 -1057.581621194 -182.619014392 -849.853081263 -1283.657462609 -220.510338601 -1274.738586099 -1509.715929400 -283.657692174 -1699.577160139 -1735.749426868 -372.054222245 -2124.356731077 -1961.751531994 -485.691119273 -2671.811226450 -2253.022291888 -664.691496599 -2666.516391425 -2250.205198168 -697.221968119
tsections/2/top -2711.551833303 -2175.618778635 -693.080728745 -2156.460461423 -1880.284852135 -511.583333333 -1733.127128089 -1655.052211375 -398.333333333 -1309.793794756 -1429.819570615 -310.250000000 -886.460461423 -1204.586929855 -247.333333333 -463.127128089 -979.354289095 -209.583333333 -117.987227137 -795.724120615 -199.324253600 -117.987227137 -795.724120615 -172.312328437 -464.728714915 -980.206406331 -182.619014392 -889.646876019 -1206.282247746 -220.510338601 -1314.532380854 -1432.340714537 -283.657692174 -1739.370954895 -1658.374212005 -372.054222245 -2164.150525833 -1884.376317131 -485.691119273 -2715.941817237 -2177.954450307 -666.109492309 -2711.551833303 -2175.618778635 -693.080728745
tsections/2/bottom -2731.410599157 -2155.600894089 -693.718826815 -2174.367669063 -1859.228649612 -511.583333333 -1751.034335729 -1633.996008852 -398.333333333 -1327.701002396 -1408.763368092 -310.250000000 -904.367669063 -1183.530727332 -247.333333333 -481.034335729 -958.298086572 -209.583333333 -144.081479348 -779.023799199 -199.567608665 -144.081479348 -779.023799199 -172.555683502 -482.635922555 -959.150203808 -182.619014392 -907.554083659 -1185.226045223 -220.510338601 -1332.439588495 -1411.284512014 -283.657692174 -1757.278162535 -1637.318009482 -372.054222245 -2182.057733473 -1863.320114608 -485.691119273 -2735.800583091 -2157.936565761 -666.747590379 -2731.410599157 -2155.600894089 -693.718826815
tsections/3/top -2760.900928845 -2122.523007816 -708.105652807 -2411.742356165 -1663.458227829 -511.583333333 -2165.819318529 -1340.124894495 -398.333333333 -1919.896280892 -1016.791561162 -310.250000000 -1673.973243255 -693.458227829 -247.333333333 -1428.050205618 -370.124894495 -209.583333333 -1216.853934721 -92.449427761 -198.776891200 -1216.853934721 -92.449427761 -171.756452190 -1429.642602971 -372.218537893 -182.644373744 -1677.129737486 -697.608305883 -220.634467790 -1924.562713806 -1022.926868059 -283.937435430 -2171.920086694 -1348.146028773 -372.534510913 -2419.186004206 -1673.244946292 -486.402920426 -2763.884003599 -2126.445078367 -680.414626451 -2760.900928845 -2122.523007816 -708.105652807
tsections/3/bottom -2741.711101709 -2141.892854961 -707.383736239 -2393.835148525 -1684.514430352 -511.583333333 -2147.912110888 -1361.181097018 -398.333333333 -1901.989073252 -1037.847763685 -310.250000000 -1656.066035615 -714.514430352 -247.333333333 -1410.142997978 -391.181097018 -209.583333333 -1194.037930827 -107.051670253 -198.525719044 -1194.037930827 -107.051670253 -171.505280034 -1411.735395331 -393.274740416 -182.644373744 -1659.222529846 -718.664508406 -220.634467790 -1906.655506166 -1043.983070582 -283.937435430 -2154.012879054 -1369.202231296 -372.534510913 -2401.278796566 -1694.301148815 -486.402920426 -2744.694176463 -2145.814925512 -679.692709883 -2741.711101709 -2141.892854961 -707.383736239
tsections/4/top -2803.544989149 -2079.478903050 -709.709911847 -2451.536150921 -1616.666666667 -511.583333333 -2205.613113284 -1293.333333333 -398.333333333 -1959.690075648 -970.000000000 -310.250000000 -1713.767038011 -646.666666667 -247.333333333 -1467.844000374 -323.333333333 -209.583333333 -1267.556165597 -60.000000000 -199.335051546 -1267.556165597 -60.000000000 -172.314612536 -1469.436397727 -325.426976731 -182.644373744 -1716.923532242 -650.816744721 -220.634467790 -1964.356508562 -976.135306897 -283.937435430 -2211.713881450 -1301.354467611 -372.534510913 -2458.979798962 -1626.453385130 -486.402920426 -2806.528063902 -2083.400973601 -682.018885490 -2803.544989149 -2079.478903050 -709.709911847
tsections/4/bottom -2836.551724084 -2078.275173638 -718.208612321 -2469.443358561 -1595.610464144 -511.583333333 -2223.520320925 -1272.277130810 -398.333333333 -1977.597283288 -948.943797477 -310.250000000 -1731.674245651 -625.610464144 -247.333333333 -1485.751208014 -302.277130810 -209.583333333 -1301.478441131 -60.000000000 -200.154506851 -1301.478441131 -60.000000000 -172.314612536 -1503.358673260 -325.426976731 -182.644373744 -1750.845807776 -650.816744721 -220.634467790 -1998.278784096 -976.135306897 -283.937435430 -2245.636156983 -1301.354467611 -372.534510913 -2492.902074495 -1626.453385130 -486.402920426 -2840.450339436 -2083.400973601 -682.018885490 -2836.551724084 -2078.275173638 -718.208612321
tsections/5/top -2900.000000000 -2079.478903050 -709.709911847 -2900.000000000 -1616.666666667 -511.583333333 -2900.000000000 -1293.333333333 -398.333333333 -2900.000000000 -970.000000000 -310.250000000 -2900.000000000 -646.666666667 -247.333333333 -2900.000000000 -323.333333333 -209.583333333 -2900.000000000 -60.000000000 -199.335051546 -2900.000000000 -60.000000000 -172.314612536 -2900.000000000 -325.426976731 -182.644373744 -2900.000000000 -650.816744721 -220.634467790 -2900.000000000 -976.135306897 -283.937435430 -2900.000000000 -1301.354467611 -372.534510913 -2900.000000000 -1626.453385130 -486.402920426 -2900.000000000 -2083.400973601 -682.018885490 -2900.000000000 -2079.478903050 -709.709911847
tsections/5/bottom -2873.000000000 -2079.478903050 -709.709911847 -2873.000000000 -1616.666666667 -511.583333333 -2873.000000000 -1293.333333333 -398.333333333 -2873.000000000 -970.000000000 -310.250000000 -2873.000000000 -646.666666667 -247.333333333 -2873.000000000 -323.333333333 -209.583333333 -2873.000000000 -60.000000000 -199.335051546 -2873.000000000 -60.000000000 -172.314612536 -2873.000000000 -325.426976731 -182.644373744 -2873.000000000 -650.816744721 -220.634467790 -2873.000000000 -976.135306897 -283.937435430 -2873.000000000 -1301.354467611 -372.534510913 -2873.000000000 -1626.453385130 -486.402920426 -2873.000000000 -2083.400973601 -682.018885490 -2873.000000000 -2079.478903050 -709.709911847
beds/0/top -2676.201210384 -2224.774309859 -637.720260162 -2132.046795490 -1935.259343290 -459.798905214 -2132.046795490 -2300.000000000 -459.798905214 -2676.201210384 -2300.000000000 -637.720260162 -2676.201210384 -2224.774309859 -637.720260162
beds/0/bottom -2671.811226450 -2222.438638187 -664.691496599 -2124.356731077 -1931.167878293 -485.691119273 -2124.356731077 -2300.000000000 -485.691119273 -2671.811226450 -2300.000000000 -664.691496599 -2671.811226450 -2222.438638187 -664.691496599
beds/0/row 0.000000000
beds/1/top -2132.046795490 -1935.259343290 -459.798905214 -1705.820986949 -1708.487773798 -345.775111158 -1705.820986949 -2300.000000000 -345.775111158 -2132.046795490 -2300.000000000 -459.798905214 -2132.046795490 -1935.259343290 -459.798905214
beds/1/bottom -2124.356731077 -1931.167878293 -485.691119273 -1699.577160139 -1705.165773167 -372.054222245 -1699.577160139 -2300.000000000 -372.054222245 -2124.356731077 -2300.000000000 -485.691119273 -2124.356731077 -1931.167878293 -485.691119273
beds/1/row 0.000000000
beds/2/top -1705.820986949 -1708.487773798 -345.775111158 -1279.477172199 -1481.653419623 -257.065384348 -1279.477172199 -2300.000000000 -257.065384348 -1705.820986949 -2300.000000000 -345.775111158 -1705.820986949 -1708.487773798 -345.775111158
beds/2/bottom -1699.577160139 -1705.165773167 -372.054222245 -1274.738586099 -1479.132275699 -283.657692174 -1274.738586099 -2300.000000000 -283.657692174 -1699.577160139 -2300.000000000 -372.054222245 -1699.577160139 -1705.165773167 -372.054222245
beds/2/row 0.000000000
beds/3/top -1279.477172199 -1481.653419623 -257.065384348 -853.039495860 -1254.769126800 -193.687343869 -853.039495860 -2300.000000000 -193.687343869 -1279.477172199 -2300.000000000 -257.065384348 -1279.477172199 -1481.653419623 -257.065384348
beds/3/bottom -1274.738586099 -1479.132275699 -283.657692174 -849.853081263 -1253.073808908 -220.510338601 -849.853081263 -2300.000000000 -220.510338601 -1274.738586099 -2300.000000000 -283.657692174 -1274.738586099 -1479.132275699 -283.657692174
beds/3/row 0.000000000
beds/4/top -853.039495860 -1254.769126800 -193.687343869 -426.536506985 -1027.850084730 -155.654695452 -426.536506985 -2300.000000000 -155.654695452 -853.039495860 -2300.000000000 -193.687343869 -853.039495860 -1254.769126800 -193.687343869
beds/4/bottom -849.853081263 -1253.073808908 -220.510338601 -424.934920159 -1026.997967493 -182.619014392 -424.934920159 -2300.000000000 -182.619014392 -849.853081263 -2300.000000000 -220.510338601 -849.853081263 -1253.073808908 -220.510338601
beds/4/row 0.000000000
beds/5/top -426.536506985 -1027.850084730 -155.654695452 -60.000000000 -832.835945982 -144.759614240 -60.000000000 -2300.000000000 -144.759614240 -426.536506985 -2300.000000000 -155.654695452 -426.536506985 -1027.850084730 -155.654695452
beds/5/bottom -424.934920159 -1026.997967493 -182.619014392 -60.000000000 -832.835945982 -171.771539403 -60.000000000 -2300.000000000 -171.771539403 -424.934920159 -2300.000000000 -182.619014392 -424.934920159 -1026.997967493 -182.619014392
beds/5/row 0.000000000
beds/6/top -2715.995005139 -2177.982748697 -637.720260162 -2171.840590246 -1888.467782128 -459.798905214 -2388.824775391 -1633.326777539 -459.798905214 -2761.967761133 -2123.925651679 -637.720260162 -2715.995005139 -2177.982748697 -637.720260162
beds/6/bottom -2711.605021205 -2175.647077025 -664.691496599 -2164.150525833 -1884.376317131 -485.691119273 -2383.551467820 -1626.393567332 -485.691119273 -2758.957417620 -2119.967728860 -664.691496599 -2711.605021205 -2175.647077025 -664.691496599
beds/6/row 1.000000000
beds/7/top -2171.840590246 -1888.467782128 -459.798905214 -1745.614781704 -1661.696212636 -345.775111158 -2096.548968292 -1249.050005952 -345.775111158 -2388.824775391 -1633.326777539 -459.798905214 -2171.840590246 -1888.467782128 -459.798905214
beds/7/bottom -2164.150525833 -1884.376317131 -485.691119273 -1739.370954895 -1658.374212005 -372.054222245 -2092.267389177 -1243.420695008 -372.054222245 -2383.551467820 -1626.393567332 -485.691119273 -2164.150525833 -1884.376317131 -485.691119273
beds/7/row 1.000000000
beds/8/top -1745.614781704 -1661.696212636 -345.775111158 -1319.270966955 -1434.861858460 -257.065384348 -1804.192240801 -864.666842298 -257.065384348 -2096.548968292 -1249.050005952 -345.775111158 -1745.614781704 -1661.696212636 -345.775111158
beds/8/bottom -1739.370954895 -1658.374212005 -372.054222245 -1314.532380854 -1432.340714537 -283.657692174 -1800.942850339 -860.394626651 -283.657692174 -2092.267389177 -1243.420695008 -372.054222245 -1739.370954895 -1658.374212005 -372.054222245
beds/8/row 1.000000000
beds/9/top -1319.270966955 -1434.861858460 -257.065384348 -892.833290615 -1207.977565638 -193.687343869 -1511.771149606 -480.199054889 -193.687343869 -1804.192240801 -864.666842298 -257.065384348 -1319.270966955 -1434.861858460 -257.065384348
beds/9/bottom -1314.532380854 -1432.340714537 -283.657692174 -889.646876019 -1206.282247746 -220.510338601 -1509.586129648 -477.326246416 -220.510338601 -1800.942850339 -860.394626651 -283.657692174 -1314.532380854 -1432.340714537 -283.657692174
beds/9/row 1.000000000
beds/10/top -892.833290615 -1207.977565638 -193.687343869 -466.330301740 -981.058523568 -155.654695452 -1219.305271648 -95.672382988 -155.654695452 -1511.771149606 -480.199054889 -193.687343869 -892.833290615 -1207.977565638 -193.687343869
beds/10/bottom -889.646876019 -1206.282247746 -220.510338601 -464.728714915 -980.206406331 -182.619014392 -1218.207015576 -94.228423935 -182.619014392 -1509.586129648 -477.326246416 -220.510338601 -889.646876019 -1206.282247746 -220.510338601
beds/10/row 1.000000000
beds/11/top -466.330301740 -981.058523568 -155.654695452 -99.793794756 -786.044384820 -144.759614240 -967.960206982 234.789693100 -144.759614240 -1219.305271648 -95.672382988 -155.654695452 -466.330301740 -981.058523568 -155.654695452
beds/11/bottom -464.728714915 -980.206406331 -182.619014392 -99.793794756 -786.044384820 -171.771539403 -967.960206982 234.789693100 -171.771539403 -1218.207015576 -94.228423935 -182.619014392 -464.728714915 -980.206406331 -182.619014392
beds/11/row 1.000000000
beds/12/top -2809.511138656 -2087.323044152 -654.327859134 -2466.423447000 -1636.240103591 -461.222507518 -2900.000000000 -1636.240103591 -461.222507518 -2900.000000000 -2087.323044152 -654.327859134 -2809.511138656 -2087.323044152 -654.327859134
beds/12/bottom -2806.528063902 -2083.400973601 -682.018885490 -2458.979798962 -1626.453385130 -486.402920426 -2900.000000000 -1626.453385130 -486.402920426 -2900.000000000 -2083.400973601 -682.018885490 -2806.528063902 -2083.400973601 -682.018885490
beds/12/row 2.000000000
beds/13/top -2466.423447000 -1636.240103591 -461.222507518 -2217.814649616 -1309.375601889 -346.735688493 -2900.000000000 -1309.375601889 -346.735688493 -2900.000000000 -1636.240103591 -461.222507518 -2466.423447000 -1636.240103591 -461.222507518
beds/13/bottom -2458.979798962 -1626.453385130 -486.402920426 -2211.713881450 -1301.354467611 -372.534510913 -2900.000000000 -1301.354467611 -372.534510913 -2900.000000000 -1626.453385130 -486.402920426 -2458.979798962 -1626.453385130 -486.402920426
beds/13/row 2.000000000
beds/14/top -2217.814649616 -1309.375601889 -346.735688493 -1969.022941476 -982.270613794 -257.624870860 -2900.000000000 -982.270613794 -257.624870860 -2900.000000000 -1309.375601889 -346.735688493 -2217.814649616 -1309.375601889 -346.735688493
beds/14/bottom -2211.713881450 -1301.354467611 -372.534510913 -1964.356508562 -976.135306897 -283.937435430 -2900.000000000 -976.135306897 -283.937435430 -2900.000000000 -1301.354467611 -372.534510913 -2211.713881450 -1301.354467611 -372.534510913
beds/14/row 2.000000000
beds/15/top -1969.022941476 -982.270613794 -257.624870860 -1720.080026474 -654.966822775 -193.935602247 -2900.000000000 -654.966822775 -193.935602247 -2900.000000000 -982.270613794 -257.624870860 -1969.022941476 -982.270613794 -257.624870860
beds/15/bottom -1964.356508562 -976.135306897 -283.937435430 -1716.923532242 -650.816744721 -220.634467790 -2900.000000000 -650.816744721 -220.634467790 -2900.000000000 -976.135306897 -283.937435430 -1964.356508562 -976.135306897 -283.937435430
beds/15/row 2.000000000
beds/16/top -1720.080026474 -654.966822775 -193.935602247 -1471.028795079 -327.520620128 -155.705414154 -2900.000000000 -327.520620128 -155.705414154 -2900.000000000 -654.966822775 -193.935602247 -1720.080026474 -654.966822775 -193.935602247
beds/16/bottom -1716.923532242 -650.816744721 -220.634467790 -1469.436397727 -325.426976731 -182.644373744 -2900.000000000 -325.426976731 -182.644373744 -2900.000000000 -650.816744721 -220.634467790 -1716.923532242 -650.816744721 -220.634467790
beds/16/row 2.000000000
beds/17/top -1471.028795079 -327.520620128 -155.705414154 -1267.556165597 -60.000000000 -145.294173526 -2900.000000000 -60.000000000 -145.294173526 -2900.000000000 -327.520620128 -155.705414154 -1471.028795079 -327.520620128 -155.705414154
beds/17/bottom -1469.436397727 -325.426976731 -182.644373744 -1267.556165597 -60.000000000 -172.314612536 -2900.000000000 -60.000000000 -172.314612536 -2900.000000000 -325.426976731 -182.644373744 -1469.436397727 -325.426976731 -182.644373744
beds/17/row 2.000000000
oculus/0/top 199.087242358 -906.952992965 -197.000000000 204.313280363 -930.760499432 0.000000000 -880.224215393 -236.656502149 0.000000000 -870.933481161 -222.139729912 -197.000000000 199.087242358 -906.952992965 -197.000000000
oculus/0/bottom 222.139729912 -870.933481161 -197.000000000 236.656502149 -880.224215393 0.000000000 -847.880993607 -186.120218109 0.000000000 -847.880993607 -186.120218109 -197.000000000 222.139729912 -870.933481161 -197.000000000
oculus/1/top 906.952992965 199.087242358 -197.000000000 930.760499432 204.313280363 0.000000000 236.656502149 -880.224215393 0.000000000 222.139729912 -870.933481161 -197.000000000 906.952992965 199.087242358 -197.000000000
oculus/1/bottom 870.933481161 222.139729912 -197.000000000 880.224215393 236.656502149 0.000000000 186.120218109 -847.880993607 0.000000000 186.120218109 -847.880993607 -197.000000000 870.933481161 222.139729912 -197.000000000
oculus/2/top -199.087242358 906.952992965 -197.000000000 -204.313280363 930.760499432 0.000000000 880.224215393 236.656502149 0.000000000 870.933481161 222.139729912 -197.000000000 -199.087242358 906.952992965 -197.000000000
oculus/2/bottom -222.139729912 870.933481161 -197.000000000 -236.656502149 880.224215393 0.000000000 847.880993607 186.120218109 0.000000000 847.880993607 186.120218109 -197.000000000 -222.139729912 870.933481161 -197.000000000
oculus/3/top -906.952992965 -199.087242358 -197.000000000 -930.760499432 -204.313280363 0.000000000 -236.656502149 880.224215393 0.000000000 -222.139729912 870.933481161 -197.000000000 -906.952992965 -199.087242358 -197.000000000
oculus/3/bottom -870.933481161 -222.139729912 -197.000000000 -880.224215393 -236.656502149 0.000000000 -186.120218109 847.880993607 0.000000000 -186.120218109 847.880993607 -197.000000000 -870.933481161 -222.139729912 -197.000000000
oculus/4/top 186.120218109 -847.880993607 -170.000000000 200.674667912 -825.139665790 -170.000000000 -810.585215986 -177.933340095 -170.000000000 -825.139665790 -200.674667912 -170.000000000 186.120218109 -847.880993607 -170.000000000
oculus/4/bottom 186.120218109 -847.880993607 -197.000000000 200.674667912 -825.139665790 -197.000000000 -810.585215986 -177.933340095 -197.000000000 -825.139665790 -200.674667912 -197.000000000 186.120218109 -847.880993607 -197.000000000
oculus/5/top 847.880993607 186.120218109 -170.000000000 825.139665790 200.674667912 -170.000000000 177.933340095 -810.585215986 -170.000000000 200.674667912 -825.139665790 -170.000000000 847.880993607 186.120218109 -170.000000000
oculus/5/bottom 847.880993607 186.120218109 -197.000000000 825.139665790 200.674667912 -197.000000000 177.933340095 -810.585215986 -197.000000000 200.674667912 -825.139665790 -197.000000000 847.880993607 186.120218109 -197.000000000
oculus/6/top -186.120218109 847.880993607 -170.000000000 -200.674667912 825.139665790 -170.000000000 810.585215986 177.933340095 -170.000000000 825.139665790 200.674667912 -170.000000000 -186.120218109 847.880993607 -170.000000000
oculus/6/bottom -186.120218109 847.880993607 -197.000000000 -200.674667912 825.139665790 -197.000000000 810.585215986 177.933340095 -197.000000000 825.139665790 200.674667912 -197.000000000 -186.120218109 847.880993607 -197.000000000
oculus/7/top -847.880993607 -186.120218109 -170.000000000 -825.139665790 -200.674667912 -170.000000000 -177.933340095 810.585215986 -170.000000000 -200.674667912 825.139665790 -170.000000000 -847.880993607 -186.120218109 -170.000000000
oculus/7/bottom -847.880993607 -186.120218109 -197.000000000 -825.139665790 -200.674667912 -197.000000000 -177.933340095 810.585215986 -197.000000000 -200.674667912 825.139665790 -197.000000000 -847.880993607 -186.120218109 -197.000000000
oculus/8/top 186.120218109 -847.880993607 -143.000000000 847.880993607 186.120218109 -143.000000000 -186.120218109 847.880993607 -143.000000000 -847.880993607 -186.120218109 -143.000000000 186.120218109 -847.880993607 -143.000000000
oculus/8/bottom 186.120218109 -847.880993607 -170.000000000 847.880993607 186.120218109 -170.000000000 -186.120218109 847.880993607 -170.000000000 -847.880993607 -186.120218109 -170.000000000 186.120218109 -847.880993607 -170.000000000
column_cutters/0/top -2796.006762744 -2508.516327818 98.342542712 -2796.006762744 -2188.516327818 98.342542712 -2650.886168159 -2119.852933200 -793.251123032 -2650.886168159 -2500.000000000 -793.251123032 -2796.006762744 -2508.516327818 98.342542712
column_cutters/0/bottom -2697.305639712 -2508.516327818 114.407669922 -2697.305639712 -2188.516327818 114.407669922 -2552.185045127 -2119.852933200 -777.185995821 -2552.185045127 -2500.000000000 -777.185995821 -2697.305639712 -2508.516327818 114.407669922
column_cutters/1/top -2719.895416452 -2364.655300566 98.453330379 -2961.316772689 -2123.233944329 98.453330379 -2859.882038294 -2002.399099714 -792.892542712 -2580.233854507 -2282.047283502 -792.892542712 -2719.895416452 -2364.655300566 98.453330379
column_cutters/1/bottom -2650.258992420 -2295.018876534 115.818148146 -2891.680348657 -2053.597520297 115.818148146 -2790.245614262 -1932.762675682 -775.527724945 -2510.597430475 -2212.410859470 -775.527724945 -2650.258992420 -2295.018876534 115.818148146
column_cutters/2/top -2780.000000000 -2194.023721411 99.011793428 -3100.000000000 -2194.023721411 99.011793428 -3089.393905430 -2067.681483203 -793.003330379 -2694.572028349 -2067.681483203 -793.003330379 -2780.000000000 -2194.023721411 99.011793428
column_cutters/2/bottom -2780.000000000 -2095.011927983 113.035514839 -3100.000000000 -2095.011927983 113.035514839 -3089.393905430 -1968.669689775 -778.979608968 -2694.572028349 -1968.669689775 -778.979608968 -2780.000000000 -2095.011927983 113.035514839
column_cutters/3/top -2576.512240223 -2531.882378796 -666.189971325 -2576.512240223 -2151.735311997 -666.189971325 -2780.000000000 -2080.000000000 -730.000000000 -2780.000000000 -2500.000000000 -730.000000000 -2576.512240223 -2531.882378796 -666.189971325
column_cutters/3/bottom -2546.590727711 -2531.882378796 -761.608539167 -2546.590727711 -2151.735311997 -761.608539167 -2750.078487489 -2080.000000000 -825.418567842 -2750.078487489 -2500.000000000 -825.418567842 -2546.590727711 -2531.882378796 -761.608539167
column_cutters/4/top -2549.248420913 -2222.216654027 -638.689218478 -2828.896604701 -1942.568470239 -638.689218478 -2905.710678119 -2054.289321881 -730.000000000 -2654.289321881 -2305.710678119 -730.000000000 -2549.248420913 -2222.216654027 -638.689218478
column_cutters/4/bottom -2509.290713060 -2182.258946173 -721.192328518 -2788.938896847 -1902.610762386 -721.192328518 -2865.752970265 -2014.331614028 -812.503110040 -2614.331614028 -2265.752970265 -812.503110040 -2509.290713060 -2182.258946173 -721.192328518
column_cutters/5/top -2705.178122919 -1987.548157832 -660.648086569 -3100.000000000 -1987.548157832 -660.648086569 -3100.000000000 -2180.000000000 -730.000000000 -2680.000000000 -2180.000000000 -730.000000000 -2705.178122919 -1987.548157832 -660.648086569
column_cutters/5/bottom -2705.178122919 -1953.646244401 -754.726034387 -3100.000000000 -1953.646244401 -754.726034387 -3100.000000000 -2146.098086569 -824.077947818 -2680.000000000 -2146.098086569 -824.077947818 -2705.178122919 -1953.646244401 -754.726034387
