beds_0_0_0 4339665.073020 -2404.693069 -2666.412727 2936.250487
beds_0_1_0 7250370.802649 -1915.811978 -2521.554524 3084.266885
beds_0_2_0 10562136.030041 -1490.279787 -2376.676199 3185.440197
beds_0_3_0 13828934.262918 -1064.665127 -2231.781870 3261.327482
beds_0_4_0 17084953.079976 -638.987208 -2086.876405 3311.917483
beds_0_5_0 17292832.845536 -243.268253 -1962.426407 3336.310686
beds_1_0_0 3517494.425894 -2469.791522 -2469.791522 2936.250487
beds_1_1_0 5771818.375196 -2068.823770 -2068.823770 3084.266885
beds_1_2_0 8367614.063603 -1711.053085 -1711.053085 3185.440197
beds_1_3_0 10928421.576133 -1353.218691 -1353.218691 3261.327482
beds_1_4_0 13481057.384728 -995.335961 -995.335961 3311.917483
beds_1_5_0 13631998.471071 -667.422578 -667.422578 3336.310686
beds_2_0_0 4339665.073020 -2666.412727 -2404.693069 2936.250487
beds_2_1_0 7250370.802649 -2521.554524 -1915.811978 3084.266885
beds_2_2_0 10562136.030042 -2376.676199 -1490.279787 3185.440197
beds_2_3_0 13828934.262917 -2231.781870 -1064.665127 3261.327482
beds_2_4_0 17084953.079975 -2086.876405 -638.987208 3311.917483
beds_2_5_0 17292832.845536 -1962.426407 -243.268253 3336.310686
tsections_0_0 1952697.465046 -1370.506398 -2886.500000 3066.717511
tsections_1_0 2521699.622227 -1370.506398 -1935.010831 3063.687870
tsections_2_0 2363633.410826 -1423.399170 -1865.777048 3066.717511
tsections_3_0 2363633.410829 -1865.777048 -1423.399170 3066.717511
tsections_4_0 2521699.622228 -1935.010831 -1370.506398 3063.687870
tsections_5_0 1952697.465046 -2886.500000 -1370.506398 3066.717511
outer_ribs_0_0 101714591.705756 -1390.000000 -2950.000000 3152.603281
outer_ribs_1_0 101714591.705757 -2950.000000 -1390.000000 3152.603281
inner_ribs_0_0 73009634.267415 -1441.588887 -1930.837520 3152.603281
inner_ribs_1_0 73009634.267417 -1930.837520 -1441.588887 3152.603281
wedges_inner_beams_0_0 19234809.817345 -2616.811688 -2778.699141 3179.696599
wedges_inner_beams_1_0 17503136.627733 -2660.373776 -2660.373776 3179.696599
wedges_inner_beams_2_0 19234809.817354 -2778.699141 -2616.811688 3179.696599
inner_beams_0_0 22956652.396319 -30.000000 -1907.812826 3401.500000
inner_beams_1_0 17512545.696229 -542.426407 -542.426407 3401.500000
inner_beams_2_0 22956652.396319 -1907.812826 -30.000000 3401.500000
beds_0_0_1 4339665.073020 2666.412727 -2404.693069 2936.250487
beds_0_1_1 7250370.802649 2521.554524 -1915.811978 3084.266885
beds_0_2_1 10562136.030042 2376.676199 -1490.279787 3185.440197
beds_0_3_1 13828934.262918 2231.781870 -1064.665127 3261.327482
beds_0_4_1 17084953.079976 2086.876405 -638.987208 3311.917483
beds_0_5_1 17292832.845536 1962.426407 -243.268253 3336.310686
beds_1_0_1 3517494.425894 2469.791522 -2469.791522 2936.250487
beds_1_1_1 5771818.375196 2068.823770 -2068.823770 3084.266885
beds_1_2_1 8367614.063604 1711.053085 -1711.053085 3185.440197
beds_1_3_1 10928421.576133 1353.218691 -1353.218691 3261.327482
beds_1_4_1 13481057.384728 995.335961 -995.335961 3311.917483
beds_1_5_1 13631998.471071 667.422578 -667.422578 3336.310686
beds_2_0_1 4339665.073020 2404.693069 -2666.412727 2936.250487
beds_2_1_1 7250370.802649 1915.811978 -2521.554524 3084.266885
beds_2_2_1 10562136.030042 1490.279787 -2376.676199 3185.440197
beds_2_3_1 13828934.262918 1064.665127 -2231.781870 3261.327482
beds_2_4_1 17084953.079976 638.987208 -2086.876405 3311.917483
beds_2_5_1 17292832.845536 243.268253 -1962.426407 3336.310686
tsections_0_1 1952697.465047 2886.500000 -1370.506398 3066.717511
tsections_1_1 2521699.622227 1935.010831 -1370.506398 3063.687870
tsections_2_1 2363633.410826 1865.777048 -1423.399170 3066.717511
tsections_3_1 2363633.410829 1423.399170 -1865.777048 3066.717511
tsections_4_1 2521699.622228 1370.506398 -1935.010831 3063.687870
tsections_5_1 1952697.465047 1370.506398 -2886.500000 3066.717511
outer_ribs_0_1 101714591.705757 2950.000000 -1390.000000 3152.603281
outer_ribs_1_1 101714591.705757 1390.000000 -2950.000000 3152.603281
inner_ribs_0_1 73009634.267416 1930.837520 -1441.588887 3152.603281
inner_ribs_1_1 73009634.267417 1441.588887 -1930.837520 3152.603281
wedges_inner_beams_0_1 19234809.817345 2778.699141 -2616.811688 3179.696599
wedges_inner_beams_1_1 17503136.627733 2660.373776 -2660.373776 3179.696599
wedges_inner_beams_2_1 19234809.817354 2616.811688 -2778.699141 3179.696599
inner_beams_0_1 22956652.396319 1907.812826 -30.000000 3401.500000
inner_beams_1_1 17512545.696229 542.426407 -542.426407 3401.500000
inner_beams_2_1 22956652.396319 30.000000 -1907.812826 3401.500000
beds_0_0_2 4339665.073020 2404.693069 2666.412727 2936.250487
beds_0_1_2 7250370.802651 1915.811978 2521.554524 3084.266885
beds_0_2_2 10562136.030042 1490.279787 2376.676199 3185.440197
beds_0_3_2 13828934.262918 1064.665127 2231.781870 3261.327482
beds_0_4_2 17084953.079976 638.987208 2086.876405 3311.917483
beds_0_5_2 17292832.845536 243.268253 1962.426407 3336.310686
beds_1_0_2 3517494.425895 2469.791522 2469.791522 2936.250487
beds_1_1_2 5771818.375195 2068.823770 2068.823770 3084.266885
beds_1_2_2 8367614.063604 1711.053085 1711.053085 3185.440197
beds_1_3_2 10928421.576133 1353.218691 1353.218691 3261.327482
beds_1_4_2 13481057.384728 995.335961 995.335961 3311.917483
beds_1_5_2 13631998.471071 667.422578 667.422578 3336.310686
beds_2_0_2 4339665.073018 2666.412727 2404.693069 2936.250487
beds_2_1_2 7250370.802648 2521.554524 1915.811978 3084.266885
beds_2_2_2 10562136.030042 2376.676199 1490.279787 3185.440197
beds_2_3_2 13828934.262918 2231.781870 1064.665127 3261.327482
beds_2_4_2 17084953.079976 2086.876405 638.987208 3311.917483
beds_2_5_2 17292832.845536 1962.426407 243.268253 3336.310686
tsections_0_2 1952697.465048 1370.506398 2886.500000 3066.717511
tsections_1_2 2521699.622226 1370.506398 1935.010831 3063.687870
tsections_2_2 2363633.410827 1423.399170 1865.777048 3066.717511
tsections_3_2 2363633.410827 1865.777048 1423.399170 3066.717511
tsections_4_2 2521699.622226 1935.010831 1370.506398 3063.687870
tsections_5_2 1952697.465050 2886.500000 1370.506398 3066.717511
outer_ribs_0_2 101714591.705756 1390.000000 2950.000000 3152.603281
outer_ribs_1_2 101714591.705757 2950.000000 1390.000000 3152.603281
inner_ribs_0_2 73009634.267418 1441.588887 1930.837520 3152.603281
inner_ribs_1_2 73009634.267416 1930.837520 1441.588887 3152.603281
wedges_inner_beams_0_2 19234809.817346 2616.811688 2778.699141 3179.696599
wedges_inner_beams_1_2 17503136.627736 2660.373776 2660.373776 3179.696599
wedges_inner_beams_2_2 19234809.817355 2778.699141 2616.811688 3179.696599
inner_beams_0_2 22956652.396319 30.000000 1907.812826 3401.500000
inner_beams_1_2 17512545.696229 542.426407 542.426407 3401.500000
inner_beams_2_2 22956652.396319 1907.812826 30.000000 3401.500000
beds_0_0_3 4339665.073020 -2666.412727 2404.693069 2936.250487
beds_0_1_3 7250370.802650 -2521.554524 1915.811978 3084.266885
beds_0_2_3 10562136.030041 -2376.676199 1490.279787 3185.440197
beds_0_3_3 13828934.262918 -2231.781870 1064.665127 3261.327482
beds_0_4_3 17084953.079976 -2086.876405 638.987208 3311.917483
beds_0_5_3 17292832.845536 -1962.426407 243.268253 3336.310686
beds_1_0_3 3517494.425895 -2469.791522 2469.791522 2936.250487
beds_1_1_3 5771818.375196 -2068.823770 2068.823770 3084.266885
beds_1_2_3 8367614.063603 -1711.053085 1711.053085 3185.440197
beds_1_3_3 10928421.576134 -1353.218691 1353.218691 3261.327482
beds_1_4_3 13481057.384728 -995.335961 995.335961 3311.917483
beds_1_5_3 13631998.471071 -667.422578 667.422578 3336.310686
beds_2_0_3 4339665.073018 -2404.693069 2666.412727 2936.250487
beds_2_1_3 7250370.802649 -1915.811978 2521.554524 3084.266885
beds_2_2_3 10562136.030041 -1490.279787 2376.676199 3185.440197
beds_2_3_3 13828934.262918 -1064.665127 2231.781870 3261.327482
beds_2_4_3 17084953.079975 -638.987208 2086.876405 3311.917483
beds_2_5_3 17292832.845536 -243.268253 1962.426407 3336.310686
tsections_0_3 1952697.465045 -2886.500000 1370.506398 3066.717511
tsections_1_3 2521699.622225 -1935.010831 1370.506398 3063.687870
tsections_2_3 2363633.410827 -1865.777048 1423.399170 3066.717511
tsections_3_3 2363633.410828 -1423.399170 1865.777048 3066.717511
tsections_4_3 2521699.622226 -1370.506398 1935.010831 3063.687870
tsections_5_3 1952697.465049 -1370.506398 2886.500000 3066.717511
outer_ribs_0_3 101714591.705756 -2950.000000 1390.000000 3152.603281
outer_ribs_1_3 101714591.705759 -1390.000000 2950.000000 3152.603281
inner_ribs_0_3 73009634.267418 -1930.837520 1441.588887 3152.603281
inner_ribs_1_3 73009634.267417 -1441.588887 1930.837520 3152.603281
wedges_inner_beams_0_3 19234809.817346 -2778.699141 2616.811688 3179.696599
wedges_inner_beams_1_3 17503136.627736 -2660.373776 2660.373776 3179.696599
wedges_inner_beams_2_3 19234809.817355 -2616.811688 2778.699141 3179.696599
inner_beams_0_3 22956652.396319 -1907.812826 30.000000 3401.500000
inner_beams_1_3 17512545.696229 -542.426407 542.426407 3401.500000
inner_beams_2_3 22956652.396319 -30.000000 1907.812826 3401.500000
oculus_0 13625437.608763 -457.573593 -500.000000 3401.500000
oculus_1 13625437.608763 500.000000 -457.573593 3401.500000
oculus_2 13625437.608763 457.573593 500.000000 3401.500000
oculus_3 13625437.608763 -500.000000 457.573593 3401.500000
oculus_4 923798.686970 -438.481710 -457.573593 3316.500000
oculus_5 923798.686970 457.573593 -438.481710 3316.500000
oculus_6 923798.686970 438.481710 457.573593 3316.500000
oculus_7 923798.686970 -457.573593 438.481710 3316.500000
oculus_8 45224696.115822 0.000000 0.000000 3343.500000
