contacts 8
wedge 0 inner_beams_0_0 inner_beams_2_1 thickness 67.081863 length 1698.754410 dowels 5 area 376700.873272
wedge 1 inner_beams_1_0 oculus_0 thickness 68.578843 length 1038.771407 dowels 3 area 242696.248126
wedge 2 inner_beams_2_0 inner_beams_0_3 thickness 67.081863 length 1698.754410 dowels 5 area 376700.873272
wedge 3 inner_beams_0_1 inner_beams_2_2 thickness 67.081863 length 1698.754410 dowels 5 area 376700.873272
wedge 4 inner_beams_1_1 oculus_1 thickness 68.578843 length 1038.771407 dowels 3 area 242696.248126
wedge 5 inner_beams_0_2 inner_beams_2_3 thickness 67.081863 length 1698.754410 dowels 5 area 376700.873272
wedge 6 inner_beams_1_2 oculus_2 thickness 68.578843 length 1038.771407 dowels 3 area 242696.248126
wedge 7 inner_beams_1_3 oculus_3 thickness 68.578843 length 1038.771407 dowels 3 area 242696.248126
inner_beams_0_0 17872870.438210 -30.000000 -1907.812826 3401.500000
inner_beams_1_0 14355972.395447 -542.426407 -542.426407 3401.500000
inner_beams_2_0 17872870.438210 -1907.812826 -30.000000 3401.500000
inner_beams_0_1 17872870.438210 1907.812826 -30.000000 3401.500000
inner_beams_1_1 14355972.395446 542.426407 -542.426407 3401.500000
inner_beams_2_1 17872870.438210 30.000000 -1907.812826 3401.500000
inner_beams_0_2 17872870.438210 30.000000 1907.812826 3401.500000
inner_beams_1_2 14355972.395446 542.426407 542.426407 3401.500000
inner_beams_2_2 17872870.438210 1907.812826 30.000000 3401.500000
inner_beams_0_3 17872870.438210 -1907.812826 30.000000 3401.500000
inner_beams_1_3 14355972.395447 -542.426407 542.426407 3401.500000
inner_beams_2_3 17872870.438210 -30.000000 1907.812826 3401.500000
oculus_0 10565126.977428 -457.573593 -500.000000 3401.500000
oculus_1 10565126.977428 500.000000 -457.573593 3401.500000
oculus_2 10565126.977428 457.573593 500.000000 3401.500000
oculus_3 10565126.977428 -500.000000 457.573593 3401.500000
connector_wedge_0 11249293.251920 -0.000000 -1950.000000 3407.265303
connector_wedge_0_cylinder_0 45254.833996 -0.000000 -2629.501764 3400.000000
connector_wedge_0_cylinder_1 45254.833996 -0.000000 -2289.750882 3400.000000
connector_wedge_0_cylinder_2 45254.833996 -0.000000 -1950.000000 3400.000000
connector_wedge_0_cylinder_3 45254.833996 -0.000000 -1610.249118 3400.000000
connector_wedge_0_cylinder_4 45254.833996 -0.000000 -1270.498236 3400.000000
connector_wedge_1 6878830.812188 -500.710613 -500.710613 3409.002042
connector_wedge_1_cylinder_0 45254.833996 -248.996390 -738.677927 3400.380530
connector_wedge_1_cylinder_1 45254.833996 -493.837158 -493.837158 3400.380530
connector_wedge_1_cylinder_2 45254.833996 -738.677927 -248.996390 3400.380530
connector_wedge_2 11249293.251920 -1950.000000 0.000000 3407.265303
connector_wedge_2_cylinder_0 45254.833996 -1270.498236 0.000000 3400.000000
connector_wedge_2_cylinder_1 45254.833996 -1610.249118 0.000000 3400.000000
connector_wedge_2_cylinder_2 45254.833996 -1950.000000 0.000000 3400.000000
connector_wedge_2_cylinder_3 45254.833996 -2289.750882 0.000000 3400.000000
connector_wedge_2_cylinder_4 45254.833996 -2629.501764 0.000000 3400.000000
connector_wedge_3 11249293.251920 1950.000000 -0.000000 3407.265303
connector_wedge_3_cylinder_0 45254.833996 2629.501764 -0.000000 3400.000000
connector_wedge_3_cylinder_1 45254.833996 2289.750882 -0.000000 3400.000000
connector_wedge_3_cylinder_2 45254.833996 1950.000000 -0.000000 3400.000000
connector_wedge_3_cylinder_3 45254.833996 1610.249118 -0.000000 3400.000000
connector_wedge_3_cylinder_4 45254.833996 1270.498236 -0.000000 3400.000000
connector_wedge_4 6878830.812188 500.710613 -500.710613 3409.002042
connector_wedge_4_cylinder_0 45254.833996 738.677927 -248.996390 3400.380530
connector_wedge_4_cylinder_1 45254.833996 493.837158 -493.837158 3400.380530
connector_wedge_4_cylinder_2 45254.833996 248.996390 -738.677927 3400.380530
connector_wedge_5 11249293.251920 0.000000 1950.000000 3407.265303
connector_wedge_5_cylinder_0 45254.833996 0.000000 2629.501764 3400.000000
connector_wedge_5_cylinder_1 45254.833996 0.000000 2289.750882 3400.000000
connector_wedge_5_cylinder_2 45254.833996 0.000000 1950.000000 3400.000000
connector_wedge_5_cylinder_3 45254.833996 0.000000 1610.249118 3400.000000
connector_wedge_5_cylinder_4 45254.833996 0.000000 1270.498236 3400.000000
connector_wedge_6 6878830.812188 500.710613 500.710613 3409.002042
connector_wedge_6_cylinder_0 45254.833996 248.996390 738.677927 3400.380530
connector_wedge_6_cylinder_1 45254.833996 493.837158 493.837158 3400.380530
connector_wedge_6_cylinder_2 45254.833996 738.677927 248.996390 3400.380530
connector_wedge_7 6878830.812188 -500.710613 500.710613 3409.002042
connector_wedge_7_cylinder_0 45254.833996 -738.677927 248.996390 3400.380530
connector_wedge_7_cylinder_1 45254.833996 -493.837158 493.837158 3400.380530
connector_wedge_7_cylinder_2 45254.833996 -248.996390 738.677927 3400.380530
