0
0 2 4 2
1 2 5 2
0 3 180 3
1 3 181 3
4 6 8 6
5 6 9 6
4 7 176 7
5 7 177 7
8 10 12 10
9 10 13 10
8 11 172 11
9 11 173 11
12 14 16 14
13 14 17 14
12 15 168 15
13 15 169 15
16 18 20 18
17 18 21 18
16 19 164 19
17 19 165 19
20 22 24 22
21 22 25 22
20 23 160 23
21 23 161 23
24 26 28 26
25 26 29 26
24 27 156 27
25 27 157 27
28 30 32 30
29 30 33 30
28 31 152 31
29 31 153 31
32 34 36 34
33 34 37 34
32 35 148 35
33 35 149 35
36 38 40 38
37 38 41 38
36 39 144 39
37 39 145 39
40 42 44 42
41 42 45 42
40 43 140 43
41 43 141 43
44 46 48 46
45 46 49 46
44 47 136 47
45 47 137 47
48 50 52 50
49 50 53 50
48 51 132 51
49 51 133 51
52 54 56 54
53 54 57 54
52 55 128 55
53 55 129 55
56 58 60 58
57 58 61 58
56 59 124 59
57 59 125 59
60 62 64 62
61 62 65 62
60 63 120 63
61 63 121 63
64 66 68 66
65 66 69 66
64 67 116 67
65 67 117 67
68 70 72 70
69 70 73 70
68 71 112 71
69 71 113 71
72 74 76 74
73 74 77 74
72 75 108 75
73 75 109 75
76 78 80 78
77 78 81 78
76 79 104 79
77 79 105 79
80 82 84 82
81 82 85 82
80 83 100 83
81 83 101 83
84 86 88 86
85 86 89 86
84 87 96 87
85 87 97 87
88 91 92 91
89 91 93 91
92 94 272 94
93 94 273 94
92 95 96 95
93 95 97 95
96 98 268 98
97 98 269 98
96 99 100 99
97 99 101 99
100 102 264 102
101 102 265 102
100 103 104 103
101 103 105 103
104 106 260 106
105 106 261 106
104 107 108 107
105 107 109 107
108 110 256 110
109 110 257 110
108 111 112 111
109 111 113 111
112 114 252 114
113 114 253 114
112 115 116 115
113 115 117 115
116 118 248 118
117 118 249 118
116 119 120 119
117 119 121 119
120 122 244 122
121 122 245 122
120 123 124 123
121 123 125 123
124 126 240 126
125 126 241 126
124 127 128 127
125 127 129 127
128 130 236 130
129 130 237 130
128 131 132 131
129 131 133 131
132 134 232 134
133 134 233 134
132 135 136 135
133 135 137 135
136 138 228 138
137 138 229 138
136 139 140 139
137 139 141 139
140 142 224 142
141 142 225 142
140 143 144 143
141 143 145 143
144 146 220 146
145 146 221 146
144 147 148 147
145 147 149 147
148 150 216 150
149 150 217 150
148 151 152 151
149 151 153 151
152 154 212 154
153 154 213 154
152 155 156 155
153 155 157 155
156 158 208 158
157 158 209 158
156 159 160 159
157 159 161 159
160 162 204 162
161 162 205 162
160 163 164 163
161 163 165 163
164 166 200 166
165 166 201 166
164 167 168 167
165 167 169 167
168 170 196 170
169 170 197 170
168 171 172 171
169 171 173 171
172 174 192 174
173 174 193 174
172 175 176 175
173 175 177 175
176 178 188 178
177 178 189 178
176 179 180 179
177 179 181 179
180 182 184 182
181 182 185 182
184 186 188 186
185 186 189 186
184 187 364 187
185 187 365 187
188 190 192 190
189 190 193 190
188 191 360 191
189 191 361 191
192 194 196 194
193 194 197 194
192 195 356 195
193 195 357 195
196 198 200 198
197 198 201 198
196 199 352 199
197 199 353 199
200 202 204 202
201 202 205 202
200 203 348 203
201 203 349 203
204 206 208 206
205 206 209 206
204 207 344 207
205 207 345 207
208 210 212 210
209 210 213 210
208 211 340 211
209 211 341 211
212 214 216 214
213 214 217 214
212 215 336 215
213 215 337 215
216 218 220 218
217 218 221 218
216 219 332 219
217 219 333 219
220 222 224 222
221 222 225 222
220 223 328 223
221 223 329 223
224 226 228 226
225 226 229 226
224 227 324 227
225 227 325 227
228 230 232 230
229 230 233 230
228 231 320 231
229 231 321 231
232 234 236 234
233 234 237 234
232 235 316 235
233 235 317 235
236 238 240 238
237 238 241 238
236 239 312 239
237 239 313 239
240 242 244 242
241 242 245 242
240 243 308 243
241 243 309 243
244 246 248 246
245 246 249 246
244 247 304 247
245 247 305 247
248 250 252 250
249 250 253 250
248 251 300 251
249 251 301 251
252 254 256 254
253 254 257 254
252 255 296 255
253 255 297 255
256 258 260 258
257 258 261 258
256 259 292 259
257 259 293 259
260 262 264 262
261 262 265 262
260 263 288 263
261 263 289 263
264 266 268 266
265 266 269 266
264 267 284 267
265 267 285 267
268 270 272 270
269 270 273 270
268 271 280 271
269 271 281 271
272 275 276 275
273 275 277 275
276 278 456 278
277 278 457 278
276 279 280 279
277 279 281 279
280 282 452 282
281 282 453 282
280 283 284 283
281 283 285 283
284 286 448 286
285 286 449 286
284 287 288 287
285 287 289 287
288 290 444 290
289 290 445 290
288 291 292 291
289 291 293 291
292 294 440 294
293 294 441 294
292 295 296 295
293 295 297 295
296 298 436 298
297 298 437 298
296 299 300 299
297 299 301 299
300 302 432 302
301 302 433 302
300 303 304 303
301 303 305 303
304 306 428 306
305 306 429 306
304 307 308 307
305 307 309 307
308 310 424 310
309 310 425 310
308 311 312 311
309 311 313 311
312 314 420 314
313 314 421 314
312 315 316 315
313 315 317 315
316 318 416 318
317 318 417 318
316 319 320 319
317 319 321 319
320 322 412 322
321 322 413 322
320 323 324 323
321 323 325 323
324 326 408 326
325 326 409 326
324 327 328 327
325 327 329 327
328 330 404 330
329 330 405 330
328 331 332 331
329 331 333 331
332 334 400 334
333 334 401 334
332 335 336 335
333 335 337 335
336 338 396 338
337 338 397 338
336 339 340 339
337 339 341 339
340 342 392 342
341 342 393 342
340 343 344 343
341 343 345 343
344 346 388 346
345 346 389 346
344 347 348 347
345 347 349 347
348 350 384 350
349 350 385 350
348 351 352 351
349 351 353 351
352 354 380 354
353 354 381 354
352 355 356 355
353 355 357 355
356 358 376 358
357 358 377 358
356 359 360 359
357 359 361 359
360 362 372 362
361 362 373 362
360 363 364 363
361 363 365 363
364 366 368 366
365 366 369 366
368 370 372 370
369 370 373 370
368 371 548 371
369 371 549 371
372 374 376 374
373 374 377 374
372 375 544 375
373 375 545 375
376 378 380 378
377 378 381 378
376 379 540 379
377 379 541 379
380 382 384 382
381 382 385 382
380 383 536 383
381 383 537 383
384 386 388 386
385 386 389 386
384 387 532 387
385 387 533 387
388 390 392 390
389 390 393 390
388 391 528 391
389 391 529 391
392 394 396 394
393 394 397 394
392 395 524 395
393 395 525 395
396 398 400 398
397 398 401 398
396 399 520 399
397 399 521 399
400 402 404 402
401 402 405 402
400 403 516 403
401 403 517 403
404 406 408 406
405 406 409 406
404 407 512 407
405 407 513 407
408 410 412 410
409 410 413 410
408 411 508 411
409 411 509 411
412 414 416 414
413 414 417 414
412 415 504 415
413 415 505 415
416 418 420 418
417 418 421 418
416 419 500 419
417 419 501 419
420 422 424 422
421 422 425 422
420 423 496 423
421 423 497 423
424 426 428 426
425 426 429 426
424 427 492 427
425 427 493 427
428 430 432 430
429 430 433 430
428 431 488 431
429 431 489 431
432 434 436 434
433 434 437 434
432 435 484 435
433 435 485 435
436 438 440 438
437 438 441 438
436 439 480 439
437 439 481 439
440 442 444 442
441 442 445 442
440 443 476 443
441 443 477 443
444 446 448 446
445 446 449 446
444 447 472 447
445 447 473 447
448 450 452 450
449 450 453 450
448 451 468 451
449 451 469 451
452 454 456 454
453 454 457 454
452 455 464 455
453 455 465 455
456 459 460 459
457 459 461 459
460 462 640 462
461 462 641 462
460 463 464 463
461 463 465 463
464 466 636 466
465 466 637 466
464 467 468 467
465 467 469 467
468 470 632 470
469 470 633 470
468 471 472 471
469 471 473 471
472 474 628 474
473 474 629 474
472 475 476 475
473 475 477 475
476 478 624 478
477 478 625 478
476 479 480 479
477 479 481 479
480 482 620 482
481 482 621 482
480 483 484 483
481 483 485 483
484 486 616 486
485 486 617 486
484 487 488 487
485 487 489 487
488 490 612 490
489 490 613 490
488 491 492 491
489 491 493 491
492 494 608 494
493 494 609 494
492 495 496 495
493 495 497 495
496 498 604 498
497 498 605 498
496 499 500 499
497 499 501 499
500 502 600 502
501 502 601 502
500 503 504 503
501 503 505 503
504 506 596 506
505 506 597 506
504 507 508 507
505 507 509 507
508 510 592 510
509 510 593 510
508 511 512 511
509 511 513 511
512 514 588 514
513 514 589 514
512 515 516 515
513 515 517 515
516 518 584 518
517 518 585 518
516 519 520 519
517 519 521 519
520 522 580 522
521 522 581 522
520 523 524 523
521 523 525 523
524 526 576 526
525 526 577 526
524 527 528 527
525 527 529 527
528 530 572 530
529 530 573 530
528 531 532 531
529 531 533 531
532 534 568 534
533 534 569 534
532 535 536 535
533 535 537 535
536 538 564 538
537 538 565 538
536 539 540 539
537 539 541 539
540 542 560 542
541 542 561 542
540 543 544 543
541 543 545 543
544 546 556 546
545 546 557 546
544 547 548 547
545 547 549 547
548 550 552 550
549 550 553 550
552 554 556 554
553 554 557 554
552 555 732 555
553 555 733 555
556 558 560 558
557 558 561 558
556 559 728 559
557 559 729 559
560 562 564 562
561 562 565 562
560 563 724 563
561 563 725 563
564 566 568 566
565 566 569 566
564 567 720 567
565 567 721 567
568 570 572 570
569 570 573 570
568 571 716 571
569 571 717 571
572 574 576 574
573 574 577 574
572 575 712 575
573 575 713 575
576 578 580 578
577 578 581 578
576 579 708 579
577 579 709 579
580 582 584 582
581 582 585 582
580 583 704 583
581 583 705 583
584 586 588 586
585 586 589 586
584 587 700 587
585 587 701 587
588 590 592 590
589 590 593 590
588 591 696 591
589 591 697 591
592 594 596 594
593 594 597 594
592 595 692 595
593 595 693 595
596 598 600 598
597 598 601 598
596 599 688 599
597 599 689 599
600 602 604 602
601 602 605 602
600 603 684 603
601 603 685 603
604 606 608 606
605 606 609 606
604 607 680 607
605 607 681 607
608 610 612 610
609 610 613 610
608 611 676 611
609 611 677 611
612 614 616 614
613 614 617 614
612 615 672 615
613 615 673 615
616 618 620 618
617 618 621 618
616 619 668 619
617 619 669 619
620 622 624 622
621 622 625 622
620 623 664 623
621 623 665 623
624 626 628 626
625 626 629 626
624 627 660 627
625 627 661 627
628 630 632 630
629 630 633 630
628 631 656 631
629 631 657 631
632 634 636 634
633 634 637 634
632 635 652 635
633 635 653 635
636 638 640 638
637 638 641 638
636 639 648 639
637 639 649 639
640 643 644 643
641 643 645 643
644 647 648 647
645 647 649 647
648 651 652 651
649 651 653 651
652 655 656 655
653 655 657 655
656 659 660 659
657 659 661 659
660 663 664 663
661 663 665 663
664 667 668 667
665 667 669 667
668 671 672 671
669 671 673 671
672 675 676 675
673 675 677 675
676 679 680 679
677 679 681 679
680 683 684 683
681 683 685 683
684 687 688 687
685 687 689 687
688 691 692 691
689 691 693 691
692 695 696 695
693 695 697 695
696 699 700 699
697 699 701 699
700 703 704 703
701 703 705 703
704 707 708 707
705 707 709 707
708 711 712 711
709 711 713 711
712 715 716 715
713 715 717 715
716 719 720 719
717 719 721 719
720 723 724 723
721 723 725 723
724 727 728 727
725 727 729 727
728 731 732 731
729 731 733 731
