0 0 0 0 0 0 -0.422956405747194 -0.783331015657111 0.455522116638714 0.37393121548598 0.665113482053248 -0.646374119280917 0.37393121548598 0.665113482053248 -0.646374119280917 -0.422956405747194 -0.783331015657111 0.455522116638714
0 0 0 0 0 0 -0.422956405747194 -0.783331015657111 0.455522116638714 0.37393121548598 0.665113482053248 -0.646374119280917 0.37393121548598 0.665113482053248 -0.646374119280917 -0.422956405747194 -0.783331015657111 0.455522116638714
0 0 0 0 0 0 0 0 0 0 0 0 0 0 0 0 0 0
0 0 0 0 0 0 0 0 0 0 0 0 0 0 0 0 0 0
0 0 0 0 0 0 -0.477398968011578 -0.78177710059023 0.401141858117816 0.481428340895886 0.817008429117228 -0.31737041345033 0.481428340895886 0.817008429117228 -0.31737041345033 -0.477398968011578 -0.78177710059023 0.401141858117816
0 0 0 0 0 0 -0.477398968011578 -0.78177710059023 0.401141858117816 0.481428340895886 0.817008429117228 -0.31737041345033 0.481428340895886 0.817008429117228 -0.31737041345033 -0.477398968011578 -0.78177710059023 0.401141858117816
0 0 0 0 0 0 0 0 0 0 0 0 0 0 0 0 0 0
0 0 0 0 0 0 0 0 0 0 0 0 0 0 0 0 0 0
0 0 0 0 0 0 -0.517996573020248 -0.786694735660337 0.335843629124615 0.511378014475398 0.818653304353876 -0.261341335386653 0.511378014475398 0.818653304353876 -0.261341335386653 -0.517996573020248 -0.786694735660337 0.335843629124615
0 0 0 0 0 0 -0.517996573020248 -0.786694735660337 0.335843629124615 0.511378014475398 0.818653304353876 -0.261341335386653 0.511378014475398 0.818653304353876 -0.261341335386653 -0.517996573020248 -0.786694735660337 0.335843629124615
0 0 0 0 0 0 0 0 0 0 0 0 0 0 0 0 0 0
0 0 0 0 0 0 0 0 0 0 0 0 0 0 0 0 0 0
0 0 0 0 0 0 -0.550316194016131 -0.792174462223342 0.263840307771118 0.535241570113526 0.820110582918047 -0.20232422842613 0.535241570113526 0.820110582918047 -0.20232422842613 -0.550316194016131 -0.792174462223342 0.263840307771118
0 0 0 0 0 0 -0.550316194016131 -0.792174462223342 0.263840307771118 0.535241570113526 0.820110582918047 -0.20232422842613 0.535241570113526 0.820110582918047 -0.20232422842613 -0.550316194016131 -0.792174462223342 0.263840307771118
0 0 0 0 0 0 0 0 0 0 0 0 0 0 0 0 0 0
0 0 0 0 0 0 0 0 0 0 0 0 0 0 0 0 0 0
0 0 0 0 0 0 -0.570849172644519 -0.798892002782757 0.189480315549724 0.551178745294809 0.821996209798588 -0.143262771898344 0.551178745294809 0.821996209798588 -0.143262771898344 -0.570849172644519 -0.798892002782757 0.189480315549724
0 0 0 0 0 0 -0.570849172644519 -0.798892002782757 0.189480315549724 0.551178745294809 0.821996209798588 -0.143262771898344 0.551178745294809 0.821996209798588 -0.143262771898344 -0.570849172644519 -0.798892002782757 0.189480315549724
0 0 0 0 0 0 0 0 0 0 0 0 0 0 0 0 0 0
0 0 0 0 0 0 0 0 0 0 0 0 0 0 0 0 0 0
0 0 0 0 0 0 -0.577666163654335 -0.807595017103537 0.118710116327215 0.5582877500926 0.824923454173911 -0.0884086129872264 0.5582877500926 0.824923454173911 -0.0884086129872264 -0.577666163654335 -0.807595017103537 0.118710116327215
0 0 0 0 0 0 -0.577666163654335 -0.807595017103537 0.118710116327215 0.5582877500926 0.824923454173911 -0.0884086129872264 0.5582877500926 0.824923454173911 -0.0884086129872264 -0.577666163654335 -0.807595017103537 0.118710116327215
0 0 0 0 0 0 0 0 0 0 0 0 0 0 0 0 0 0
0 0 0 0 0 0 0 0 0 0 0 0 0 0 0 0 0 0
0 0 0 0 0 0 -0.5718249172396 -0.818412037135141 0.0567274316026564 0.557463330613022 0.82919653534807 -0.0408379821807315 0.557463330613022 0.82919653534807 -0.0408379821807315 -0.5718249172396 -0.818412037135141 0.0567274316026564
0 0 0 0 0 0 -0.5718249172396 -0.818412037135141 0.0567274316026564 0.557463330613022 0.82919653534807 -0.0408379821807315 0.557463330613022 0.82919653534807 -0.0408379821807315 -0.5718249172396 -0.818412037135141 0.0567274316026564
0 0 0 0 0 0 0 0 0 0 0 0 0 0 0 0 0 0
0 0 0 0 0 0 0 0 0 0 0 0 0 0 0 0 0 0
0 0 0 0 0 0 -0.556549449379091 -0.830793620454159 0.00588817531177337 0.550601622324042 0.834767368482554 -0.00113754597519923 0.550601622324042 0.834767368482554 -0.00113754597519923 -0.556549449379091 -0.830793620454159 0.00588817531177337
0 0 0 0 0 0 -0.556549449379091 -0.830793620454159 0.00588817531177337 0.550601622324042 0.834767368482554 -0.00113754597519923 0.550601622324042 0.834767368482554 -0.00113754597519923 -0.556549449379091 -0.830793620454159 0.00588817531177337
0 0 0 0 0 0 0 0 0 0 0 0 0 0 0 0 0 0
0 0 0 0 0 0 0 0 0 0 0 0 0 0 0 0 0 0
0 0 0 0 0 0 -0.535333537180712 -0.843934315659278 -0.0345380199532669 0.53931455588386 0.84148582232488 0.032271049533833 0.53931455588386 0.84148582232488 0.032271049533833 -0.535333537180712 -0.843934315659278 -0.0345380199532669
0 0 0 0 0 0 -0.535333537180712 -0.843934315659278 -0.0345380199532669 0.53931455588386 0.84148582232488 0.032271049533833 0.53931455588386 0.84148582232488 0.032271049533833 -0.535333537180712 -0.843934315659278 -0.0345380199532669
0 0 0 0 0 0 0 0 0 0 0 0 0 0 0 0 0 0
0 0 0 0 0 0 0 0 0 0 0 0 0 0 0 0 0 0
0 0 0 0 0 0 -0.510473286842905 -0.857250893349616 -0.0673641542000403 0.524219886074917 0.84931694258105 0.0620825425411868 0.524219886074917 0.84931694258105 0.0620825425411868 -0.510473286842905 -0.857250893349616 -0.0673641542000403
0 0 0 0 0 0 -0.510473286842905 -0.857250893349616 -0.0673641542000403 0.524219886074917 0.84931694258105 0.0620825425411868 0.524219886074917 0.84931694258105 0.0620825425411868 -0.510473286842905 -0.857250893349616 -0.0673641542000403
0 0 0 0 0 0 0 0 0 0 0 0 0 0 0 0 0 0
0 0 0 0 0 0 0 0 0 0 0 0 0 0 0 0 0 0
0 0 0 0 0 0 -0.498844612517402 -0.861631456949896 -0.0935162283069715 0.504701381129124 0.858357794393605 0.09218683577442 0.504701381129124 0.858357794393605 0.09218683577442 -0.498844612517402 -0.861631456949896 -0.0935162283069715
0 0 0 0 0 0 -0.498844612517402 -0.861631456949896 -0.0935162283069715 0.504701381129124 0.858357794393605 0.09218683577442 0.504701381129124 0.858357794393605 0.09218683577442 -0.498844612517402 -0.861631456949896 -0.0935162283069715
0 0 0 0 0 0 0 0 0 0 0 0 0 0 0 0 0 0
0 0 0 0 0 0 0 0 0 0 0 0 0 0 0 0 0 0
0 0 0 0 0 0 -0.482632671121146 -0.866963324534508 -0.124258998380567 0.495465821250263 0.859838671675291 0.123252093955734 0.495465821250263 0.859838671675291 0.123252093955734 -0.482632671121146 -0.866963324534508 -0.124258998380567
0 0 0 0 0 0 -0.482632671121146 -0.866963324534508 -0.124258998380567 0.495465821250263 0.859838671675291 0.123252093955734 0.495465821250263 0.859838671675291 0.123252093955734 -0.482632671121146 -0.866963324534508 -0.124258998380567
0 0 0 0 0 0 0 0 0 0 0 0 0 0 0 0 0 0
0 0 0 0 0 0 0 0 0 0 0 0 0 0 0 0 0 0
0 0 0 0 0 0 -0.476829273574714 -0.863950892184545 -0.161934245160617 0.475976824902249 0.864430591133468 0.161882102990472 0.475976824902249 0.864430591133468 0.161882102990472 -0.476829273574714 -0.863950892184545 -0.161934245160617
0 0 0 0 0 0 -0.476829273574714 -0.863950892184545 -0.161934245160617 0.475976824902249 0.864430591133468 0.161882102990472 0.475976824902249 0.864430591133468 0.161882102990472 -0.476829273574714 -0.863950892184545 -0.161934245160617
0 0 0 0 0 0 0 0 0 0 0 0 0 0 0 0 0 0
0 0 0 0 0 0 0 0 0 0 0 0 0 0 0 0 0 0
0 0 0 0 0 0 -0.463175563099495 -0.862643938465095 -0.203258045786373 0.46349899721818 0.862455230105754 0.203321557246083 0.46349899721818 0.862455230105754 0.203321557246083 -0.463175563099495 -0.862643938465095 -0.203258045786373
0 0 0 0 0 0 -0.463175563099495 -0.862643938465095 -0.203258045786373 0.46349899721818 0.862455230105754 0.203321557246083 0.46349899721818 0.862455230105754 0.203321557246083 -0.463175563099495 -0.862643938465095 -0.203258045786373
0 0 0 0 0 0 0 0 0 0 0 0 0 0 0 0 0 0
0 0 0 0 0 0 0 0 0 0 0 0 0 0 0 0 0 0
0 0 0 0 0 0 -0.441700787251801 -0.862670016519918 -0.246375439398217 0.442300706664338 0.862303934285573 0.24658063549243 0.442300706664338 0.862303934285573 0.24658063549243 -0.441700787251801 -0.862670016519918 -0.246375439398217
0 0 0 0 0 0 -0.441700787251801 -0.862670016519918 -0.246375439398217 0.442300706664338 0.862303934285573 0.24658063549243 0.442300706664338 0.862303934285573 0.24658063549243 -0.441700787251801 -0.862670016519918 -0.246375439398217
0 0 0 0 0 0 0 0 0 0 0 0 0 0 0 0 0 0
0 0 0 0 0 0 0 0 0 0 0 0 0 0 0 0 0 0
0 0 0 0 0 0 -0.412978645116149 -0.863696039460734 -0.288925232712328 0.413610614372418 0.863285188405452 0.289248929398595 0.413610614372418 0.863285188405452 0.289248929398595 -0.412978645116149 -0.863696039460734 -0.288925232712328
0 0 0 0 0 0 -0.412978645116149 -0.863696039460734 -0.288925232712328 0.413610614372418 0.863285188405452 0.289248929398595 0.413610614372418 0.863285188405452 0.289248929398595 -0.412978645116149 -0.863696039460734 -0.288925232712328
0 0 0 0 0 0 0 0 0 0 0 0 0 0 0 0 0 0
0 0 0 0 0 0 0 0 0 0 0 0 0 0 0 0 0 0
0 0 0 0 0 0 -0.377773464296199 -0.865367823343374 -0.329280640177341 0.37843093005971 0.86489853933855 0.329758317293416 0.37843093005971 0.86489853933855 0.329758317293416 -0.377773464296199 -0.865367823343374 -0.329280640177341
0 0 0 0 0 0 -0.377773464296199 -0.865367823343374 -0.329280640177341 0.37843093005971 0.86489853933855 0.329758317293416 0.37843093005971 0.86489853933855 0.329758317293416 -0.377773464296199 -0.865367823343374 -0.329280640177341
0 0 0 0 0 0 0 0 0 0 0 0 0 0 0 0 0 0
0 0 0 0 0 0 0 0 0 0 0 0 0 0 0 0 0 0
0 0 0 0 0 0 -0.336778157939034 -0.867339425399 -0.366473455360308 0.33744723053865 0.866791318789578 0.367154158730116 0.33744723053865 0.866791318789578 0.367154158730116 -0.336778157939034 -0.867339425399 -0.366473455360308
0 0 0 0 0 0 -0.336778157939034 -0.867339425399 -0.366473455360308 0.33744723053865 0.866791318789578 0.367154158730116 0.33744723053865 0.866791318789578 0.367154158730116 -0.336778157939034 -0.867339425399 -0.366473455360308
0 0 0 0 0 0 0 0 0 0 0 0 0 0 0 0 0 0
0 0 0 0 0 0 0 0 0 0 0 0 0 0 0 0 0 0
0 0 0 0 0 0 -0.290320041269066 -0.869365819193585 -0.399896669222682 0.290974935108297 0.868710661093154 0.400843329047419 0.290974935108297 0.868710661093154 0.400843329047419 -0.290320041269066 -0.869365819193585 -0.399896669222682
0 0 0 0 0 0 -0.290320041269066 -0.869365819193585 -0.399896669222682 0.290974935108297 0.868710661093154 0.400843329047419 0.290974935108297 0.868710661093154 0.400843329047419 -0.290320041269066 -0.869365819193585 -0.399896669222682
0 0 0 0 0 0 0 0 0 0 0 0 0 0 0 0 0 0
0 0 0 0 0 0 0 0 0 0 0 0 0 0 0 0 0 0
0 0 0 0 0 0 -0.238569427725571 -0.871373555725098 -0.428710571991983 0.239210772684852 0.8705195595385 0.430085924778308 0.239210772684852 0.8705195595385 0.430085924778308 -0.238569427725571 -0.871373555725098 -0.428710571991983
0 0 0 0 0 0 -0.238569427725571 -0.871373555725098 -0.428710571991983 0.239210772684852 0.8705195595385 0.430085924778308 0.239210772684852 0.8705195595385 0.430085924778308 -0.238569427725571 -0.871373555725098 -0.428710571991983
0 0 0 0 0 0 0 0 0 0 0 0 0 0 0 0 0 0
0 0 0 0 0 0 0 0 0 0 0 0 0 0 0 0 0 0
0 0 0 0 0 0 -0.182659957058992 -0.873357813898663 -0.451532356525371 0.183256146519577 0.872156036600708 0.453608898263405 0.183256146519577 0.872156036600708 0.453608898263405 -0.182659957058992 -0.873357813898663 -0.451532356525371
0 0 0 0 0 0 -0.182659957058992 -0.873357813898663 -0.451532356525371 0.183256146519577 0.872156036600708 0.453608898263405 0.183256146519577 0.872156036600708 0.453608898263405 -0.182659957058992 -0.873357813898663 -0.451532356525371
0 0 0 0 0 0 0 0 0 0 0 0 0 0 0 0 0 0
0 0 0 0 0 0 0 0 0 0 0 0 0 0 0 0 0 0
0 0 0 0 0 0 -0.12569919923191 -0.875192741763233 -0.467158833885662 0.126116703616234 0.873560977848778 0.470091262468111 0.126116703616234 0.873560977848778 0.470091262468111 -0.12569919923191 -0.875192741763233 -0.467158833885662
0 0 0 0 0 0 -0.12569919923191 -0.875192741763233 -0.467158833885662 0.126116703616234 0.873560977848778 0.470091262468111 0.126116703616234 0.873560977848778 0.470091262468111 -0.12569919923191 -0.875192741763233 -0.467158833885662
0 0 0 0 0 0 0 0 0 0 0 0 0 0 0 0 0 0
0 0 0 0 0 0 0 0 0 0 0 0 0 0 0 0 0 0
0 0 0 0 0 0 -0.0659301279560684 -0.711708920506956 -0.69937374178512 0.0598830259734911 0.874499570102396 0.481315411233615 0.0598830259734911 0.874499570102396 0.481315411233615 -0.0659301279560684 -0.711708920506956 -0.69937374178512
0 0 0 0 0 0 -0.0659301279560684 -0.711708920506956 -0.69937374178512 0.0598830259734911 0.874499570102396 0.481315411233615 0.0598830259734911 0.874499570102396 0.481315411233615 -0.0659301279560684 -0.711708920506956 -0.69937374178512
0 0 0 0 0 0 0 0 0 0 0 0 0 0 0 0 0 0
0 0 0 0 0 0 0 0 0 0 0 0 0 0 0 0 0 0
0 0 0 0 0 0 -0.0360648771782353 -0.885801716056312 0.462660398635772 -0.0360648771782353 -0.885801716056312 0.462660398635772 0.00876584891457093 0.698621469159433 -0.715437769985848 0.00876584891457093 0.698621469159433 -0.715437769985848
0 0 0 0 0 0 -0.0360648771782353 -0.885801716056312 0.462660398635772 -0.0360648771782353 -0.885801716056312 0.462660398635772 0.00876584891457093 0.698621469159433 -0.715437769985848 0.00876584891457093 0.698621469159433 -0.715437769985848
0 0 0 0 0 0 0 0 0 0 0 0 0 0 0 0 0 0
0 0 0 0 0 0 0 0 0 0 0 0 0 0 0 0 0 0
0 0 0 0 0 0 0.0321836871766011 -0.899255988045657 0.436237181179857 0.0321836871766011 -0.899255988045657 0.436237181179857 -0.0392393836156261 0.880714571907413 -0.472019187749194 -0.0392393836156261 0.880714571907413 -0.472019187749194
0 0 0 0 0 0 0.0321836871766011 -0.899255988045657 0.436237181179857 0.0321836871766011 -0.899255988045657 0.436237181179857 -0.0392393836156261 0.880714571907413 -0.472019187749194 -0.0392393836156261 0.880714571907413 -0.472019187749194
0 0 0 0 0 0 0 0 0 0 0 0 0 0 0 0 0 0
0 0 0 0 0 0 0 0 0 0 0 0 0 0 0 0 0 0
0 0 0 0 0 0 0.0993388529709241 -0.91116002899924 0.399898979549242 0.0993388529709241 -0.91116002899924 0.399898979549242 -0.110853722356242 0.893790003667686 -0.434569766071552 -0.110853722356242 0.893790003667686 -0.434569766071552
0 0 0 0 0 0 0.0993388529709241 -0.91116002899924 0.399898979549242 0.0993388529709241 -0.91116002899924 0.399898979549242 -0.110853722356242 0.893790003667686 -0.434569766071552 -0.110853722356242 0.893790003667686 -0.434569766071552
0 0 0 0 0 0 0 0 0 0 0 0 0 0 0 0 0 0
0 0 0 0 0 0 0 0 0 0 0 0 0 0 0 0 0 0
0 0 0 0 0 0 0.1739002744661 -0.921662944444978 0.346837298135059 0.1739002744661 -0.921662944444978 0.346837298135059 -0.190037368602225 0.905391108578265 -0.379674517240968 -0.190037368602225 0.905391108578265 -0.379674517240968
0 0 0 0 0 0 0.1739002744661 -0.921662944444978 0.346837298135059 0.1739002744661 -0.921662944444978 0.346837298135059 -0.190037368602225 0.905391108578265 -0.379674517240968 -0.190037368602225 0.905391108578265 -0.379674517240968
0 0 0 0 0 0 0 0 0 0 0 0 0 0 0 0 0 0
0 0 0 0 0 0 0 0 0 0 0 0 0 0 0 0 0 0
0 0 0 0 0 0 0.24652343258985 -0.929450239604977 0.274496719984718 0.24652343258985 -0.929450239604977 0.274496719984718 -0.267090305366382 0.91421006854583 -0.304766663775293 -0.267090305366382 0.91421006854583 -0.304766663775293
0 0 0 0 0 0 0.24652343258985 -0.929450239604977 0.274496719984718 0.24652343258985 -0.929450239604977 0.274496719984718 -0.267090305366382 0.91421006854583 -0.304766663775293 -0.267090305366382 0.91421006854583 -0.304766663775293
0 0 0 0 0 0 0 0 0 0 0 0 0 0 0 0 0 0
0 0 0 0 0 0 0 0 0 0 0 0 0 0 0 0 0 0
0 0 0 0 0 0 0.306438580598437 -0.933427595246593 0.186569881687742 0.306438580598437 -0.933427595246593 0.186569881687742 -0.330921523175571 0.919152086036537 -0.213659514728091 -0.330921523175571 0.919152086036537 -0.213659514728091
0 0 0 0 0 0 0.306438580598437 -0.933427595246593 0.186569881687742 0.306438580598437 -0.933427595246593 0.186569881687742 -0.330921523175571 0.919152086036537 -0.213659514728091 -0.330921523175571 0.919152086036537 -0.213659514728091
0 0 0 0 0 0 0 0 0 0 0 0 0 0 0 0 0 0
0 0 0 0 0 0 0 0 0 0 0 0 0 0 0 0 0 0
0 0 0 0 0 0 0.346746481219849 -0.933521308258289 0.0911309211485569 0.346746481219849 -0.933521308258289 0.0911309211485569 -0.374439299723489 0.920139298753135 -0.114624961123969 -0.374439299723489 0.920139298753135 -0.114624961123969
0 0 0 0 0 0 0.346746481219849 -0.933521308258289 0.0911309211485569 0.346746481219849 -0.933521308258289 0.0911309211485569 -0.374439299723489 0.920139298753135 -0.114624961123969 -0.374439299723489 0.920139298753135 -0.114624961123969
0 0 0 0 0 0 0 0 0 0 0 0 0 0 0 0 0 0
0 0 0 0 0 0 0 0 0 0 0 0 0 0 0 0 0 0
0 0 0 0 0 0 0.366176136543546 -0.930538182574797 -0.0037051041059855 0.366176136543546 -0.930538182574797 -0.0037051041059855 -0.396399494571776 0.917938278341564 -0.0160236655783381 -0.396399494571776 0.917938278341564 -0.0160236655783381
0 0 0 0 0 0 0.366176136543546 -0.930538182574797 -0.0037051041059855 0.366176136543546 -0.930538182574797 -0.0037051041059855 -0.396399494571776 0.917938278341564 -0.0160236655783381 -0.396399494571776 0.917938278341564 -0.0160236655783381
0 0 0 0 0 0 0 0 0 0 0 0 0 0 0 0 0 0
0 0 0 0 0 0 0 0 0 0 0 0 0 0 0 0 0 0
0 0 0 0 0 0 0.367250844815007 -0.92548516076932 -0.0927579332372672 0.367250844815007 -0.92548516076932 -0.0927579332372672 -0.39946599687202 0.913523679841078 0.0768205943263892 -0.39946599687202 0.913523679841078 0.0768205943263892
0 0 0 0 0 0 0.367250844815007 -0.92548516076932 -0.0927579332372672 0.367250844815007 -0.92548516076932 -0.0927579332372672 -0.39946599687202 0.913523679841078 0.0768205943263892 -0.39946599687202 0.913523679841078 0.0768205943263892
0 0 0 0 0 0 0 0 0 0 0 0 0 0 0 0 0 0
0 0 0 0 0 0 0 0 0 0 0 0 0 0 0 0 0 0
0 0 0 0 0 0 0.353649150858378 -0.919018058173371 -0.174178319111178 0.353649150858378 -0.919018058173371 -0.174178319111178 -0.387446608384864 0.90753772248325 0.162050633818513 -0.387446608384864 0.90753772248325 0.162050633818513
0 0 0 0 0 0 0.353649150858378 -0.919018058173371 -0.174178319111178 0.353649150858378 -0.919018058173371 -0.174178319111178 -0.387446608384864 0.90753772248325 0.162050633818513 -0.387446608384864 0.90753772248325 0.162050633818513
0 0 0 0 0 0 0 0 0 0 0 0 0 0 0 0 0 0
0 0 0 0 0 0 0 0 0 0 0 0 0 0 0 0 0 0
0 0 0 0 0 0 0.328383847432655 -0.911258689907528 -0.248539028752713 0.328383847432655 -0.911258689907528 -0.248539028752713 -0.363373791653825 0.90011007136771 0.240335904436974 -0.363373791653825 0.90011007136771 0.240335904436974
0 0 0 0 0 0 0.328383847432655 -0.911258689907528 -0.248539028752713 0.328383847432655 -0.911258689907528 -0.248539028752713 -0.363373791653825 0.90011007136771 0.240335904436974 -0.363373791653825 0.90011007136771 0.240335904436974
0 0 0 0 0 0 0 0 0 0 0 0 0 0 0 0 0 0
0 0 0 0 0 0 0 0 0 0 0 0 0 0 0 0 0 0
0 0 0 0 0 0 0.302122915391861 -0.898382023911249 -0.318796930832546 0.302122915391861 -0.898382023911249 -0.318796930832546 -0.328136432462771 0.890267415556931 0.315832883798044 -0.328136432462771 0.890267415556931 0.315832883798044
0 0 0 0 0 0 0.302122915391861 -0.898382023911249 -0.318796930832546 0.302122915391861 -0.898382023911249 -0.318796930832546 -0.328136432462771 0.890267415556931 0.315832883798044 -0.328136432462771 0.890267415556931 0.315832883798044
0 0 0 0 0 0 0 0 0 0 0 0 0 0 0 0 0 0
0 0 0 0 0 0 0 0 0 0 0 0 0 0 0 0 0 0
0 0 0 0 0 0 0.266062189297518 -0.884651392216629 -0.382887484354597 0.266062189297518 -0.884651392216629 -0.382887484354597 -0.290445902887827 0.876921104972747 0.382949804999364 -0.290445902887827 0.876921104972747 0.382949804999364
0 0 0 0 0 0 0.266062189297518 -0.884651392216629 -0.382887484354597 0.266062189297518 -0.884651392216629 -0.382887484354597 -0.290445902887827 0.876921104972747 0.382949804999364 -0.290445902887827 0.876921104972747 0.382949804999364
0 0 0 0 0 0 0 0 0 0 0 0 0 0 0 0 0 0
0 0 0 0 0 0 0 0 0 0 0 0 0 0 0 0 0 0
0 0 0 0 0 0 0.230314379746736 -0.868486095949632 -0.438961487631937 0.230314379746736 -0.868486095949632 -0.438961487631937 -0.242901879393587 0.864330048342357 0.440377388746926 -0.242901879393587 0.864330048342357 0.440377388746926
0 0 0 0 0 0 0.230314379746736 -0.868486095949632 -0.438961487631937 0.230314379746736 -0.868486095949632 -0.438961487631937 -0.242901879393587 0.864330048342357 0.440377388746926 -0.242901879393587 0.864330048342357 0.440377388746926
0 0 0 0 0 0 0 0 0 0 0 0 0 0 0 0 0 0
0 0 0 0 0 0 0 0 0 0 0 0 0 0 0 0 0 0
0 0 0 0 0 0 0.183993387791155 -0.85351411254878 -0.487503941449915 0.183993387791155 -0.85351411254878 -0.487503941449915 -0.195403808540372 0.849490171706478 0.49008550252177 -0.195403808540372 0.849490171706478 0.49008550252177
0 0 0 0 0 0 0.183993387791155 -0.85351411254878 -0.487503941449915 0.183993387791155 -0.85351411254878 -0.487503941449915 -0.195403808540372 0.849490171706478 0.49008550252177 -0.195403808540372 0.849490171706478 0.49008550252177
0 0 0 0 0 0 0 0 0 0 0 0 0 0 0 0 0 0
0 0 0 0 0 0 0 0 0 0 0 0 0 0 0 0 0 0
0 0 0 0 0 0 0.12699120955638 -0.839433659600918 -0.52841684665084 0.12699120955638 -0.839433659600918 -0.52841684665084 -0.137010749248732 0.835614943445076 0.531954622953484 -0.137010749248732 0.835614943445076 0.531954622953484
0 0 0 0 0 0 0.12699120955638 -0.839433659600918 -0.52841684665084 0.12699120955638 -0.839433659600918 -0.52841684665084 -0.137010749248732 0.835614943445076 0.531954622953484 -0.137010749248732 0.835614943445076 0.531954622953484
0 0 0 0 0 0 0 0 0 0 0 0 0 0 0 0 0 0
0 0 0 0 0 0 0 0 0 0 0 0 0 0 0 0 0 0
0 0 0 0 0 0 0.0596827965614345 -0.826376071199717 -0.559946919576424 0.0596827965614345 -0.826376071199717 -0.559946919576424 -0.0680972901675776 0.822843862943311 0.564172612139549 -0.0680972901675776 0.822843862943311 0.564172612139549
0 0 0 0 0 0 0.0596827965614345 -0.826376071199717 -0.559946919576424 0.0596827965614345 -0.826376071199717 -0.559946919576424 -0.0680972901675776 0.822843862943311 0.564172612139549 -0.0680972901675776 0.822843862943311 0.564172612139549
0 0 0 0 0 0 0 0 0 0 0 0 0 0 0 0 0 0
0 0 0 0 0 0 0 0 0 0 0 0 0 0 0 0 0 0
0 0 0 0 0 0 -0.0162416205619702 -0.814451849380657 -0.580003788609995 -0.0162416205619702 -0.814451849380657 -0.580003788609995 0.00955743065720256 0.811275179316031 0.584586382791264 0.00955743065720256 0.811275179316031 0.584586382791264
0 0 0 0 0 0 -0.0162416205619702 -0.814451849380657 -0.580003788609995 -0.0162416205619702 -0.814451849380657 -0.580003788609995 0.00955743065720256 0.811275179316031 0.584586382791264 0.00955743065720256 0.811275179316031 0.584586382791264
0 0 0 0 0 0 0 0 0 0 0 0 0 0 0 0 0 0
0 0 0 0 0 0 0 0 0 0 0 0 0 0 0 0 0 0
0 0 0 0 0 0 -0.0973737611350954 -0.803682297687845 -0.587037575480132 -0.0973737611350954 -0.803682297687845 -0.587037575480132 0.0923131176280153 0.800859772909227 0.591694103781319 0.0923131176280153 0.800859772909227 0.591694103781319
0 0 0 0 0 0 -0.0973737611350954 -0.803682297687845 -0.587037575480132 -0.0973737611350954 -0.803682297687845 -0.587037575480132 0.0923131176280153 0.800859772909227 0.591694103781319 0.0923131176280153 0.800859772909227 0.591694103781319
0 0 0 0 0 0 0 0 0 0 0 0 0 0 0 0 0 0
0 0 0 0 0 0 0 0 0 0 0 0 0 0 0 0 0 0
0 0 0 0 0 0 -0.178895984512277 -0.793933533913883 -0.581090156905447 -0.178895984512277 -0.793933533913883 -0.581090156905447 0.175085985959229 0.791333650533975 0.58577807320969 0.175085985959229 0.791333650533975 0.58577807320969
0 0 0 0 0 0 -0.178895984512277 -0.793933533913883 -0.581090156905447 -0.178895984512277 -0.793933533913883 -0.581090156905447 0.175085985959229 0.791333650533975 0.58577807320969 0.175085985959229 0.791333650533975 0.58577807320969
0 0 0 0 0 0 0 0 0 0 0 0 0 0 0 0 0 0
0 0 0 0 0 0 0 0 0 0 0 0 0 0 0 0 0 0
0 0 0 0 0 0 -0.25558245773749 -0.785065084279576 -0.564225505221066 -0.25558245773749 -0.785065084279576 -0.564225505221066 0.252552409222771 0.782426109898514 0.56923339953384 0.252552409222771 0.782426109898514 0.56923339953384
0 0 0 0 0 0 -0.25558245773749 -0.785065084279576 -0.564225505221066 -0.25558245773749 -0.785065084279576 -0.564225505221066 0.252552409222771 0.782426109898514 0.56923339953384 0.252552409222771 0.782426109898514 0.56923339953384
0 0 0 0 0 0 0 0 0 0 0 0 0 0 0 0 0 0
0 0 0 0 0 0 0 0 0 0 0 0 0 0 0 0 0 0
0 0 0 0 0 0 -0.323070581498312 -0.777093338902606 -0.540140113307226 -0.323070581498312 -0.777093338902606 -0.540140113307226 0.320523070535658 0.77415079008701 0.54585301635335 0.320523070535658 0.77415079008701 0.54585301635335
0 0 0 0 0 0 -0.323070581498312 -0.777093338902606 -0.540140113307226 -0.323070581498312 -0.777093338902606 -0.540140113307226 0.320523070535658 0.77415079008701 0.54585301635335 0.320523070535658 0.77415079008701 0.54585301635335
0 0 0 0 0 0 0 0 0 0 0 0 0 0 0 0 0 0
0 0 0 0 0 0 0 0 0 0 0 0 0 0 0 0 0 0
0 0 0 0 0 0 -0.302710027418791 -0.630542717196517 -0.714690507206125 -0.302710027418791 -0.630542717196517 -0.714690507206125 0.384236349028216 0.760824013625502 0.522981116653603 0.384236349028216 0.760824013625502 0.522981116653603
0 0 0 0 0 0 -0.302710027418791 -0.630542717196517 -0.714690507206125 -0.302710027418791 -0.630542717196517 -0.714690507206125 0.384236349028216 0.760824013625502 0.522981116653603 0.384236349028216 0.760824013625502 0.522981116653603
0 0 0 0 0 0 0 0 0 0 0 0 0 0 0 0 0 0
0 0 0 0 0 0 0 0 0 0 0 0 0 0 0 0 0 0
0 0 0 0 0 0 -0.423449412695306 -0.778459960903931 0.463347260871855 0.356050703511731 0.619694178797471 -0.699433357292408 0.356050703511731 0.619694178797471 -0.699433357292408 -0.423449412695306 -0.778459960903931 0.463347260871855
0 0 0 0 0 0 -0.423449412695306 -0.778459960903931 0.463347260871855 0.356050703511731 0.619694178797471 -0.699433357292408 0.356050703511731 0.619694178797471 -0.699433357292408 -0.423449412695306 -0.778459960903931 0.463347260871855
0 0 0 0 0 0 0 0 0 0 0 0 0 0 0 0 0 0
0 0 0 0 0 0 0 0 0 0 0 0 0 0 0 0 0 0
0 0 0 0 0 0 -0.487575547442072 -0.774579945939514 0.402859768262982 0.484947076758606 0.759741484494368 -0.433150331272616 0.484947076758606 0.759741484494368 -0.433150331272616 -0.487575547442072 -0.774579945939514 0.402859768262982
0 0 0 0 0 0 -0.487575547442072 -0.774579945939514 0.402859768262982 0.484947076758606 0.759741484494368 -0.433150331272616 0.484947076758606 0.759741484494368 -0.433150331272616 -0.487575547442072 -0.774579945939514 0.402859768262982
0 0 0 0 0 0 0 0 0 0 0 0 0 0 0 0 0 0
0 0 0 0 0 0 0 0 0 0 0 0 0 0 0 0 0 0
0 0 0 0 0 0 -0.543823556909139 -0.774591065570057 0.322900325316864 0.545581994924763 0.758964609911131 -0.355405413178191 0.545581994924763 0.758964609911131 -0.355405413178191 -0.543823556909139 -0.774591065570057 0.322900325316864
0 0 0 0 0 0 -0.543823556909139 -0.774591065570057 0.322900325316864 0.545581994924763 0.758964609911131 -0.355405413178191 0.545581994924763 0.758964609911131 -0.355405413178191 -0.543823556909139 -0.774591065570057 0.322900325316864
0 0 0 0 0 0 0 0 0 0 0 0 0 0 0 0 0 0
0 0 0 0 0 0 0 0 0 0 0 0 0 0 0 0 0 0
0 0 0 0 0 0 -0.592430717735462 -0.77337072561305 0.225662503416472 0.599782782195154 0.756546460496614 -0.260572575863781 0.599782782195154 0.756546460496614 -0.260572575863781 -0.592430717735462 -0.77337072561305 0.225662503416472
0 0 0 0 0 0 -0.592430717735462 -0.77337072561305 0.225662503416472 0.599782782195154 0.756546460496614 -0.260572575863781 0.599782782195154 0.756546460496614 -0.260572575863781 -0.592430717735462 -0.77337072561305 0.225662503416472
0 0 0 0 0 0 0 0 0 0 0 0 0 0 0 0 0 0
0 0 0 0 0 0 0 0 0 0 0 0 0 0 0 0 0 0
0 0 0 0 0 0 -0.624977879112938 -0.771975336801537 0.116003146464427 0.639059080545176 0.753847524734608 -0.152700363536763 0.639059080545176 0.753847524734608 -0.152700363536763 -0.624977879112938 -0.771975336801537 0.116003146464427
0 0 0 0 0 0 -0.624977879112938 -0.771975336801537 0.116003146464427 0.639059080545176 0.753847524734608 -0.152700363536763 0.639059080545176 0.753847524734608 -0.152700363536763 -0.624977879112938 -0.771975336801537 0.116003146464427
0 0 0 0 0 0 0 0 0 0 0 0 0 0 0 0 0 0
0 0 0 0 0 0 0 0 0 0 0 0 0 0 0 0 0 0
0 0 0 0 0 0 -0.636495625250419 -0.771278023840425 0.00187855739511789 0.657899262062065 0.75209707072016 -0.0389686693684215 0.657899262062065 0.75209707072016 -0.0389686693684215 -0.636495625250419 -0.771278023840425 0.00187855739511789
0 0 0 0 0 0 -0.636495625250419 -0.771278023840425 0.00187855739511789 0.657899262062065 0.75209707072016 -0.0389686693684215 0.657899262062065 0.75209707072016 -0.0389686693684215 -0.636495625250419 -0.771278023840425 0.00187855739511789
0 0 0 0 0 0 0 0 0 0 0 0 0 0 0 0 0 0
0 0 0 0 0 0 0 0 0 0 0 0 0 0 0 0 0 0
0 0 0 0 0 0 -0.626526674418604 -0.771746180403046 -0.108959438669965 0.655129158238985 0.751965068369695 0.0731732326526512 0.655129158238985 0.751965068369695 0.0731732326526512 -0.626526674418604 -0.771746180403046 -0.108959438669965
0 0 0 0 0 0 -0.626526674418604 -0.771746180403046 -0.108959438669965 0.655129158238985 0.751965068369695 0.0731732326526512 0.655129158238985 0.751965068369695 0.0731732326526512 -0.626526674418604 -0.771746180403046 -0.108959438669965
0 0 0 0 0 0 0 0 0 0 0 0 0 0 0 0 0 0
0 0 0 0 0 0 0 0 0 0 0 0 0 0 0 0 0 0
0 0 0 0 0 0 -0.597640923453297 -0.773567457462457 -0.210757479983415 0.632671365155674 0.753702791199242 0.177929891391324 0.632671365155674 0.753702791199242 0.177929891391324 -0.597640923453297 -0.773567457462457 -0.210757479983415
0 0 0 0 0 0 -0.597640923453297 -0.773567457462457 -0.210757479983415 0.632671365155674 0.753702791199242 0.177929891391324 0.632671365155674 0.753702791199242 0.177929891391324 -0.597640923453297 -0.773567457462457 -0.210757479983415
0 0 0 0 0 0 0 0 0 0 0 0 0 0 0 0 0 0
0 0 0 0 0 0 0 0 0 0 0 0 0 0 0 0 0 0
0 0 0 0 0 0 -0.553553836903702 -0.776987168287976 -0.299781737210627 0.593771019721869 0.757502891313742 0.271339908214352 0.593771019721869 0.757502891313742 0.271339908214352 -0.553553836903702 -0.776987168287976 -0.299781737210627
0 0 0 0 0 0 -0.553553836903702 -0.776987168287976 -0.299781737210627 0.593771019721869 0.757502891313742 0.271339908214352 0.593771019721869 0.757502891313742 0.271339908214352 -0.553553836903702 -0.776987168287976 -0.299781737210627
0 0 0 0 0 0 0 0 0 0 0 0 0 0 0 0 0 0
0 0 0 0 0 0 0 0 0 0 0 0 0 0 0 0 0 0
0 0 0 0 0 0 -0.497939129063265 -0.782685046047545 -0.373444430191789 0.541912552043582 0.763870926959349 0.350473954644102 0.541912552043582 0.763870926959349 0.350473954644102 -0.497939129063265 -0.782685046047545 -0.373444430191789
0 0 0 0 0 0 -0.497939129063265 -0.782685046047545 -0.373444430191789 0.541912552043582 0.763870926959349 0.350473954644102 0.541912552043582 0.763870926959349 0.350473954644102 -0.497939129063265 -0.782685046047545 -0.373444430191789
0 0 0 0 0 0 0 0 0 0 0 0 0 0 0 0 0 0
0 0 0 0 0 0 0 0 0 0 0 0 0 0 0 0 0 0
0 0 0 0 0 0 -0.450255540561518 -0.785484302691647 -0.424599056073694 0.480697093190007 0.773321101017438 0.413406312627002 0.480697093190007 0.773321101017438 0.413406312627002 -0.450255540561518 -0.785484302691647 -0.424599056073694
0 0 0 0 0 0 -0.450255540561518 -0.785484302691647 -0.424599056073694 0.480697093190007 0.773321101017438 0.413406312627002 0.480697093190007 0.773321101017438 0.413406312627002 -0.450255540561518 -0.785484302691647 -0.424599056073694
0 0 0 0 0 0 0 0 0 0 0 0 0 0 0 0 0 0
0 0 0 0 0 0 0 0 0 0 0 0 0 0 0 0 0 0
0 0 0 0 0 0 -0.396803664028206 -0.794959240658812 -0.458897219325805 0.429720064996029 0.78193024248909 0.45158140088002 0.429720064996029 0.78193024248909 0.45158140088002 -0.396803664028206 -0.794959240658812 -0.458897219325805
0 0 0 0 0 0 -0.396803664028206 -0.794959240658812 -0.458897219325805 0.429720064996029 0.78193024248909 0.45158140088002 0.429720064996029 0.78193024248909 0.45158140088002 -0.396803664028206 -0.794959240658812 -0.458897219325805
0 0 0 0 0 0 0 0 0 0 0 0 0 0 0 0 0 0
0 0 0 0 0 0 0 0 0 0 0 0 0 0 0 0 0 0
0 0 0 0 0 0 -0.362253842941279 -0.802967120863876 -0.473303239040103 0.376602610160509 0.797065975063027 0.472076588507753 0.376602610160509 0.797065975063027 0.472076588507753 -0.362253842941279 -0.802967120863876 -0.473303239040103
0 0 0 0 0 0 -0.362253842941279 -0.802967120863876 -0.473303239040103 0.376602610160509 0.797065975063027 0.472076588507753 0.376602610160509 0.797065975063027 0.472076588507753 -0.362253842941279 -0.802967120863876 -0.473303239040103
0 0 0 0 0 0 0 0 0 0 0 0 0 0 0 0 0 0
0 0 0 0 0 0 0 0 0 0 0 0 0 0 0 0 0 0
0 0 0 0 0 0 -0.331863218584636 -0.815653968028295 -0.473893879038697 0.345957064431176 0.809398056588322 0.474540299196191 0.345957064431176 0.809398056588322 0.474540299196191 -0.331863218584636 -0.815653968028295 -0.473893879038697
0 0 0 0 0 0 -0.331863218584636 -0.815653968028295 -0.473893879038697 0.345957064431176 0.809398056588322 0.474540299196191 0.345957064431176 0.809398056588322 0.474540299196191 -0.331863218584636 -0.815653968028295 -0.473893879038697
0 0 0 0 0 0 0 0 0 0 0 0 0 0 0 0 0 0
0 0 0 0 0 0 0 0 0 0 0 0 0 0 0 0 0 0
0 0 0 0 0 0 -0.305592014249428 -0.829774814724869 -0.466998155965617 0.319464631542158 0.823048289525647 0.469610330276645 0.319464631542158 0.823048289525647 0.469610330276645 -0.305592014249428 -0.829774814724869 -0.466998155965617
0 0 0 0 0 0 -0.305592014249428 -0.829774814724869 -0.466998155965617 0.319464631542158 0.823048289525647 0.469610330276645 0.319464631542158 0.823048289525647 0.469610330276645 -0.305592014249428 -0.829774814724869 -0.466998155965617
0 0 0 0 0 0 0 0 0 0 0 0 0 0 0 0 0 0
0 0 0 0 0 0 0 0 0 0 0 0 0 0 0 0 0 0
0 0 0 0 0 0 -0.283156875065726 -0.843387266353316 -0.456640014733811 0.29654976046386 0.836178294636741 0.461371974817738 0.29654976046386 0.836178294636741 0.461371974817738 -0.283156875065726 -0.843387266353316 -0.456640014733811
0 0 0 0 0 0 -0.283156875065726 -0.843387266353316 -0.456640014733811 0.29654976046386 0.836178294636741 0.461371974817738 0.29654976046386 0.836178294636741 0.461371974817738 -0.283156875065726 -0.843387266353316 -0.456640014733811
0 0 0 0 0 0 0 0 0 0 0 0 0 0 0 0 0 0
0 0 0 0 0 0 0 0 0 0 0 0 0 0 0 0 0 0
0 0 0 0 0 0 -0.263789316078218 -0.854965718385632 -0.446596929129978 0.276282001796553 0.847318711829356 0.453562846876957 0.276282001796553 0.847318711829356 0.453562846876957 -0.263789316078218 -0.854965718385632 -0.446596929129978
0 0 0 0 0 0 -0.263789316078218 -0.854965718385632 -0.446596929129978 0.276282001796553 0.847318711829356 0.453562846876957 0.276282001796553 0.847318711829356 0.453562846876957 -0.263789316078218 -0.854965718385632 -0.446596929129978
0 0 0 0 0 0 0 0 0 0 0 0 0 0 0 0 0 0
0 0 0 0 0 0 0 0 0 0 0 0 0 0 0 0 0 0
0 0 0 0 0 0 -0.245743801015833 -0.863439168188745 -0.440548280100852 0.256855382268768 0.855415908490563 0.449765423416284 0.256855382268768 0.855415908490563 0.449765423416284 -0.245743801015833 -0.863439168188745 -0.440548280100852
0 0 0 0 0 0 -0.245743801015833 -0.863439168188745 -0.440548280100852 0.256855382268768 0.855415908490563 0.449765423416284 0.256855382268768 0.855415908490563 0.449765423416284 -0.245743801015833 -0.863439168188745 -0.440548280100852
0 0 0 0 0 0 0 0 0 0 0 0 0 0 0 0 0 0
0 0 0 0 0 0 0 0 0 0 0 0 0 0 0 0 0 0
0 0 0 0 0 0 -0.225769279842634 -0.868412096248913 -0.441461961405405 0.235031627696505 0.860075961300427 0.452801805181338 0.235031627696505 0.860075961300427 0.452801805181338 -0.225769279842634 -0.868412096248913 -0.441461961405405
0 0 0 0 0 0 -0.225769279842634 -0.868412096248913 -0.441461961405405 0.235031627696505 0.860075961300427 0.452801805181338 0.235031627696505 0.860075961300427 0.452801805181338 -0.225769279842634 -0.868412096248913 -0.441461961405405
0 0 0 0 0 0 0 0 0 0 0 0 0 0 0 0 0 0
0 0 0 0 0 0 0 0 0 0 0 0 0 0 0 0 0 0
0 0 0 0 0 0 -0.199526979502328 -0.870431442079528 -0.450042319221238 0.206538202344035 0.861888561145641 0.46313073655156 0.206538202344035 0.861888561145641 0.46313073655156 -0.199526979502328 -0.870431442079528 -0.450042319221238
0 0 0 0 0 0 -0.199526979502328 -0.870431442079528 -0.450042319221238 0.206538202344035 0.861888561145641 0.46313073655156 0.206538202344035 0.861888561145641 0.46313073655156 -0.199526979502328 -0.870431442079528 -0.450042319221238
0 0 0 0 0 0 0 0 0 0 0 0 0 0 0 0 0 0
0 0 0 0 0 0 0 0 0 0 0 0 0 0 0 0 0 0
0 0 0 0 0 0 -0.163987002699077 -0.870817839137213 -0.463448545133295 0.168570940313992 0.862207755214471 0.477683603371185 0.168570940313992 0.862207755214471 0.477683603371185 -0.163987002699077 -0.870817839137213 -0.463448545133295
0 0 0 0 0 0 -0.163987002699077 -0.870817839137213 -0.463448545133295 0.168570940313992 0.862207755214471 0.477683603371185 0.168570940313992 0.862207755214471 0.477683603371185 -0.163987002699077 -0.870817839137213 -0.463448545133295
0 0 0 0 0 0 0 0 0 0 0 0 0 0 0 0 0 0
0 0 0 0 0 0 0 0 0 0 0 0 0 0 0 0 0 0
0 0 0 0 0 0 -0.119988501984584 -0.870989325934467 -0.476424551739011 0.12229137406344 0.862431824784235 0.491178345847016 0.12229137406344 0.862431824784235 0.491178345847016 -0.119988501984584 -0.870989325934467 -0.476424551739011
0 0 0 0 0 0 -0.119988501984584 -0.870989325934467 -0.476424551739011 0.12229137406344 0.862431824784235 0.491178345847016 0.12229137406344 0.862431824784235 0.491178345847016 -0.119988501984584 -0.870989325934467 -0.476424551739011
0 0 0 0 0 0 0 0 0 0 0 0 0 0 0 0 0 0
0 0 0 0 0 0 0 0 0 0 0 0 0 0 0 0 0 0
0 0 0 0 0 0 -0.0663049663910719 -0.712029270466617 -0.699012138257023 0.0600762915911288 0.863585984633646 0.500609714581123 0.0600762915911288 0.863585984633646 0.500609714581123 -0.0663049663910719 -0.712029270466617 -0.699012138257023
0 0 0 0 0 0 -0.0663049663910719 -0.712029270466617 -0.699012138257023 0.0600762915911288 0.863585984633646 0.500609714581123 0.0600762915911288 0.863585984633646 0.500609714581123 -0.0663049663910719 -0.712029270466617 -0.699012138257023
0 0 0 0 0 0 0 0 0 0 0 0 0 0 0 0 0 0
0 0 0 0 0 0 0 0 0 0 0 0 0 0 0 0 0 0
0 0 0 0 0 0 -0.0322927962554365 -0.880344562136492 0.473234220261714 -0.0322927962554365 -0.880344562136492 0.473234220261714 0.00496921622972591 0.698348397249778 -0.715740751214242 0.00496921622972591 0.698348397249778 -0.715740751214242
0 0 0 0 0 0 -0.0322927962554365 -0.880344562136492 0.473234220261714 -0.0322927962554365 -0.880344562136492 0.473234220261714 0.00496921622972591 0.698348397249778 -0.715740751214242 0.00496921622972591 0.698348397249778 -0.715740751214242
0 0 0 0 0 0 0 0 0 0 0 0 0 0 0 0 0 0
0 0 0 0 0 0 0 0 0 0 0 0 0 0 0 0 0 0
0 0 0 0 0 0 0.0482031887484989 -0.89389462316922 0.445677972603129 0.0482031887484989 -0.89389462316922 0.445677972603129 -0.0554316938892865 0.875423508747961 -0.480167687005252 -0.0554316938892865 0.875423508747961 -0.480167687005252
0 0 0 0 0 0 0.0482031887484989 -0.89389462316922 0.445677972603129 0.0482031887484989 -0.89389462316922 0.445677972603129 -0.0554316938892865 0.875423508747961 -0.480167687005252 -0.0554316938892865 0.875423508747961 -0.480167687005252
0 0 0 0 0 0 0 0 0 0 0 0 0 0 0 0 0 0
0 0 0 0 0 0 0 0 0 0 0 0 0 0 0 0 0 0
0 0 0 0 0 0 0.133112894832727 -0.905873544503094 0.402087152988816 0.133112894832727 -0.905873544503094 0.402087152988816 -0.144692591106043 0.888718666070513 -0.435020903701038 -0.144692591106043 0.888718666070513 -0.435020903701038
0 0 0 0 0 0 0.133112894832727 -0.905873544503094 0.402087152988816 0.133112894832727 -0.905873544503094 0.402087152988816 -0.144692591106043 0.888718666070513 -0.435020903701038 -0.144692591106043 0.888718666070513 -0.435020903701038
0 0 0 0 0 0 0 0 0 0 0 0 0 0 0 0 0 0
0 0 0 0 0 0 0 0 0 0 0 0 0 0 0 0 0 0
0 0 0 0 0 0 0.227340416265789 -0.915356847924401 0.33232239781574 0.227340416265789 -0.915356847924401 0.33232239781574 -0.243450585705534 0.899182665583086 -0.363596405695282 -0.243450585705534 0.899182665583086 -0.363596405695282
0 0 0 0 0 0 0.227340416265789 -0.915356847924401 0.33232239781574 0.227340416265789 -0.915356847924401 0.33232239781574 -0.243450585705534 0.899182665583086 -0.363596405695282 -0.243450585705534 0.899182665583086 -0.363596405695282
0 0 0 0 0 0 0 0 0 0 0 0 0 0 0 0 0 0
0 0 0 0 0 0 0 0 0 0 0 0 0 0 0 0 0 0
0 0 0 0 0 0 0.316575201582858 -0.919349994472661 0.233614488861224 0.316575201582858 -0.919349994472661 0.233614488861224 -0.33711729301586 0.904000982459352 -0.262933745385001 -0.33711729301586 0.904000982459352 -0.262933745385001
0 0 0 0 0 0 0.316575201582858 -0.919349994472661 0.233614488861224 0.316575201582858 -0.919349994472661 0.233614488861224 -0.33711729301586 0.904000982459352 -0.262933745385001 -0.33711729301586 0.904000982459352 -0.262933745385001
0 0 0 0 0 0 0 0 0 0 0 0 0 0 0 0 0 0
0 0 0 0 0 0 0 0 0 0 0 0 0 0 0 0 0 0
0 0 0 0 0 0 0.386859410896759 -0.915318450955691 0.111946101051747 0.386859410896759 -0.915318450955691 0.111946101051747 -0.411432029659384 0.900791439465596 -0.138918924397864 -0.411432029659384 0.900791439465596 -0.138918924397864
0 0 0 0 0 0 0.386859410896759 -0.915318450955691 0.111946101051747 0.386859410896759 -0.915318450955691 0.111946101051747 -0.411432029659384 0.900791439465596 -0.138918924397864 -0.411432029659384 0.900791439465596 -0.138918924397864
0 0 0 0 0 0 0 0 0 0 0 0 0 0 0 0 0 0
0 0 0 0 0 0 0 0 0 0 0 0 0 0 0 0 0 0
0 0 0 0 0 0 0.430292581944137 -0.902429124750032 -0.02167876211268 0.430292581944137 -0.902429124750032 -0.02167876211268 -0.458332727792199 0.888776864980334 -0.00260670487236334 -0.458332727792199 0.888776864980334 -0.00260670487236334
0 0 0 0 0 0 0.430292581944137 -0.902429124750032 -0.02167876211268 0.430292581944137 -0.902429124750032 -0.02167876211268 -0.458332727792199 0.888776864980334 -0.00260670487236334 -0.458332727792199 0.888776864980334 -0.00260670487236334
0 0 0 0 0 0 0 0 0 0 0 0 0 0 0 0 0 0
0 0 0 0 0 0 0 0 0 0 0 0 0 0 0 0 0 0
0 0 0 0 0 0 0.445438171405228 -0.881574045348012 -0.156243521542196 0.445438171405228 -0.881574045348012 -0.156243521542196 -0.476415325217873 0.868815981072077 0.134860034596293 -0.476415325217873 0.868815981072077 0.134860034596293
0 0 0 0 0 0 0.445438171405228 -0.881574045348012 -0.156243521542196 0.445438171405228 -0.881574045348012 -0.156243521542196 -0.476415325217873 0.868815981072077 0.134860034596293 -0.476415325217873 0.868815981072077 0.134860034596293
0 0 0 0 0 0 0 0 0 0 0 0 0 0 0 0 0 0
0 0 0 0 0 0 0 0 0 0 0 0 0 0 0 0 0 0
0 0 0 0 0 0 0.434728672595407 -0.854867670159411 -0.283217668480723 0.434728672595407 -0.854867670159411 -0.283217668480723 -0.468235806993838 0.842964956877886 0.264887354406911 -0.468235806993838 0.842964956877886 0.264887354406911
0 0 0 0 0 0 0.434728672595407 -0.854867670159411 -0.283217668480723 0.434728672595407 -0.854867670159411 -0.283217668480723 -0.468235806993838 0.842964956877886 0.264887354406911 -0.468235806993838 0.842964956877886 0.264887354406911
0 0 0 0 0 0 0 0 0 0 0 0 0 0 0 0 0 0
0 0 0 0 0 0 0 0 0 0 0 0 0 0 0 0 0 0
0 0 0 0 0 0 0.401863819674327 -0.825431140465717 -0.396445333919098 0.401863819674327 -0.825431140465717 -0.396445333919098 -0.437654126939904 0.814271080998828 0.381341673334388 -0.437654126939904 0.814271080998828 0.381341673334388
0 0 0 0 0 0 0.401863819674327 -0.825431140465717 -0.396445333919098 0.401863819674327 -0.825431140465717 -0.396445333919098 -0.437654126939904 0.814271080998828 0.381341673334388 -0.437654126939904 0.814271080998828 0.381341673334388
0 0 0 0 0 0 0 0 0 0 0 0 0 0 0 0 0 0
0 0 0 0 0 0 0 0 0 0 0 0 0 0 0 0 0 0
0 0 0 0 0 0 0.350508159456745 -0.797566752240767 -0.490949392375997 0.350508159456745 -0.797566752240767 -0.490949392375997 -0.38850469616638 0.786943144139394 0.479358518176817 -0.38850469616638 0.786943144139394 0.479358518176817
0 0 0 0 0 0 0.350508159456745 -0.797566752240767 -0.490949392375997 0.350508159456745 -0.797566752240767 -0.490949392375997 -0.38850469616638 0.786943144139394 0.479358518176817 -0.38850469616638 0.786943144139394 0.479358518176817
0 0 0 0 0 0 0 0 0 0 0 0 0 0 0 0 0 0
0 0 0 0 0 0 0 0 0 0 0 0 0 0 0 0 0 0
0 0 0 0 0 0 0.292865526550795 -0.77381719878608 -0.561637539896498 0.292865526550795 -0.77381719878608 -0.561637539896498 -0.324055470604981 0.76562469209569 0.555703952500218 -0.324055470604981 0.76562469209569 0.555703952500218
0 0 0 0 0 0 0.292865526550795 -0.77381719878608 -0.561637539896498 0.292865526550795 -0.77381719878608 -0.561637539896498 -0.324055470604981 0.76562469209569 0.555703952500218 -0.324055470604981 0.76562469209569 0.555703952500218
0 0 0 0 0 0 0 0 0 0 0 0 0 0 0 0 0 0
0 0 0 0 0 0 0 0 0 0 0 0 0 0 0 0 0 0
0 0 0 0 0 0 0.229652487114519 -0.762689741013127 -0.604618966056677 0.229652487114519 -0.762689741013127 -0.604618966056677 -0.259520250062105 0.75490910845703 0.602296835270047 -0.259520250062105 0.75490910845703 0.602296835270047
0 0 0 0 0 0 0.229652487114519 -0.762689741013127 -0.604618966056677 0.229652487114519 -0.762689741013127 -0.604618966056677 -0.259520250062105 0.75490910845703 0.602296835270047 -0.259520250062105 0.75490910845703 0.602296835270047
0 0 0 0 0 0 0 0 0 0 0 0 0 0 0 0 0 0
0 0 0 0 0 0 0 0 0 0 0 0 0 0 0 0 0 0
0 0 0 0 0 0 0.176568794557493 -0.760524596607791 -0.624840618672531 0.176568794557493 -0.760524596607791 -0.624840618672531 -0.195322902946327 0.755458083009499 0.625405507171333 -0.195322902946327 0.755458083009499 0.625405507171333
0 0 0 0 0 0 0.176568794557493 -0.760524596607791 -0.624840618672531 0.176568794557493 -0.760524596607791 -0.624840618672531 -0.195322902946327 0.755458083009499 0.625405507171333 -0.195322902946327 0.755458083009499 0.625405507171333
0 0 0 0 0 0 0 0 0 0 0 0 0 0 0 0 0 0
0 0 0 0 0 0 0 0 0 0 0 0 0 0 0 0 0 0
0 0 0 0 0 0 0.123324552981884 -0.765216792241108 -0.631849915331202 0.123324552981884 -0.765216792241108 -0.631849915331202 -0.141679205058203 0.759867588405515 0.634451141495436 -0.141679205058203 0.759867588405515 0.634451141495436
0 0 0 0 0 0 0.123324552981884 -0.765216792241108 -0.631849915331202 0.123324552981884 -0.765216792241108 -0.631849915331202 -0.141679205058203 0.759867588405515 0.634451141495436 -0.141679205058203 0.759867588405515 0.634451141495436
0 0 0 0 0 0 0 0 0 0 0 0 0 0 0 0 0 0
0 0 0 0 0 0 0 0 0 0 0 0 0 0 0 0 0 0
0 0 0 0 0 0 0.069088651430527 -0.772273631431489 -0.631522126642552 0.069088651430527 -0.772273631431489 -0.631522126642552 -0.0862793997562808 0.766768782433211 0.636098655448656 -0.0862793997562808 0.766768782433211 0.636098655448656
0 0 0 0 0 0 0.069088651430527 -0.772273631431489 -0.631522126642552 0.069088651430527 -0.772273631431489 -0.631522126642552 -0.0862793997562808 0.766768782433211 0.636098655448656 -0.0862793997562808 0.766768782433211 0.636098655448656
0 0 0 0 0 0 0 0 0 0 0 0 0 0 0 0 0 0
0 0 0 0 0 0 0 0 0 0 0 0 0 0 0 0 0 0
0 0 0 0 0 0 0.0122429035023564 -0.778993476595378 -0.626912493682873 0.0122429035023564 -0.778993476595378 -0.626912493682873 -0.0274620799888104 0.773523149128596 0.633172782046787 -0.0274620799888104 0.773523149128596 0.633172782046787
0 0 0 0 0 0 0.0122429035023564 -0.778993476595378 -0.626912493682873 0.0122429035023564 -0.778993476595378 -0.626912493682873 -0.0274620799888104 0.773523149128596 0.633172782046787 -0.0274620799888104 0.773523149128596 0.633172782046787
0 0 0 0 0 0 0 0 0 0 0 0 0 0 0 0 0 0
0 0 0 0 0 0 0 0 0 0 0 0 0 0 0 0 0 0
0 0 0 0 0 0 -0.0487269308175838 -0.783722685820524 -0.619196606857114 -0.0487269308175838 -0.783722685820524 -0.619196606857114 0.0361311678068608 0.778499664757441 0.626604189808418 0.0361311678068608 0.778499664757441 0.626604189808418
0 0 0 0 0 0 -0.0487269308175838 -0.783722685820524 -0.619196606857114 -0.0487269308175838 -0.783722685820524 -0.619196606857114 0.0361311678068608 0.778499664757441 0.626604189808418 0.0361311678068608 0.778499664757441 0.626604189808418
0 0 0 0 0 0 0 0 0 0 0 0 0 0 0 0 0 0
0 0 0 0 0 0 0 0 0 0 0 0 0 0 0 0 0 0
0 0 0 0 0 0 -0.114420258513413 -0.785576537416564 -0.608093338478827 -0.114420258513413 -0.785576537416564 -0.608093338478827 0.10472964941841 0.780773612549337 0.615974241733658 0.10472964941841 0.780773612549337 0.615974241733658
0 0 0 0 0 0 -0.114420258513413 -0.785576537416564 -0.608093338478827 -0.114420258513413 -0.785576537416564 -0.608093338478827 0.10472964941841 0.780773612549337 0.615974241733658 0.10472964941841 0.780773612549337 0.615974241733658
0 0 0 0 0 0 0 0 0 0 0 0 0 0 0 0 0 0
0 0 0 0 0 0 0 0 0 0 0 0 0 0 0 0 0 0
0 0 0 0 0 0 -0.183693803805858 -0.784269856601682 -0.592602209301748 -0.183693803805858 -0.784269856601682 -0.592602209301748 0.176688810975477 0.779937900126659 0.600398147916939 0.176688810975477 0.779937900126659 0.600398147916939
0 0 0 0 0 0 -0.183693803805858 -0.784269856601682 -0.592602209301748 -0.183693803805858 -0.784269856601682 -0.592602209301748 0.176688810975477 0.779937900126659 0.600398147916939 0.176688810975477 0.779937900126659 0.600398147916939
0 0 0 0 0 0 0 0 0 0 0 0 0 0 0 0 0 0
0 0 0 0 0 0 0 0 0 0 0 0 0 0 0 0 0 0
0 0 0 0 0 0 -0.253064727083888 -0.780136032548072 -0.572141603649053 -0.253064727083888 -0.780136032548072 -0.572141603649053 0.248146426267909 0.776161431921956 0.579652294679598 0.248146426267909 0.776161431921956 0.579652294679598
0 0 0 0 0 0 -0.253064727083888 -0.780136032548072 -0.572141603649053 -0.253064727083888 -0.780136032548072 -0.572141603649053 0.248146426267909 0.776161431921956 0.579652294679598 0.248146426267909 0.776161431921956 0.579652294679598
0 0 0 0 0 0 0 0 0 0 0 0 0 0 0 0 0 0
0 0 0 0 0 0 0 0 0 0 0 0 0 0 0 0 0 0
0 0 0 0 0 0 -0.317828111000154 -0.773978155801277 -0.547670618346948 -0.317828111000154 -0.773978155801277 -0.547670618346948 0.314361075866517 0.770157333536817 0.555008824776243 0.314361075866517 0.770157333536817 0.555008824776243
0 0 0 0 0 0 -0.317828111000154 -0.773978155801277 -0.547670618346948 -0.317828111000154 -0.773978155801277 -0.547670618346948 0.314361075866517 0.770157333536817 0.555008824776243 0.314361075866517 0.770157333536817 0.555008824776243
0 0 0 0 0 0 0 0 0 0 0 0 0 0 0 0 0 0
0 0 0 0 0 0 0 0 0 0 0 0 0 0 0 0 0 0
0 0 0 0 0 0 -0.300529799066325 -0.631959613003119 -0.714359074559918 -0.300529799066325 -0.631959613003119 -0.714359074559918 0.379946784376317 0.756557597703625 0.532222737581754 0.379946784376317 0.756557597703625 0.532222737581754
0 0 0 0 0 0 -0.300529799066325 -0.631959613003119 -0.714359074559918 -0.300529799066325 -0.631959613003119 -0.714359074559918 0.379946784376317 0.756557597703625 0.532222737581754 0.379946784376317 0.756557597703625 0.532222737581754
0 0 0 0 0 0 0 0 0 0 0 0 0 0 0 0 0 0
0 0 0 0 0 0 0 0 0 0 0 0 0 0 0 0 0 0
0 0 0 0 0 0 -0.42369766034397 -0.771622692711131 0.474424612253907 0.359795420164034 0.617336375427897 -0.69960206918114 0.359795420164034 0.617336375427897 -0.69960206918114 -0.42369766034397 -0.771622692711131 0.474424612253907
0 0 0 0 0 0 -0.42369766034397 -0.771622692711131 0.474424612253907 0.359795420164034 0.617336375427897 -0.69960206918114 0.359795420164034 0.617336375427897 -0.69960206918114 -0.42369766034397 -0.771622692711131 0.474424612253907
0 0 0 0 0 0 0 0 0 0 0 0 0 0 0 0 0 0
0 0 0 0 0 0 0 0 0 0 0 0 0 0 0 0 0 0
0 0 0 0 0 0 -0.496536395400031 -0.762891800778711 0.41406244498597 0.494306031695708 0.748241382796548 -0.442488847430024 0.494306031695708 0.748241382796548 -0.442488847430024 -0.496536395400031 -0.762891800778711 0.41406244498597
0 0 0 0 0 0 -0.496536395400031 -0.762891800778711 0.41406244498597 0.494306031695708 0.748241382796548 -0.442488847430024 0.494306031695708 0.748241382796548 -0.442488847430024 -0.496536395400031 -0.762891800778711 0.41406244498597
0 0 0 0 0 0 0 0 0 0 0 0 0 0 0 0 0 0
0 0 0 0 0 0 0 0 0 0 0 0 0 0 0 0 0 0
0 0 0 0 0 0 -0.561852896981964 -0.758129456310091 0.331000074966668 0.564030497914798 0.742721001263423 -0.360881021535136 0.564030497914798 0.742721001263423 -0.360881021535136 -0.561852896981964 -0.758129456310091 0.331000074966668
0 0 0 0 0 0 -0.561852896981964 -0.758129456310091 0.331000074966668 0.564030497914798 0.742721001263423 -0.360881021535136 0.564030497914798 0.742721001263423 -0.360881021535136 -0.561852896981964 -0.758129456310091 0.331000074966668
0 0 0 0 0 0 0 0 0 0 0 0 0 0 0 0 0 0
0 0 0 0 0 0 0 0 0 0 0 0 0 0 0 0 0 0
0 0 0 0 0 0 -0.618264470078809 -0.752456153652671 0.227065589353376 0.625955877571999 0.735510151789116 -0.259237450898244 0.625955877571999 0.735510151789116 -0.259237450898244 -0.618264470078809 -0.752456153652671 0.227065589353376
0 0 0 0 0 0 -0.618264470078809 -0.752456153652671 0.227065589353376 0.625955877571999 0.735510151789116 -0.259237450898244 0.625955877571999 0.735510151789116 -0.259237450898244 -0.618264470078809 -0.752456153652671 0.227065589353376
0 0 0 0 0 0 0 0 0 0 0 0 0 0 0 0 0 0
0 0 0 0 0 0 0 0 0 0 0 0 0 0 0 0 0 0
0 0 0 0 0 0 -0.655963407479669 -0.746957740086395 0.108471851522354 0.670433553794199 0.728062383421769 -0.142982571641072 0.670433553794199 0.728062383421769 -0.142982571641072 -0.655963407479669 -0.746957740086395 0.108471851522354
0 0 0 0 0 0 -0.655963407479669 -0.746957740086395 0.108471851522354 0.670433553794199 0.728062383421769 -0.142982571641072 0.670433553794199 0.728062383421769 -0.142982571641072 -0.655963407479669 -0.746957740086395 0.108471851522354
0 0 0 0 0 0 0 0 0 0 0 0 0 0 0 0 0 0
0 0 0 0 0 0 0 0 0 0 0 0 0 0 0 0 0 0
0 0 0 0 0 0 -0.670085373983206 -0.742114188274188 -0.0158783858099914 0.692169186606 0.721458236563727 -0.0199957497370312 0.692169186606 0.721458236563727 -0.0199957497370312 -0.670085373983206 -0.742114188274188 -0.0158783858099914
0 0 0 0 0 0 -0.670085373983206 -0.742114188274188 -0.0158783858099914 0.692169186606 0.721458236563727 -0.0199957497370312 0.692169186606 0.721458236563727 -0.0199957497370312 -0.670085373983206 -0.742114188274188 -0.0158783858099914
0 0 0 0 0 0 0 0 0 0 0 0 0 0 0 0 0 0
0 0 0 0 0 0 0 0 0 0 0 0 0 0 0 0 0 0
0 0 0 0 0 0 -0.660544510638856 -0.737946782238085 -0.13825880098327 0.690432992937223 0.716101586165909 0.102473413890715 0.690432992937223 0.716101586165909 0.102473413890715 -0.660544510638856 -0.737946782238085 -0.13825880098327
0 0 0 0 0 0 -0.660544510638856 -0.737946782238085 -0.13825880098327 0.690432992937223 0.716101586165909 0.102473413890715 0.690432992937223 0.716101586165909 0.102473413890715 -0.660544510638856 -0.737946782238085 -0.13825880098327
0 0 0 0 0 0 0 0 0 0 0 0 0 0 0 0 0 0
0 0 0 0 0 0 0 0 0 0 0 0 0 0 0 0 0 0
0 0 0 0 0 0 -0.629753894411423 -0.734447676653173 -0.252975577343749 0.667060494736719 0.712139272872026 0.218833161095173 0.667060494736719 0.712139272872026 0.218833161095173 -0.629753894411423 -0.734447676653173 -0.252975577343749
0 0 0 0 0 0 -0.629753894411423 -0.734447676653173 -0.252975577343749 0.667060494736719 0.712139272872026 0.218833161095173 0.667060494736719 0.712139272872026 0.218833161095173 -0.629753894411423 -0.734447676653173 -0.252975577343749
0 0 0 0 0 0 0 0 0 0 0 0 0 0 0 0 0 0
0 0 0 0 0 0 0 0 0 0 0 0 0 0 0 0 0 0
0 0 0 0 0 0 -0.580962758344006 -0.732113838369513 -0.355656577452439 0.6248458938001 0.710047380952771 0.324654163385078 0.6248458938001 0.710047380952771 0.324654163385078 -0.580962758344006 -0.732113838369513 -0.355656577452439
0 0 0 0 0 0 -0.580962758344006 -0.732113838369513 -0.355656577452439 0.6248458938001 0.710047380952771 0.324654163385078 0.6248458938001 0.710047380952771 0.324654163385078 -0.580962758344006 -0.732113838369513 -0.355656577452439
0 0 0 0 0 0 0 0 0 0 0 0 0 0 0 0 0 0
0 0 0 0 0 0 0 0 0 0 0 0 0 0 0 0 0 0
0 0 0 0 0 0 -0.517503205251621 -0.7325265205477 -0.442261607251385 0.566799597546576 0.711247541181019 0.415770551368173 0.566799597546576 0.711247541181019 0.415770551368173 -0.517503205251621 -0.7325265205477 -0.442261607251385
0 0 0 0 0 0 -0.517503205251621 -0.7325265205477 -0.442261607251385 0.566799597546576 0.711247541181019 0.415770551368173 0.566799597546576 0.711247541181019 0.415770551368173 -0.517503205251621 -0.7325265205477 -0.442261607251385
0 0 0 0 0 0 0 0 0 0 0 0 0 0 0 0 0 0
0 0 0 0 0 0 0 0 0 0 0 0 0 0 0 0 0 0
0 0 0 0 0 0 -0.458430214618984 -0.732674366979136 -0.503020884552634 0.496363695399876 0.717982258938494 0.487980079243566 0.496363695399876 0.717982258938494 0.487980079243566 -0.458430214618984 -0.732674366979136 -0.503020884552634
0 0 0 0 0 0 -0.458430214618984 -0.732674366979136 -0.503020884552634 0.496363695399876 0.717982258938494 0.487980079243566 0.496363695399876 0.717982258938494 0.487980079243566 -0.458430214618984 -0.732674366979136 -0.503020884552634
0 0 0 0 0 0 0 0 0 0 0 0 0 0 0 0 0 0
0 0 0 0 0 0 0 0 0 0 0 0 0 0 0 0 0 0
0 0 0 0 0 0 -0.391412756589396 -0.74478769960568 -0.54045104912024 0.432674695864274 0.729672026161808 0.529501030967532 0.432674695864274 0.729672026161808 0.529501030967532 -0.391412756589396 -0.74478769960568 -0.54045104912024
0 0 0 0 0 0 -0.391412756589396 -0.74478769960568 -0.54045104912024 0.432674695864274 0.729672026161808 0.529501030967532 0.432674695864274 0.729672026161808 0.529501030967532 -0.391412756589396 -0.74478769960568 -0.54045104912024
0 0 0 0 0 0 0 0 0 0 0 0 0 0 0 0 0 0
0 0 0 0 0 0 0 0 0 0 0 0 0 0 0 0 0 0
0 0 0 0 0 0 -0.345438409096849 -0.761526608273608 -0.548406355189226 0.366817498984737 0.753665836174868 0.545373935773813 0.366817498984737 0.753665836174868 0.545373935773813 -0.345438409096849 -0.761526608273608 -0.548406355189226
0 0 0 0 0 0 -0.345438409096849 -0.761526608273608 -0.548406355189226 0.366817498984737 0.753665836174868 0.545373935773813 0.366817498984737 0.753665836174868 0.545373935773813 -0.345438409096849 -0.761526608273608 -0.548406355189226
0 0 0 0 0 0 0 0 0 0 0 0 0 0 0 0 0 0
0 0 0 0 0 0 0 0 0 0 0 0 0 0 0 0 0 0
0 0 0 0 0 0 -0.308367506636174 -0.785458599241179 -0.536623023852941 0.327595758033054 0.777926443550791 0.536200958357189 0.327595758033054 0.777926443550791 0.536200958357189 -0.308367506636174 -0.785458599241179 -0.536623023852941
0 0 0 0 0 0 -0.308367506636174 -0.785458599241179 -0.536623023852941 0.327595758033054 0.777926443550791 0.536200958357189 0.327595758033054 0.777926443550791 0.536200958357189 -0.308367506636174 -0.785458599241179 -0.536623023852941
0 0 0 0 0 0 0 0 0 0 0 0 0 0 0 0 0 0
0 0 0 0 0 0 0 0 0 0 0 0 0 0 0 0 0 0
0 0 0 0 0 0 -0.280289467662096 -0.810736690823942 -0.513949250869717 0.297695642825801 0.803286042658488 0.515857381368725 0.297695642825801 0.803286042658488 0.515857381368725 -0.280289467662096 -0.810736690823942 -0.513949250869717
0 0 0 0 0 0 -0.280289467662096 -0.810736690823942 -0.513949250869717 0.297695642825801 0.803286042658488 0.515857381368725 0.297695642825801 0.803286042658488 0.515857381368725 -0.280289467662096 -0.810736690823942 -0.513949250869717
0 0 0 0 0 0 0 0 0 0 0 0 0 0 0 0 0 0
0 0 0 0 0 0 0 0 0 0 0 0 0 0 0 0 0 0
0 0 0 0 0 0 -0.260588509392917 -0.833556161319477 -0.487111645004219 0.276452462897183 0.825970712132429 0.491270209210298 0.276452462897183 0.825970712132429 0.491270209210298 -0.260588509392917 -0.833556161319477 -0.487111645004219
0 0 0 0 0 0 -0.260588509392917 -0.833556161319477 -0.487111645004219 0.276452462897183 0.825970712132429 0.491270209210298 0.276452462897183 0.825970712132429 0.491270209210298 -0.260588509392917 -0.833556161319477 -0.487111645004219
0 0 0 0 0 0 0 0 0 0 0 0 0 0 0 0 0 0
0 0 0 0 0 0 0 0 0 0 0 0 0 0 0 0 0 0
0 0 0 0 0 0 -0.24760451758066 -0.851506853927156 -0.462199178481231 0.262055126182218 0.84359539807017 0.46869383951195 0.262055126182218 0.84359539807017 0.46869383951195 -0.24760451758066 -0.851506853927156 -0.462199178481231
0 0 0 0 0 0 -0.24760451758066 -0.851506853927156 -0.462199178481231 0.262055126182218 0.84359539807017 0.46869383951195 0.262055126182218 0.84359539807017 0.46869383951195 -0.24760451758066 -0.851506853927156 -0.462199178481231
0 0 0 0 0 0 0 0 0 0 0 0 0 0 0 0 0 0
0 0 0 0 0 0 0 0 0 0 0 0 0 0 0 0 0 0
0 0 0 0 0 0 -0.238129049836515 -0.863421596527478 -0.44474453596857 0.251106289279036 0.855006992268728 0.453771610676666 0.251106289279036 0.855006992268728 0.453771610676666 -0.238129049836515 -0.863421596527478 -0.44474453596857
0 0 0 0 0 0 -0.238129049836515 -0.863421596527478 -0.44474453596857 0.251106289279036 0.855006992268728 0.453771610676666 0.251106289279036 0.855006992268728 0.453771610676666 -0.238129049836515 -0.863421596527478 -0.44474453596857
0 0 0 0 0 0 0 0 0 0 0 0 0 0 0 0 0 0
0 0 0 0 0 0 0 0 0 0 0 0 0 0 0 0 0 0
0 0 0 0 0 0 -0.22687703475055 -0.869353818409226 -0.439033881972789 0.23804346353447 0.860330520733717 0.450740174116491 0.23804346353447 0.860330520733717 0.450740174116491 -0.22687703475055 -0.869353818409226 -0.439033881972789
0 0 0 0 0 0 -0.22687703475055 -0.869353818409226 -0.439033881972789 0.23804346353447 0.860330520733717 0.450740174116491 0.23804346353447 0.860330520733717 0.450740174116491 -0.22687703475055 -0.869353818409226 -0.439033881972789
0 0 0 0 0 0 0 0 0 0 0 0 0 0 0 0 0 0
0 0 0 0 0 0 0 0 0 0 0 0 0 0 0 0 0 0
0 0 0 0 0 0 -0.207137584031902 -0.870615057485649 -0.44623249877243 0.215882505057105 0.8610788935971 0.460367117648364 0.215882505057105 0.8610788935971 0.460367117648364 -0.207137584031902 -0.870615057485649 -0.44623249877243
0 0 0 0 0 0 -0.207137584031902 -0.870615057485649 -0.44623249877243 0.215882505057105 0.8610788935971 0.460367117648364 0.215882505057105 0.8610788935971 0.460367117648364 -0.207137584031902 -0.870615057485649 -0.44623249877243
0 0 0 0 0 0 0 0 0 0 0 0 0 0 0 0 0 0
0 0 0 0 0 0 0 0 0 0 0 0 0 0 0 0 0 0
0 0 0 0 0 0 -0.173988060861644 -0.86944431554067 -0.462379429529062 0.179799149894654 0.859715795964258 0.478080553742465 0.179799149894654 0.859715795964258 0.478080553742465 -0.173988060861644 -0.86944431554067 -0.462379429529062
0 0 0 0 0 0 -0.173988060861644 -0.86944431554067 -0.462379429529062 0.179799149894654 0.859715795964258 0.478080553742465 0.179799149894654 0.859715795964258 0.478080553742465 -0.173988060861644 -0.86944431554067 -0.462379429529062
0 0 0 0 0 0 0 0 0 0 0 0 0 0 0 0 0 0
0 0 0 0 0 0 0 0 0 0 0 0 0 0 0 0 0 0
0 0 0 0 0 0 -0.128094711832717 -0.867953733833428 -0.479841703820234 0.131007095410183 0.858370102392809 0.496022084458289 0.131007095410183 0.858370102392809 0.496022084458289 -0.128094711832717 -0.867953733833428 -0.479841703820234
0 0 0 0 0 0 -0.128094711832717 -0.867953733833428 -0.479841703820234 0.131007095410183 0.858370102392809 0.496022084458289 0.131007095410183 0.858370102392809 0.496022084458289 -0.128094711832717 -0.867953733833428 -0.479841703820234
0 0 0 0 0 0 0 0 0 0 0 0 0 0 0 0 0 0
0 0 0 0 0 0 0 0 0 0 0 0 0 0 0 0 0 0
0 0 0 0 0 0 -0.0701931533498069 -0.713324074177252 -0.697310322899336 0.0627037642420878 0.858344848418984 0.509227217597865 0.0627037642420878 0.858344848418984 0.509227217597865 -0.0701931533498069 -0.713324074177252 -0.697310322899336
0 0 0 0 0 0 -0.0701931533498069 -0.713324074177252 -0.697310322899336 0.0627037642420878 0.858344848418984 0.509227217597865 0.0627037642420878 0.858344848418984 0.509227217597865 -0.0701931533498069 -0.713324074177252 -0.697310322899336
0 0 0 0 0 0 0 0 0 0 0 0 0 0 0 0 0 0
0 0 0 0 0 0 0 0 0 0 0 0 0 0 0 0 0 0
0 0 0 0 0 0 -0.0287499355005597 -0.874098949502125 0.484896347365079 -0.0287499355005597 -0.874098949502125 0.484896347365079 0.000360683432392582 0.696801991652295 -0.717263448348553 0.000360683432392582 0.696801991652295 -0.717263448348553
0 0 0 0 0 0 -0.0287499355005597 -0.874098949502125 0.484896347365079 -0.0287499355005597 -0.874098949502125 0.484896347365079 0.000360683432392582 0.696801991652295 -0.717263448348553 0.000360683432392582 0.696801991652295 -0.717263448348553
0 0 0 0 0 0 0 0 0 0 0 0 0 0 0 0 0 0
0 0 0 0 0 0 0 0 0 0 0 0 0 0 0 0 0 0
0 0 0 0 0 0 0.0605069834983797 -0.886576511610821 0.458607668937094 0.0605069834983797 -0.886576511610821 0.458607668937094 -0.0685860536673842 0.867306234844683 -0.493027228702305 -0.0685860536673842 0.867306234844683 -0.493027228702305
0 0 0 0 0 0 0.0605069834983797 -0.886576511610821 0.458607668937094 0.0605069834983797 -0.886576511610821 0.458607668937094 -0.0685860536673842 0.867306234844683 -0.493027228702305 -0.0685860536673842 0.867306234844683 -0.493027228702305
0 0 0 0 0 0 0 0 0 0 0 0 0 0 0 0 0 0
0 0 0 0 0 0 0 0 0 0 0 0 0 0 0 0 0 0
0 0 0 0 0 0 0.153508065100655 -0.896950770039787 0.414625843471058 0.153508065100655 -0.896950770039787 0.414625843471058 -0.166284255900656 0.879078780776074 -0.4467326308082 -0.166284255900656 0.879078780776074 -0.4467326308082
0 0 0 0 0 0 0.153508065100655 -0.896950770039787 0.414625843471058 0.153508065100655 -0.896950770039787 0.414625843471058 -0.166284255900656 0.879078780776074 -0.4467326308082 -0.166284255900656 0.879078780776074 -0.4467326308082
0 0 0 0 0 0 0 0 0 0 0 0 0 0 0 0 0 0
0 0 0 0 0 0 0 0 0 0 0 0 0 0 0 0 0 0
0 0 0 0 0 0 0.253145745753481 -0.904691974998542 0.342709296314165 0.253145745753481 -0.904691974998542 0.342709296314165 -0.270586854049145 0.887742082799643 -0.372420124110311 -0.270586854049145 0.887742082799643 -0.372420124110311
0 0 0 0 0 0 0.253145745753481 -0.904691974998542 0.342709296314165 0.253145745753481 -0.904691974998542 0.342709296314165 -0.270586854049145 0.887742082799643 -0.372420124110311 -0.270586854049145 0.887742082799643 -0.372420124110311
0 0 0 0 0 0 0 0 0 0 0 0 0 0 0 0 0 0
0 0 0 0 0 0 0 0 0 0 0 0 0 0 0 0 0 0
0 0 0 0 0 0 0.342751310667739 -0.907486179570662 0.242879338198602 0.342751310667739 -0.907486179570662 0.242879338198602 -0.364539082652707 0.891165038805831 -0.270066900654125 -0.364539082652707 0.891165038805831 -0.270066900654125
0 0 0 0 0 0 0.342751310667739 -0.907486179570662 0.242879338198602 0.342751310667739 -0.907486179570662 0.242879338198602 -0.364539082652707 0.891165038805831 -0.270066900654125 -0.364539082652707 0.891165038805831 -0.270066900654125
0 0 0 0 0 0 0 0 0 0 0 0 0 0 0 0 0 0
0 0 0 0 0 0 0 0 0 0 0 0 0 0 0 0 0 0
0 0 0 0 0 0 0.408989402861326 -0.904031007425142 0.124320577383706 0.408989402861326 -0.904031007425142 0.124320577383706 -0.434582861226387 0.888245936048677 -0.148851919105185 -0.434582861226387 0.888245936048677 -0.148851919105185
0 0 0 0 0 0 0.408989402861326 -0.904031007425142 0.124320577383706 0.408989402861326 -0.904031007425142 0.124320577383706 -0.434582861226387 0.888245936048677 -0.148851919105185 -0.434582861226387 0.888245936048677 -0.148851919105185
0 0 0 0 0 0 0 0 0 0 0 0 0 0 0 0 0 0
0 0 0 0 0 0 0 0 0 0 0 0 0 0 0 0 0 0
0 0 0 0 0 0 0.446723614766009 -0.894671531726739 -0.000928616240314275 0.446723614766009 -0.894671531726739 -0.000928616240314275 -0.475618205607545 0.879403005317404 -0.0209207249725554 -0.475618205607545 0.879403005317404 -0.0209207249725554
0 0 0 0 0 0 0.446723614766009 -0.894671531726739 -0.000928616240314275 0.446723614766009 -0.894671531726739 -0.000928616240314275 -0.475618205607545 0.879403005317404 -0.0209207249725554 -0.475618205607545 0.879403005317404 -0.0209207249725554
0 0 0 0 0 0 0 0 0 0 0 0 0 0 0 0 0 0
0 0 0 0 0 0 0 0 0 0 0 0 0 0 0 0 0 0
0 0 0 0 0 0 0.456952698185014 -0.88094348609081 -0.123015470310065 0.456952698185014 -0.88094348609081 -0.123015470310065 -0.488840980406678 0.86617524930665 0.103802376483397 -0.488840980406678 0.86617524930665 0.103802376483397
0 0 0 0 0 0 0.456952698185014 -0.88094348609081 -0.123015470310065 0.456952698185014 -0.88094348609081 -0.123015470310065 -0.488840980406678 0.86617524930665 0.103802376483397 -0.488840980406678 0.86617524930665 0.103802376483397
0 0 0 0 0 0 0 0 0 0 0 0 0 0 0 0 0 0
0 0 0 0 0 0 0 0 0 0 0 0 0 0 0 0 0 0
0 0 0 0 0 0 0.443373714161279 -0.864868776255384 -0.235418243662949 0.443373714161279 -0.864868776255384 -0.235418243662949 -0.478149683604989 0.850580454123576 0.218828177187904 -0.478149683604989 0.850580454123576 0.218828177187904
0 0 0 0 0 0 0.443373714161279 -0.864868776255384 -0.235418243662949 0.443373714161279 -0.864868776255384 -0.235418243662949 -0.478149683604989 0.850580454123576 0.218828177187904 -0.478149683604989 0.850580454123576 0.218828177187904
0 0 0 0 0 0 0 0 0 0 0 0 0 0 0 0 0 0
0 0 0 0 0 0 0 0 0 0 0 0 0 0 0 0 0 0
0 0 0 0 0 0 0.410117358867603 -0.848658395638069 -0.334039936936411 0.410117358867603 -0.848658395638069 -0.334039936936411 -0.447759854968304 0.834854639166975 0.320201255057102 -0.447759854968304 0.834854639166975 0.320201255057102
0 0 0 0 0 0 0.410117358867603 -0.848658395638069 -0.334039936936411 0.410117358867603 -0.848658395638069 -0.334039936936411 -0.447759854968304 0.834854639166975 0.320201255057102 -0.447759854968304 0.834854639166975 0.320201255057102
0 0 0 0 0 0 0 0 0 0 0 0 0 0 0 0 0 0
0 0 0 0 0 0 0 0 0 0 0 0 0 0 0 0 0 0
0 0 0 0 0 0 0.360916333450584 -0.834770222047796 -0.415810144934994 0.360916333450584 -0.834770222047796 -0.415810144934994 -0.401296649596531 0.821511564266812 0.405067585469998 -0.401296649596531 0.821511564266812 0.405067585469998
0 0 0 0 0 0 0.360916333450584 -0.834770222047796 -0.415810144934994 0.360916333450584 -0.834770222047796 -0.415810144934994 -0.401296649596531 0.821511564266812 0.405067585469998 -0.401296649596531 0.821511564266812 0.405067585469998
0 0 0 0 0 0 0 0 0 0 0 0 0 0 0 0 0 0
0 0 0 0 0 0 0 0 0 0 0 0 0 0 0 0 0 0
0 0 0 0 0 0 0.308177063522034 -0.82293883487171 -0.477282486143089 0.308177063522034 -0.82293883487171 -0.477282486143089 -0.341628724022101 0.812903613070944 0.471675238675125 -0.341628724022101 0.812903613070944 0.471675238675125
0 0 0 0 0 0 0.308177063522034 -0.82293883487171 -0.477282486143089 0.308177063522034 -0.82293883487171 -0.477282486143089 -0.341628724022101 0.812903613070944 0.471675238675125 -0.341628724022101 0.812903613070944 0.471675238675125
0 0 0 0 0 0 0 0 0 0 0 0 0 0 0 0 0 0
0 0 0 0 0 0 0 0 0 0 0 0 0 0 0 0 0 0
0 0 0 0 0 0 0.251936080691586 -0.817754152593543 -0.51750010353794 0.251936080691586 -0.817754152593543 -0.51750010353794 -0.283551404509719 0.808767714673253 0.515260501787949 -0.283551404509719 0.808767714673253 0.515260501787949
0 0 0 0 0 0 0.251936080691586 -0.817754152593543 -0.51750010353794 0.251936080691586 -0.817754152593543 -0.51750010353794 -0.283551404509719 0.808767714673253 0.515260501787949 -0.283551404509719 0.808767714673253 0.515260501787949
0 0 0 0 0 0 0 0 0 0 0 0 0 0 0 0 0 0
0 0 0 0 0 0 0 0 0 0 0 0 0 0 0 0 0 0
0 0 0 0 0 0 0.206724061034403 -0.814804546320079 -0.541625990777377 0.206724061034403 -0.814804546320079 -0.541625990777377 -0.2262834980648 0.809280914358697 0.54208871982205 -0.2262834980648 0.809280914358697 0.54208871982205
0 0 0 0 0 0 0.206724061034403 -0.814804546320079 -0.541625990777377 0.206724061034403 -0.814804546320079 -0.541625990777377 -0.2262834980648 0.809280914358697 0.54208871982205 -0.2262834980648 0.809280914358697 0.54208871982205
0 0 0 0 0 0 0 0 0 0 0 0 0 0 0 0 0 0
0 0 0 0 0 0 0 0 0 0 0 0 0 0 0 0 0 0
0 0 0 0 0 0 0.160973674692999 -0.81475892292592 -0.557005721306727 0.160973674692999 -0.81475892292592 -0.557005721306727 -0.178967435255475 0.809470048504442 0.559221689218412 -0.178967435255475 0.809470048504442 0.559221689218412
0 0 0 0 0 0 0.160973674692999 -0.81475892292592 -0.557005721306727 0.160973674692999 -0.81475892292592 -0.557005721306727 -0.178967435255475 0.809470048504442 0.559221689218412 -0.178967435255475 0.809470048504442 0.559221689218412
0 0 0 0 0 0 0 0 0 0 0 0 0 0 0 0 0 0
0 0 0 0 0 0 0 0 0 0 0 0 0 0 0 0 0 0
0 0 0 0 0 0 0.112966130421751 -0.81523952778631 -0.567999265591331 0.112966130421751 -0.81523952778631 -0.567999265591331 -0.129036235976337 0.810192579667284 0.571784604249826 -0.129036235976337 0.810192579667284 0.571784604249826
0 0 0 0 0 0 0.112966130421751 -0.81523952778631 -0.567999265591331 0.112966130421751 -0.81523952778631 -0.567999265591331 -0.129036235976337 0.810192579667284 0.571784604249826 -0.129036235976337 0.810192579667284 0.571784604249826
0 0 0 0 0 0 0 0 0 0 0 0 0 0 0 0 0 0
0 0 0 0 0 0 0 0 0 0 0 0 0 0 0 0 0 0
0 0 0 0 0 0 0.0603763875865993 -0.814727312543859 -0.576692377283638 0.0603763875865993 -0.814727312543859 -0.576692377283638 -0.0741757610057827 0.809964979801484 0.581768586273266 -0.0741757610057827 0.809964979801484 0.581768586273266
0 0 0 0 0 0 0.0603763875865993 -0.814727312543859 -0.576692377283638 0.0603763875865993 -0.814727312543859 -0.576692377283638 -0.0741757610057827 0.809964979801484 0.581768586273266 -0.0741757610057827 0.809964979801484 0.581768586273266
0 0 0 0 0 0 0 0 0 0 0 0 0 0 0 0 0 0
0 0 0 0 0 0 0 0 0 0 0 0 0 0 0 0 0 0
0 0 0 0 0 0 0.000699020175793271 -0.81212800376907 -0.583478891533241 0.000699020175793271 -0.81212800376907 -0.583478891533241 -0.0119707252591063 0.807710004124405 0.589458438716527 -0.0119707252591063 0.807710004124405 0.589458438716527
0 0 0 0 0 0 0.000699020175793271 -0.81212800376907 -0.583478891533241 0.000699020175793271 -0.81212800376907 -0.583478891533241 -0.0119707252591063 0.807710004124405 0.589458438716527 -0.0119707252591063 0.807710004124405 0.589458438716527
0 0 0 0 0 0 0 0 0 0 0 0 0 0 0 0 0 0
0 0 0 0 0 0 0 0 0 0 0 0 0 0 0 0 0 0
0 0 0 0 0 0 -0.0679501687946997 -0.806736390172838 -0.586991627991123 -0.0679501687946997 -0.806736390172838 -0.586991627991123 0.0592308699768068 0.802693059688728 0.593443810288168 0.0592308699768068 0.802693059688728 0.593443810288168
0 0 0 0 0 0 -0.0679501687946997 -0.806736390172838 -0.586991627991123 -0.0679501687946997 -0.806736390172838 -0.586991627991123 0.0592308699768068 0.802693059688728 0.593443810288168 0.0592308699768068 0.802693059688728 0.593443810288168
0 0 0 0 0 0 0 0 0 0 0 0 0 0 0 0 0 0
0 0 0 0 0 0 0 0 0 0 0 0 0 0 0 0 0 0
0 0 0 0 0 0 -0.145106987728732 -0.798409850099676 -0.584367755250157 -0.145106987728732 -0.798409850099676 -0.584367755250157 0.138593665825587 0.794653592180612 0.591030848795116 0.138593665825587 0.794653592180612 0.591030848795116
0 0 0 0 0 0 -0.145106987728732 -0.798409850099676 -0.584367755250157 -0.145106987728732 -0.798409850099676 -0.584367755250157 0.138593665825587 0.794653592180612 0.591030848795116 0.138593665825587 0.794653592180612 0.591030848795116
0 0 0 0 0 0 0 0 0 0 0 0 0 0 0 0 0 0
0 0 0 0 0 0 0 0 0 0 0 0 0 0 0 0 0 0
0 0 0 0 0 0 -0.225826473520639 -0.78778780929863 -0.573055644224623 -0.225826473520639 -0.78778780929863 -0.573055644224623 0.220980124271976 0.784113424280596 0.579943033874621 0.220980124271976 0.784113424280596 0.579943033874621
0 0 0 0 0 0 -0.225826473520639 -0.78778780929863 -0.573055644224623 -0.225826473520639 -0.78778780929863 -0.573055644224623 0.220980124271976 0.784113424280596 0.579943033874621 0.220980124271976 0.784113424280596 0.579943033874621
0 0 0 0 0 0 0 0 0 0 0 0 0 0 0 0 0 0
0 0 0 0 0 0 0 0 0 0 0 0 0 0 0 0 0 0
0 0 0 0 0 0 -0.302137251038316 -0.775979663354563 -0.553686412687857 -0.302137251038316 -0.775979663354563 -0.553686412687857 0.298500771338622 0.772156082481722 0.560956570330296 0.298500771338622 0.772156082481722 0.560956570330296
0 0 0 0 0 0 -0.302137251038316 -0.775979663354563 -0.553686412687857 -0.302137251038316 -0.775979663354563 -0.553686412687857 0.298500771338622 0.772156082481722 0.560956570330296 0.298500771338622 0.772156082481722 0.560956570330296
0 0 0 0 0 0 0 0 0 0 0 0 0 0 0 0 0 0
0 0 0 0 0 0 0 0 0 0 0 0 0 0 0 0 0 0
0 0 0 0 0 0 -0.296462694317961 -0.634320095829495 -0.713966306561168 -0.296462694317961 -0.634320095829495 -0.713966306561168 0.373816380233921 0.753323756443976 0.541077288237037 0.373816380233921 0.753323756443976 0.541077288237037
0 0 0 0 0 0 -0.296462694317961 -0.634320095829495 -0.713966306561168 -0.296462694317961 -0.634320095829495 -0.713966306561168 0.373816380233921 0.753323756443976 0.541077288237037 0.373816380233921 0.753323756443976 0.541077288237037
0 0 0 0 0 0 0 0 0 0 0 0 0 0 0 0 0 0
0 0 0 0 0 0 0 0 0 0 0 0 0 0 0 0 0 0
0 0 0 0 0 0 -0.422960731198878 -0.765339695228029 0.485138506791594 0.362561029770381 0.615464703272196 -0.699823333933578 0.362561029770381 0.615464703272196 -0.699823333933578 -0.422960731198878 -0.765339695228029 0.485138506791594
0 0 0 0 0 0 -0.422960731198878 -0.765339695228029 0.485138506791594 0.362561029770381 0.615464703272196 -0.699823333933578 0.362561029770381 0.615464703272196 -0.699823333933578 -0.422960731198878 -0.765339695228029 0.485138506791594
0 0 0 0 0 0 0 0 0 0 0 0 0 0 0 0 0 0
0 0 0 0 0 0 0 0 0 0 0 0 0 0 0 0 0 0
0 0 0 0 0 0 -0.498018222831954 -0.75535660707057 0.425927512473824 0.496155343264857 0.7403252298469 -0.453595005926947 0.496155343264857 0.7403252298469 -0.453595005926947 -0.498018222831954 -0.75535660707057 0.425927512473824
0 0 0 0 0 0 -0.498018222831954 -0.75535660707057 0.425927512473824 0.496155343264857 0.7403252298469 -0.453595005926947 0.496155343264857 0.7403252298469 -0.453595005926947 -0.498018222831954 -0.75535660707057 0.425927512473824
0 0 0 0 0 0 0 0 0 0 0 0 0 0 0 0 0 0
0 0 0 0 0 0 0 0 0 0 0 0 0 0 0 0 0 0
0 0 0 0 0 0 -0.561480772527212 -0.751519512516539 0.346349194295509 0.564315192186666 0.735721557708558 -0.374515892039603 0.564315192186666 0.735721557708558 -0.374515892039603 -0.561480772527212 -0.751519512516539 0.346349194295509
0 0 0 0 0 0 -0.561480772527212 -0.751519512516539 0.346349194295509 0.564315192186666 0.735721557708558 -0.374515892039603 0.564315192186666 0.735721557708558 -0.374515892039603 -0.561480772527212 -0.751519512516539 0.346349194295509
0 0 0 0 0 0 0 0 0 0 0 0 0 0 0 0 0 0
0 0 0 0 0 0 0 0 0 0 0 0 0 0 0 0 0 0
0 0 0 0 0 0 -0.612690278011681 -0.749232583013605 0.251517712658034 0.62099447601881 0.731953088198065 -0.280375707634308 0.62099447601881 0.731953088198065 -0.280375707634308 -0.612690278011681 -0.749232583013605 0.251517712658034
0 0 0 0 0 0 -0.612690278011681 -0.749232583013605 0.251517712658034 0.62099447601881 0.731953088198065 -0.280375707634308 0.62099447601881 0.731953088198065 -0.280375707634308 -0.612690278011681 -0.749232583013605 0.251517712658034
0 0 0 0 0 0 0 0 0 0 0 0 0 0 0 0 0 0
0 0 0 0 0 0 0 0 0 0 0 0 0 0 0 0 0 0
0 0 0 0 0 0 -0.64408987627239 -0.749918557551141 0.150898602789533 0.658533661678026 0.730667107932419 -0.180163797203007 0.658533661678026 0.730667107932419 -0.180163797203007 -0.64408987627239 -0.749918557551141 0.150898602789533
0 0 0 0 0 0 -0.64408987627239 -0.749918557551141 0.150898602789533 0.658533661678026 0.730667107932419 -0.180163797203007 0.658533661678026 0.730667107932419 -0.180163797203007 -0.64408987627239 -0.749918557551141 0.150898602789533
0 0 0 0 0 0 0 0 0 0 0 0 0 0 0 0 0 0
0 0 0 0 0 0 0 0 0 0 0 0 0 0 0 0 0 0
0 0 0 0 0 0 -0.654404081666313 -0.754213186361699 0.0540163624895456 0.675130469101326 0.733043993599869 -0.0827366493047657 0.675130469101326 0.733043993599869 -0.0827366493047657 -0.654404081666313 -0.754213186361699 0.0540163624895456
0 0 0 0 0 0 -0.654404081666313 -0.754213186361699 0.0540163624895456 0.675130469101326 0.733043993599869 -0.0827366493047657 0.675130469101326 0.733043993599869 -0.0827366493047657 -0.654404081666313 -0.754213186361699 0.0540163624895456
0 0 0 0 0 0 0 0 0 0 0 0 0 0 0 0 0 0
0 0 0 0 0 0 0 0 0 0 0 0 0 0 0 0 0 0
0 0 0 0 0 0 -0.646363508394252 -0.762286005057153 -0.0336787991216992 0.673040911499497 0.73957620247052 0.0065553174759387 0.673040911499497 0.73957620247052 0.0065553174759387 -0.646363508394252 -0.762286005057153 -0.0336787991216992
0 0 0 0 0 0 -0.646363508394252 -0.762286005057153 -0.0336787991216992 0.673040911499497 0.73957620247052 0.0065553174759387 0.673040911499497 0.73957620247052 0.0065553174759387 -0.646363508394252 -0.762286005057153 -0.0336787991216992
0 0 0 0 0 0 0 0 0 0 0 0 0 0 0 0 0 0
0 0 0 0 0 0 0 0 0 0 0 0 0 0 0 0 0 0
0 0 0 0 0 0 -0.623492000970835 -0.774040483484795 -0.11008657798301 0.655552255461189 0.750298887023088 0.0854565415381615 0.655552255461189 0.750298887023088 0.0854565415381615 -0.623492000970835 -0.774040483484795 -0.11008657798301
0 0 0 0 0 0 -0.623492000970835 -0.774040483484795 -0.11008657798301 0.655552255461189 0.750298887023088 0.0854565415381615 0.655552255461189 0.750298887023088 0.0854565415381615 -0.623492000970835 -0.774040483484795 -0.11008657798301
0 0 0 0 0 0 0 0 0 0 0 0 0 0 0 0 0 0
0 0 0 0 0 0 0 0 0 0 0 0 0 0 0 0 0 0
0 0 0 0 0 0 -0.588717328909641 -0.789201226104975 -0.174852312984133 0.625565469683709 0.764940184538664 0.153409117125922 0.625565469683709 0.764940184538664 0.153409117125922 -0.588717328909641 -0.789201226104975 -0.174852312984133
0 0 0 0 0 0 -0.588717328909641 -0.789201226104975 -0.174852312984133 0.625565469683709 0.764940184538664 0.153409117125922 0.625565469683709 0.764940184538664 0.153409117125922 -0.588717328909641 -0.789201226104975 -0.174852312984133
0 0 0 0 0 0 0 0 0 0 0 0 0 0 0 0 0 0
0 0 0 0 0 0 0 0 0 0 0 0 0 0 0 0 0 0
0 0 0 0 0 0 -0.544094398368622 -0.807369249167377 -0.22828968693919 0.58522375117457 0.783049009498679 0.210588247023196 0.58522375117457 0.783049009498679 0.210588247023196 -0.544094398368622 -0.807369249167377 -0.22828968693919
0 0 0 0 0 0 -0.544094398368622 -0.807369249167377 -0.22828968693919 0.58522375117457 0.783049009498679 0.210588247023196 0.58522375117457 0.783049009498679 0.210588247023196 -0.544094398368622 -0.807369249167377 -0.22828968693919
0 0 0 0 0 0 0 0 0 0 0 0 0 0 0 0 0 0
0 0 0 0 0 0 0 0 0 0 0 0 0 0 0 0 0 0
0 0 0 0 0 0 -0.506715820336421 -0.819807085298565 -0.26674973348639 0.53620470047079 0.803758141096331 0.257793269528902 0.53620470047079 0.803758141096331 0.257793269528902 -0.506715820336421 -0.819807085298565 -0.26674973348639
0 0 0 0 0 0 -0.506715820336421 -0.819807085298565 -0.26674973348639 0.53620470047079 0.803758141096331 0.257793269528902 0.53620470047079 0.803758141096331 0.257793269528902 -0.506715820336421 -0.819807085298565 -0.26674973348639
0 0 0 0 0 0 0 0 0 0 0 0 0 0 0 0 0 0
0 0 0 0 0 0 0 0 0 0 0 0 0 0 0 0 0 0
0 0 0 0 0 0 -0.462055689348398 -0.83554006625529 -0.297283261592178 0.495155722719336 0.818583281907118 0.291105171442323 0.495155722719336 0.818583281907118 0.291105171442323 -0.462055689348398 -0.83554006625529 -0.297283261592178
0 0 0 0 0 0 -0.462055689348398 -0.83554006625529 -0.297283261592178 0.495155722719336 0.818583281907118 0.291105171442323 0.495155722719336 0.818583281907118 0.291105171442323 -0.462055689348398 -0.83554006625529 -0.297283261592178
0 0 0 0 0 0 0 0 0 0 0 0 0 0 0 0 0 0
0 0 0 0 0 0 0 0 0 0 0 0 0 0 0 0 0 0
0 0 0 0 0 0 -0.434115252056734 -0.84264944735731 -0.31856844915989 0.449832038364645 0.834826508284403 0.317357587472524 0.449832038364645 0.834826508284403 0.317357587472524 -0.434115252056734 -0.84264944735731 -0.31856844915989
0 0 0 0 0 0 -0.434115252056734 -0.84264944735731 -0.31856844915989 0.449832038364645 0.834826508284403 0.317357587472524 0.449832038364645 0.834826508284403 0.317357587472524 -0.434115252056734 -0.84264944735731 -0.31856844915989
0 0 0 0 0 0 0 0 0 0 0 0 0 0 0 0 0 0
0 0 0 0 0 0 0 0 0 0 0 0 0 0 0 0 0 0
0 0 0 0 0 0 -0.409044995481759 -0.848989009131868 -0.334514355513505 0.424109061982833 0.841385162120281 0.334966434897394 0.424109061982833 0.841385162120281 0.334966434897394 -0.409044995481759 -0.848989009131868 -0.334514355513505
0 0 0 0 0 0 -0.409044995481759 -0.848989009131868 -0.334514355513505 0.424109061982833 0.841385162120281 0.334966434897394 0.424109061982833 0.841385162120281 0.334966434897394 -0.409044995481759 -0.848989009131868 -0.334514355513505
0 0 0 0 0 0 0 0 0 0 0 0 0 0 0 0 0 0
0 0 0 0 0 0 0 0 0 0 0 0 0 0 0 0 0 0
0 0 0 0 0 0 -0.386195031230581 -0.854483283743163 -0.347435915898618 0.400349174979215 0.847087551036669 0.349518553115798 0.400349174979215 0.847087551036669 0.349518553115798 -0.386195031230581 -0.854483283743163 -0.347435915898618
0 0 0 0 0 0 -0.386195031230581 -0.854483283743163 -0.347435915898618 0.400349174979215 0.847087551036669 0.349518553115798 0.400349174979215 0.847087551036669 0.349518553115798 -0.386195031230581 -0.854483283743163 -0.347435915898618
0 0 0 0 0 0 0 0 0 0 0 0 0 0 0 0 0 0
0 0 0 0 0 0 0 0 0 0 0 0 0 0 0 0 0 0
0 0 0 0 0 0 -0.364991738480836 -0.859091550828896 -0.358807383055504 0.378082549252561 0.851843106034307 0.362514701291561 0.378082549252561 0.851843106034307 0.362514701291561 -0.364991738480836 -0.859091550828896 -0.358807383055504
0 0 0 0 0 0 -0.364991738480836 -0.859091550828896 -0.358807383055504 0.378082549252561 0.851843106034307 0.362514701291561 0.378082549252561 0.851843106034307 0.362514701291561 -0.364991738480836 -0.859091550828896 -0.358807383055504
0 0 0 0 0 0 0 0 0 0 0 0 0 0 0 0 0 0
0 0 0 0 0 0 0 0 0 0 0 0 0 0 0 0 0 0
0 0 0 0 0 0 -0.344469648974675 -0.86255707226219 -0.37058866418948 0.356472742287646 0.85530532741809 0.376005293707627 0.356472742287646 0.85530532741809 0.376005293707627 -0.344469648974675 -0.86255707226219 -0.37058866418948
0 0 0 0 0 0 -0.344469648974675 -0.86255707226219 -0.37058866418948 0.356472742287646 0.85530532741809 0.376005293707627 0.356472742287646 0.85530532741809 0.376005293707627 -0.344469648974675 -0.86255707226219 -0.37058866418948
0 0 0 0 0 0 0 0 0 0 0 0 0 0 0 0 0 0
0 0 0 0 0 0 0 0 0 0 0 0 0 0 0 0 0 0
0 0 0 0 0 0 -0.32257483228356 -0.864534047233445 -0.385391176275992 0.333580317195766 0.856986467380386 0.392808307837882 0.333580317195766 0.856986467380386 0.392808307837882 -0.32257483228356 -0.864534047233445 -0.385391176275992
0 0 0 0 0 0 -0.32257483228356 -0.864534047233445 -0.385391176275992 0.333580317195766 0.856986467380386 0.392808307837882 0.333580317195766 0.856986467380386 0.392808307837882 -0.32257483228356 -0.864534047233445 -0.385391176275992
0 0 0 0 0 0 0 0 0 0 0 0 0 0 0 0 0 0
0 0 0 0 0 0 0 0 0 0 0 0 0 0 0 0 0 0
0 0 0 0 0 0 -0.29538050082218 -0.864881703404809 -0.40586943571749 0.305325895636041 0.85668440066435 0.41577389902736 0.305325895636041 0.85668440066435 0.41577389902736 -0.29538050082218 -0.864881703404809 -0.40586943571749
0 0 0 0 0 0 -0.29538050082218 -0.864881703404809 -0.40586943571749 0.305325895636041 0.85668440066435 0.41577389902736 0.305325895636041 0.85668440066435 0.41577389902736 -0.29538050082218 -0.864881703404809 -0.40586943571749
0 0 0 0 0 0 0 0 0 0 0 0 0 0 0 0 0 0
0 0 0 0 0 0 0 0 0 0 0 0 0 0 0 0 0 0
0 0 0 0 0 0 -0.257563969782505 -0.86400325212216 -0.432618979925994 0.265946289935906 0.854950296802766 0.445345439929713 0.265946289935906 0.854950296802766 0.445345439929713 -0.257563969782505 -0.86400325212216 -0.432618979925994
0 0 0 0 0 0 -0.257563969782505 -0.86400325212216 -0.432618979925994 0.265946289935906 0.854950296802766 0.445345439929713 0.265946289935906 0.854950296802766 0.445345439929713 -0.257563969782505 -0.86400325212216 -0.432618979925994
0 0 0 0 0 0 0 0 0 0 0 0 0 0 0 0 0 0
0 0 0 0 0 0 0 0 0 0 0 0 0 0 0 0 0 0
0 0 0 0 0 0 -0.205964325488496 -0.862802825693438 -0.461681687531018 0.211953304234068 0.85309076979254 0.476772414595299 0.211953304234068 0.85309076979254 0.476772414595299 -0.205964325488496 -0.862802825693438 -0.461681687531018
0 0 0 0 0 0 -0.205964325488496 -0.862802825693438 -0.461681687531018 0.211953304234068 0.85309076979254 0.476772414595299 0.211953304234068 0.85309076979254 0.476772414595299 -0.205964325488496 -0.862802825693438 -0.461681687531018
0 0 0 0 0 0 0 0 0 0 0 0 0 0 0 0 0 0
0 0 0 0 0 0 0 0 0 0 0 0 0 0 0 0 0 0
0 0 0 0 0 0 -0.143768712695174 -0.861993194295376 -0.486105225479449 0.146936099024825 0.852065737704671 0.502388058609241 0.146936099024825 0.852065737704671 0.502388058609241 -0.143768712695174 -0.861993194295376 -0.486105225479449
0 0 0 0 0 0 -0.143768712695174 -0.861993194295376 -0.486105225479449 0.146936099024825 0.852065737704671 0.502388058609241 0.146936099024825 0.852065737704671 0.502388058609241 -0.143768712695174 -0.861993194295376 -0.486105225479449
0 0 0 0 0 0 0 0 0 0 0 0 0 0 0 0 0 0
0 0 0 0 0 0 0 0 0 0 0 0 0 0 0 0 0 0
0 0 0 0 0 0 -0.07443967437182 -0.713601712506863 -0.696585479885053 0.066519132650048 0.852271857004525 0.518852471083586 0.066519132650048 0.852271857004525 0.518852471083586 -0.07443967437182 -0.713601712506863 -0.696585479885053
0 0 0 0 0 0 -0.07443967437182 -0.713601712506863 -0.696585479885053 0.066519132650048 0.852271857004525 0.518852471083586 0.066519132650048 0.852271857004525 0.518852471083586 -0.07443967437182 -0.713601712506863 -0.696585479885053
0 0 0 0 0 0 0 0 0 0 0 0 0 0 0 0 0 0
0 0 0 0 0 0 0 0 0 0 0 0 0 0 0 0 0 0
0 0 0 0 0 0 -0.0268680698847526 -0.865231986255412 0.500651292599132 -0.0268680698847526 -0.865231986255412 0.500651292599132 -0.0010279229021988 0.696396370212169 -0.717656630241666 -0.0010279229021988 0.696396370212169 -0.717656630241666
0 0 0 0 0 0 -0.0268680698847526 -0.865231986255412 0.500651292599132 -0.0268680698847526 -0.865231986255412 0.500651292599132 -0.0010279229021988 0.696396370212169 -0.717656630241666 -0.0010279229021988 0.696396370212169 -0.717656630241666
0 0 0 0 0 0 0 0 0 0 0 0 0 0 0 0 0 0
0 0 0 0 0 0 0 0 0 0 0 0 0 0 0 0 0 0
0 0 0 0 0 0 0.0597375791875337 -0.877691372220549 0.475488461229527 0.0597375791875337 -0.877691372220549 0.475488461229527 -0.0672318148882378 0.860480733729067 -0.505027514050394 -0.0672318148882378 0.860480733729067 -0.505027514050394
0 0 0 0 0 0 0.0597375791875337 -0.877691372220549 0.475488461229527 0.0597375791875337 -0.877691372220549 0.475488461229527 -0.0672318148882378 0.860480733729067 -0.505027514050394 -0.0672318148882378 0.860480733729067 -0.505027514050394
0 0 0 0 0 0 0 0 0 0 0 0 0 0 0 0 0 0
0 0 0 0 0 0 0 0 0 0 0 0 0 0 0 0 0 0
0 0 0 0 0 0 0.144517550888613 -0.888056636356746 0.436428789274836 0.144517550888613 -0.888056636356746 0.436428789274836 -0.156721398452009 0.871777554681875 -0.464157622387199 -0.156721398452009 0.871777554681875 -0.464157622387199
0 0 0 0 0 0 0.144517550888613 -0.888056636356746 0.436428789274836 0.144517550888613 -0.888056636356746 0.436428789274836 -0.156721398452009 0.871777554681875 -0.464157622387199 -0.156721398452009 0.871777554681875 -0.464157622387199
0 0 0 0 0 0 0 0 0 0 0 0 0 0 0 0 0 0
0 0 0 0 0 0 0 0 0 0 0 0 0 0 0 0 0 0
0 0 0 0 0 0 0.23073654258448 -0.896633106530537 0.377901733509597 0.23073654258448 -0.896633106530537 0.377901733509597 -0.247381152730369 0.881164269039951 -0.402929393617644 -0.247381152730369 0.881164269039951 -0.402929393617644
0 0 0 0 0 0 0.23073654258448 -0.896633106530537 0.377901733509597 0.23073654258448 -0.896633106530537 0.377901733509597 -0.247381152730369 0.881164269039951 -0.402929393617644 -0.247381152730369 0.881164269039951 -0.402929393617644
0 0 0 0 0 0 0 0 0 0 0 0 0 0 0 0 0 0
0 0 0 0 0 0 0 0 0 0 0 0 0 0 0 0 0 0
0 0 0 0 0 0 0.303940861480087 -0.902971744313121 0.303746574787046 0.303940861480087 -0.902971744313121 0.303746574787046 -0.324441409781251 0.888044432479304 -0.325752755263351 -0.324441409781251 0.888044432479304 -0.325752755263351
0 0 0 0 0 0 0.303940861480087 -0.902971744313121 0.303746574787046 0.303940861480087 -0.902971744313121 0.303746574787046 -0.324441409781251 0.888044432479304 -0.325752755263351 -0.324441409781251 0.888044432479304 -0.325752755263351
0 0 0 0 0 0 0 0 0 0 0 0 0 0 0 0 0 0
0 0 0 0 0 0 0 0 0 0 0 0 0 0 0 0 0 0
0 0 0 0 0 0 0.355735505985441 -0.907235941398477 0.22444419443617 0.355735505985441 -0.907235941398477 0.22444419443617 -0.37951824929537 0.892569686411728 -0.24348563273969 -0.37951824929537 0.892569686411728 -0.24348563273969
0 0 0 0 0 0 0.355735505985441 -0.907235941398477 0.22444419443617 0.355735505985441 -0.907235941398477 0.22444419443617 -0.37951824929537 0.892569686411728 -0.24348563273969 -0.37951824929537 0.892569686411728 -0.24348563273969
0 0 0 0 0 0 0 0 0 0 0 0 0 0 0 0 0 0
0 0 0 0 0 0 0 0 0 0 0 0 0 0 0 0 0 0
0 0 0 0 0 0 0.38649959595064 -0.910141125543499 0.149201856303477 0.38649959595064 -0.910141125543499 0.149201856303477 -0.412967128262781 0.895614406343778 -0.16532690683574 -0.412967128262781 0.895614406343778 -0.16532690683574
0 0 0 0 0 0 0.38649959595064 -0.910141125543499 0.149201856303477 0.38649959595064 -0.910141125543499 0.149201856303477 -0.412967128262781 0.895614406343778 -0.16532690683574 -0.412967128262781 0.895614406343778 -0.16532690683574
0 0 0 0 0 0 0 0 0 0 0 0 0 0 0 0 0 0
0 0 0 0 0 0 0 0 0 0 0 0 0 0 0 0 0 0
0 0 0 0 0 0 0.400789545669107 -0.912464145694168 0.0823220681528524 0.400789545669107 -0.912464145694168 0.0823220681528524 -0.429096599086362 0.898203238424216 -0.0954308709840176 -0.429096599086362 0.898203238424216 -0.0954308709840176
0 0 0 0 0 0 0.400789545669107 -0.912464145694168 0.0823220681528524 0.400789545669107 -0.912464145694168 0.0823220681528524 -0.429096599086362 0.898203238424216 -0.0954308709840176 -0.429096599086362 0.898203238424216 -0.0954308709840176
0 0 0 0 0 0 0 0 0 0 0 0 0 0 0 0 0 0
0 0 0 0 0 0 0 0 0 0 0 0 0 0 0 0 0 0
0 0 0 0 0 0 0.403268329607937 -0.914770179672431 0.0238782896642827 0.403268329607937 -0.914770179672431 0.0238782896642827 -0.432395887444871 0.901046922218989 -0.0338856972843848 -0.432395887444871 0.901046922218989 -0.0338856972843848
0 0 0 0 0 0 0.403268329607937 -0.914770179672431 0.0238782896642827 0.403268329607937 -0.914770179672431 0.0238782896642827 -0.432395887444871 0.901046922218989 -0.0338856972843848 -0.432395887444871 0.901046922218989 -0.0338856972843848
0 0 0 0 0 0 0 0 0 0 0 0 0 0 0 0 0 0
0 0 0 0 0 0 0 0 0 0 0 0 0 0 0 0 0 0
0 0 0 0 0 0 0.396994778622781 -0.917375219416173 -0.0285981213959577 0.396994778622781 -0.917375219416173 -0.0285981213959577 -0.42598942336636 0.904469455838682 0.0216336458988037 -0.42598942336636 0.904469455838682 0.0216336458988037
0 0 0 0 0 0 0.396994778622781 -0.917375219416173 -0.0285981213959577 0.396994778622781 -0.917375219416173 -0.0285981213959577 -0.42598942336636 0.904469455838682 0.0216336458988037 -0.42598942336636 0.904469455838682 0.0216336458988037
0 0 0 0 0 0 0 0 0 0 0 0 0 0 0 0 0 0
0 0 0 0 0 0 0 0 0 0 0 0 0 0 0 0 0 0
0 0 0 0 0 0 0.382941940857827 -0.920399603425378 -0.0788672298641652 0.382941940857827 -0.920399603425378 -0.0788672298641652 -0.411237238371074 0.90846019831343 0.0747261791961554 -0.411237238371074 0.90846019831343 0.0747261791961554
0 0 0 0 0 0 0.382941940857827 -0.920399603425378 -0.0788672298641652 0.382941940857827 -0.920399603425378 -0.0788672298641652 -0.411237238371074 0.90846019831343 0.0747261791961554 -0.411237238371074 0.90846019831343 0.0747261791961554
0 0 0 0 0 0 0 0 0 0 0 0 0 0 0 0 0 0
0 0 0 0 0 0 0 0 0 0 0 0 0 0 0 0 0 0
0 0 0 0 0 0 0.36871929779483 -0.920075332974708 -0.132315762799327 0.36871929779483 -0.920075332974708 -0.132315762799327 -0.387726644268971 0.91238483860633 0.131232448751152 -0.387726644268971 0.91238483860633 0.131232448751152
0 0 0 0 0 0 0.36871929779483 -0.920075332974708 -0.132315762799327 0.36871929779483 -0.920075332974708 -0.132315762799327 -0.387726644268971 0.91238483860633 0.131232448751152 -0.387726644268971 0.91238483860633 0.131232448751152
0 0 0 0 0 0 0 0 0 0 0 0 0 0 0 0 0 0
0 0 0 0 0 0 0 0 0 0 0 0 0 0 0 0 0 0
0 0 0 0 0 0 0.344017958173491 -0.919388993514408 -0.190723682479933 0.344017958173491 -0.919388993514408 -0.190723682479933 -0.36388328122416 0.911588111041224 0.191301002229032 -0.36388328122416 0.911588111041224 0.191301002229032
0 0 0 0 0 0 0.344017958173491 -0.919388993514408 -0.190723682479933 0.344017958173491 -0.919388993514408 -0.190723682479933 -0.36388328122416 0.911588111041224 0.191301002229032 -0.36388328122416 0.911588111041224 0.191301002229032
0 0 0 0 0 0 0 0 0 0 0 0 0 0 0 0 0 0
0 0 0 0 0 0 0 0 0 0 0 0 0 0 0 0 0 0
0 0 0 0 0 0 0.318106939422906 -0.913950761262143 -0.251995994173201 0.318106939422906 -0.913950761262143 -0.251995994173201 -0.331695067223776 0.908687252811099 0.253507118160481 -0.331695067223776 0.908687252811099 0.253507118160481
0 0 0 0 0 0 0.318106939422906 -0.913950761262143 -0.251995994173201 0.318106939422906 -0.913950761262143 -0.251995994173201 -0.331695067223776 0.908687252811099 0.253507118160481 -0.331695067223776 0.908687252811099 0.253507118160481
0 0 0 0 0 0 0 0 0 0 0 0 0 0 0 0 0 0
0 0 0 0 0 0 0 0 0 0 0 0 0 0 0 0 0 0
0 0 0 0 0 0 0.280486102105022 -0.907006009391011 -0.314114064401013 0.280486102105022 -0.907006009391011 -0.314114064401013 -0.299162422731045 0.899723705594943 0.317803553183717 -0.299162422731045 0.899723705594943 0.317803553183717
0 0 0 0 0 0 0.280486102105022 -0.907006009391011 -0.314114064401013 0.280486102105022 -0.907006009391011 -0.314114064401013 -0.299162422731045 0.899723705594943 0.317803553183717 -0.299162422731045 0.899723705594943 0.317803553183717
0 0 0 0 0 0 0 0 0 0 0 0 0 0 0 0 0 0
0 0 0 0 0 0 0 0 0 0 0 0 0 0 0 0 0 0
0 0 0 0 0 0 0.230283272151351 -0.897948029249953 -0.375045265712544 0.230283272151351 -0.897948029249953 -0.375045265712544 -0.255023905636935 0.88813102156052 0.382342903812207 -0.255023905636935 0.88813102156052 0.382342903812207
0 0 0 0 0 0 0.230283272151351 -0.897948029249953 -0.375045265712544 0.230283272151351 -0.897948029249953 -0.375045265712544 -0.255023905636935 0.88813102156052 0.382342903812207 -0.255023905636935 0.88813102156052 0.382342903812207
0 0 0 0 0 0 0 0 0 0 0 0 0 0 0 0 0 0
0 0 0 0 0 0 0 0 0 0 0 0 0 0 0 0 0 0
0 0 0 0 0 0 0.166771978390499 -0.886302186990831 -0.432036503734335 0.166771978390499 -0.886302186990831 -0.432036503734335 -0.197350630809712 0.873707880230642 0.444620364515489 -0.197350630809712 0.873707880230642 0.444620364515489
0 0 0 0 0 0 0.166771978390499 -0.886302186990831 -0.432036503734335 0.166771978390499 -0.886302186990831 -0.432036503734335 -0.197350630809712 0.873707880230642 0.444620364515489 -0.197350630809712 0.873707880230642 0.444620364515489
0 0 0 0 0 0 0 0 0 0 0 0 0 0 0 0 0 0
0 0 0 0 0 0 0 0 0 0 0 0 0 0 0 0 0 0
0 0 0 0 0 0 0.089318890887521 -0.871702405216444 -0.481826786792193 0.089318890887521 -0.871702405216444 -0.481826786792193 -0.123986077145716 0.856402847692276 0.501200174719221 -0.123986077145716 0.856402847692276 0.501200174719221
0 0 0 0 0 0 0.089318890887521 -0.871702405216444 -0.481826786792193 0.089318890887521 -0.871702405216444 -0.481826786792193 -0.123986077145716 0.856402847692276 0.501200174719221 -0.123986077145716 0.856402847692276 0.501200174719221
0 0 0 0 0 0 0 0 0 0 0 0 0 0 0 0 0 0
0 0 0 0 0 0 0 0 0 0 0 0 0 0 0 0 0 0
0 0 0 0 0 0 -0.0020288654026895 -0.854034808390555 -0.520211908516602 -0.0020288654026895 -0.854034808390555 -0.520211908516602 -0.0336819941288057 0.836339154225869 0.547176701240345 -0.0336819941288057 0.836339154225869 0.547176701240345
0 0 0 0 0 0 -0.0020288654026895 -0.854034808390555 -0.520211908516602 -0.0020288654026895 -0.854034808390555 -0.520211908516602 -0.0336819941288057 0.836339154225869 0.547176701240345 -0.0336819941288057 0.836339154225869 0.547176701240345
0 0 0 0 0 0 0 0 0 0 0 0 0 0 0 0 0 0
0 0 0 0 0 0 0 0 0 0 0 0 0 0 0 0 0 0
0 0 0 0 0 0 -0.104344890181517 -0.833925130234706 -0.54192344575229 -0.104344890181517 -0.833925130234706 -0.54192344575229 0.0710091367070299 0.814192536155304 0.576236250658631 0.0710091367070299 0.814192536155304 0.576236250658631
0 0 0 0 0 0 -0.104344890181517 -0.833925130234706 -0.54192344575229 -0.104344890181517 -0.833925130234706 -0.54192344575229 0.0710091367070299 0.814192536155304 0.576236250658631 0.0710091367070299 0.814192536155304 0.576236250658631
0 0 0 0 0 0 0 0 0 0 0 0 0 0 0 0 0 0
0 0 0 0 0 0 0 0 0 0 0 0 0 0 0 0 0 0
0 0 0 0 0 0 -0.208428773550914 -0.813099744648206 -0.543531279329059 -0.208428773550914 -0.813099744648206 -0.543531279329059 0.180338800499791 0.791769898462242 0.583590905449518 0.180338800499791 0.791769898462242 0.583590905449518
0 0 0 0 0 0 -0.208428773550914 -0.813099744648206 -0.543531279329059 -0.208428773550914 -0.813099744648206 -0.543531279329059 0.180338800499791 0.791769898462242 0.583590905449518 0.180338800499791 0.791769898462242 0.583590905449518
0 0 0 0 0 0 0 0 0 0 0 0 0 0 0 0 0 0
0 0 0 0 0 0 0 0 0 0 0 0 0 0 0 0 0 0
0 0 0 0 0 0 -0.301188795086961 -0.793664008025125 -0.528566695961408 -0.301188795086961 -0.793664008025125 -0.528566695961408 0.279955174870186 0.771500819443814 0.571324413674864 0.279955174870186 0.771500819443814 0.571324413674864
0 0 0 0 0 0 -0.301188795086961 -0.793664008025125 -0.528566695961408 -0.301188795086961 -0.793664008025125 -0.528566695961408 0.279955174870186 0.771500819443814 0.571324413674864 0.279955174870186 0.771500819443814 0.571324413674864
0 0 0 0 0 0 0 0 0 0 0 0 0 0 0 0 0 0
0 0 0 0 0 0 0 0 0 0 0 0 0 0 0 0 0 0
0 0 0 0 0 0 -0.283098930882596 -0.617421130630077 -0.733925161569358 -0.283098930882596 -0.617421130630077 -0.733925161569358 0.367643677503031 0.748748169119932 0.55155625790267 0.367643677503031 0.748748169119932 0.55155625790267
0 0 0 0 0 0 -0.283098930882596 -0.617421130630077 -0.733925161569358 -0.283098930882596 -0.617421130630077 -0.733925161569358 0.367643677503031 0.748748169119932 0.55155625790267 0.367643677503031 0.748748169119932 0.55155625790267
0 0 0 0 0 0 0 0 0 0 0 0 0 0 0 0 0 0
0 0 0 0 0 0 0 0 0 0 0 0 0 0 0 0 0 0
