0 0 0 0 0 0 0.874454661142445 -0.473879511275437 0.103765381508503 -0.705842211375043 0.693021922332259 -0.146653973038883 -0.705842211375043 0.693021922332259 -0.146653973038883 0.874454661142445 -0.473879511275437 0.103765381508503
0 0 0 0 0 0 0.874454661142445 -0.473879511275437 0.103765381508503 -0.705842211375043 0.693021922332259 -0.146653973038883 -0.705842211375043 0.693021922332259 -0.146653973038883 0.874454661142445 -0.473879511275437 0.103765381508503
0 0 0 0 0 0 0 0 0 0 0 0 0 0 0 0 0 0
0 0 0 0 0 0 0 0 0 0 0 0 0 0 0 0 0 0
0 0 0 0 0 0 0.873758028560904 -0.483583619165721 0.0519017417814268 -0.828960349850116 0.556113565177557 -0.059686187697655 -0.828960349850116 0.556113565177557 -0.059686187697655 0.873758028560904 -0.483583619165721 0.0519017417814268
0 0 0 0 0 0 0.873758028560904 -0.483583619165721 0.0519017417814268 -0.828960349850116 0.556113565177557 -0.059686187697655 -0.828960349850116 0.556113565177557 -0.059686187697655 0.873758028560904 -0.483583619165721 0.0519017417814268
0 0 0 0 0 0 0 0 0 0 0 0 0 0 0 0 0 0
0 0 0 0 0 0 0 0 0 0 0 0 0 0 0 0 0 0
0 0 0 0 0 0 0.873755420142834 -0.48636556803604 0 -0.827888626199589 0.560892523224689 0 -0.827888626199589 0.560892523224689 0 0.873755420142834 -0.48636556803604 0
0 0 0 0 0 0 0.873755420142834 -0.48636556803604 0 -0.827888626199589 0.560892523224689 0 -0.827888626199589 0.560892523224689 0 0.873755420142834 -0.48636556803604 0
0 0 0 0 0 0 0 0 0 0 0 0 0 0 0 0 0 0
0 0 0 0 0 0 0 0 0 0 0 0 0 0 0 0 0 0
0 0 0 0 0 0 0.869981383817998 -0.490247346132914 -0.0528198013983126 -0.827876428621804 0.55769032462942 0.0600176702908327 -0.827876428621804 0.55769032462942 0.0600176702908327 0.869981383817998 -0.490247346132914 -0.0528198013983126
0 0 0 0 0 0 0.869981383817998 -0.490247346132914 -0.0528198013983126 -0.827876428621804 0.55769032462942 0.0600176702908327 -0.827876428621804 0.55769032462942 0.0600176702908327 0.869981383817998 -0.490247346132914 -0.0528198013983126
0 0 0 0 0 0 0 0 0 0 0 0 0 0 0 0 0 0
0 0 0 0 0 0 0 0 0 0 0 0 0 0 0 0 0 0
0 0 0 0 0 0 0.767069677429852 -0.627452441975889 -0.133819068245735 -0.823357006207071 0.554788806296158 0.119551749206 -0.823357006207071 0.554788806296158 0.119551749206 0.767069677429852 -0.627452441975889 -0.133819068245735
0 0 0 0 0 0 0.767069677429852 -0.627452441975889 -0.133819068245735 -0.823357006207071 0.554788806296158 0.119551749206 -0.823357006207071 0.554788806296158 0.119551749206 0.767069677429852 -0.627452441975889 -0.133819068245735
0 0 0 0 0 0 0 0 0 0 0 0 0 0 0 0 0 0
0 0 0 0 0 0 0 0 0 0 0 0 0 0 0 0 0 0
0 0 0 0 0 0 0.869637705549233 0.482342234978184 0.105243666998615 0.869637705549233 0.482342234978184 0.105243666998615 -0.625516291405196 -0.76357852828789 -0.160241069406037 -0.625516291405196 -0.76357852828789 -0.160241069406037
0 0 0 0 0 0 0.869637705549233 0.482342234978184 0.105243666998615 0.869637705549233 0.482342234978184 0.105243666998615 -0.625516291405196 -0.76357852828789 -0.160241069406037 -0.625516291405196 -0.76357852828789 -0.160241069406037
0 0 0 0 0 0 0 0 0 0 0 0 0 0 0 0 0 0
0 0 0 0 0 0 0 0 0 0 0 0 0 0 0 0 0 0
0 0 0 0 0 0 0.873413299587669 0.484176943886101 0.0521717846397364 0.873413299587669 0.484176943886101 0.0521717846397364 -0.770504879596666 -0.633782242727141 -0.0681344209741431 -0.770504879596666 -0.633782242727141 -0.0681344209741431
0 0 0 0 0 0 0.873413299587669 0.484176943886101 0.0521717846397364 0.873413299587669 0.484176943886101 0.0521717846397364 -0.770504879596666 -0.633782242727141 -0.0681344209741431 -0.770504879596666 -0.633782242727141 -0.0681344209741431
0 0 0 0 0 0 0 0 0 0 0 0 0 0 0 0 0 0
0 0 0 0 0 0 0 0 0 0 0 0 0 0 0 0 0 0
0 0 0 0 0 0 0.873398551441905 0.48700612967311 0 0.873398551441905 0.48700612967311 0 -0.775261375297103 -0.631640562323577 0 -0.775261375297103 -0.631640562323577 0
0 0 0 0 0 0 0.873398551441905 0.48700612967311 0 0.873398551441905 0.48700612967311 0 -0.775261375297103 -0.631640562323577 0 -0.775261375297103 -0.631640562323577 0
0 0 0 0 0 0 0 0 0 0 0 0 0 0 0 0 0 0
0 0 0 0 0 0 0 0 0 0 0 0 0 0 0 0 0 0
0 0 0 0 0 0 0.874386201381541 0.482459827953925 -0.0517811282633722 0.874386201381541 0.482459827953925 -0.0517811282633722 -0.775277098959515 -0.628014520904204 0.0674031257612129 -0.775277098959515 -0.628014520904204 0.0674031257612129
0 0 0 0 0 0 0.874386201381541 0.482459827953925 -0.0517811282633722 0.874386201381541 0.482459827953925 -0.0517811282633722 -0.775277098959515 -0.628014520904204 0.0674031257612129 -0.775277098959515 -0.628014520904204 0.0674031257612129
0 0 0 0 0 0 0 0 0 0 0 0 0 0 0 0 0 0
0 0 0 0 0 0 0 0 0 0 0 0 0 0 0 0 0 0
0 0 0 0 0 0 0.755841143578591 0.640382159748845 -0.136436267719448 0.755841143578591 0.640382159748845 -0.136436267719448 -0.776542275281413 -0.616144715308499 0.131710988524781 -0.776542275281413 -0.616144715308499 0.131710988524781
0 0 0 0 0 0 0.755841143578591 0.640382159748845 -0.136436267719448 0.755841143578591 0.640382159748845 -0.136436267719448 -0.776542275281413 -0.616144715308499 0.131710988524781 -0.776542275281413 -0.616144715308499 0.131710988524781
0 0 0 0 0 0 0 0 0 0 0 0 0 0 0 0 0 0
0 0 0 0 0 0 0 0 0 0 0 0 0 0 0 0 0 0
0 0 0 0 0 0 0.874454661144215 -0.473879511272451 0.103765381507224 -0.638866816006585 0.752879430984689 -0.158182659624179 -0.638866816006585 0.752879430984689 -0.158182659624179 0.874454661144215 -0.473879511272451 0.103765381507224
0 0 0 0 0 0 0.874454661144215 -0.473879511272451 0.103765381507224 -0.638866816006585 0.752879430984689 -0.158182659624179 -0.638866816006585 0.752879430984689 -0.158182659624179 0.874454661144215 -0.473879511272451 0.103765381507224
0 0 0 0 0 0 0 0 0 0 0 0 0 0 0 0 0 0
0 0 0 0 0 0 0 0 0 0 0 0 0 0 0 0 0 0
0 0 0 0 0 0 0.873758028560904 -0.483583619165721 0.0519017417814268 -0.776985008999335 0.625924360740267 -0.0671787944383577 -0.776985008999335 0.625924360740267 -0.0671787944383577 0.873758028560904 -0.483583619165721 0.0519017417814268
0 0 0 0 0 0 0.873758028560904 -0.483583619165721 0.0519017417814268 -0.776985008999335 0.625924360740267 -0.0671787944383577 -0.776985008999335 0.625924360740267 -0.0671787944383577 0.873758028560904 -0.483583619165721 0.0519017417814268
0 0 0 0 0 0 0 0 0 0 0 0 0 0 0 0 0 0
0 0 0 0 0 0 0 0 0 0 0 0 0 0 0 0 0 0
0 0 0 0 0 0 0.873755420141112 -0.486365568039134 0 -0.775752015867135 0.631037883076821 0 -0.775752015867135 0.631037883076821 0 0.873755420141112 -0.486365568039134 0
0 0 0 0 0 0 0.873755420141112 -0.486365568039134 0 -0.775752015867135 0.631037883076821 0 -0.775752015867135 0.631037883076821 0 0.873755420141112 -0.486365568039134 0
0 0 0 0 0 0 0 0 0 0 0 0 0 0 0 0 0 0
0 0 0 0 0 0 0 0 0 0 0 0 0 0 0 0 0 0
0 0 0 0 0 0 0.869981383817998 -0.490247346132914 -0.0528198013983126 -0.775738722413338 0.627438336077974 0.0674579051574109 -0.775738722413338 0.627438336077974 0.0674579051574109 0.869981383817998 -0.490247346132914 -0.0528198013983126
0 0 0 0 0 0 0.869981383817998 -0.490247346132914 -0.0528198013983126 -0.775738722413338 0.627438336077974 0.0674579051574109 -0.775738722413338 0.627438336077974 0.0674579051574109 0.869981383817998 -0.490247346132914 -0.0528198013983126
0 0 0 0 0 0 0 0 0 0 0 0 0 0 0 0 0 0
0 0 0 0 0 0 0 0 0 0 0 0 0 0 0 0 0 0
0 0 0 0 0 0 0.767069677429852 -0.627452441975889 -0.133819068245735 -0.770674088349713 0.62319825887072 0.132986389103706 -0.770674088349713 0.62319825887072 0.132986389103706 0.767069677429852 -0.627452441975889 -0.133819068245735
0 0 0 0 0 0 0.767069677429852 -0.627452441975889 -0.133819068245735 -0.770674088349713 0.62319825887072 0.132986389103706 -0.770674088349713 0.62319825887072 0.132986389103706 0.767069677429852 -0.627452441975889 -0.133819068245735
0 0 0 0 0 0 0 0 0 0 0 0 0 0 0 0 0 0
0 0 0 0 0 0 0 0 0 0 0 0 0 0 0 0 0 0
0 0 0 0 0 0 0.82320190601612 0.55500955273534 0.119595226927936 0.82320190601612 0.55500955273534 0.119595226927936 -0.625516291405196 -0.76357852828789 -0.160241069406037 -0.625516291405196 -0.76357852828789 -0.160241069406037
0 0 0 0 0 0 0.82320190601612 0.55500955273534 0.119595226927936 0.82320190601612 0.55500955273534 0.119595226927936 -0.625516291405196 -0.76357852828789 -0.160241069406037 -0.625516291405196 -0.76357852828789 -0.160241069406037
0 0 0 0 0 0 0 0 0 0 0 0 0 0 0 0 0 0
0 0 0 0 0 0 0 0 0 0 0 0 0 0 0 0 0 0
0 0 0 0 0 0 0.82751211839461 0.558224620309342 0.0600746801119724 0.82751211839461 0.558224620309342 0.0600746801119724 -0.770504879596666 -0.633782242727141 -0.0681344209741431 -0.770504879596666 -0.633782242727141 -0.0681344209741431
0 0 0 0 0 0 0.82751211839461 0.558224620309342 0.0600746801119724 0.82751211839461 0.558224620309342 0.0600746801119724 -0.770504879596666 -0.633782242727141 -0.0681344209741431 -0.770504879596666 -0.633782242727141 -0.0681344209741431
0 0 0 0 0 0 0 0 0 0 0 0 0 0 0 0 0 0
0 0 0 0 0 0 0 0 0 0 0 0 0 0 0 0 0 0
0 0 0 0 0 0 0.827493579298802 0.561475178631484 0 0.827493579298802 0.561475178631484 0 -0.775261375297103 -0.631640562323577 0 -0.775261375297103 -0.631640562323577 0
0 0 0 0 0 0 0.827493579298802 0.561475178631484 0 0.827493579298802 0.561475178631484 0 -0.775261375297103 -0.631640562323577 0 -0.775261375297103 -0.631640562323577 0
0 0 0 0 0 0 0 0 0 0 0 0 0 0 0 0 0 0
0 0 0 0 0 0 0 0 0 0 0 0 0 0 0 0 0 0
0 0 0 0 0 0 0.828658508654733 0.556558116640439 -0.0597339002222395 0.828658508654733 0.556558116640439 -0.0597339002222395 -0.775277098959515 -0.628014520904204 0.0674031257612129 -0.775277098959515 -0.628014520904204 0.0674031257612129
0 0 0 0 0 0 0.828658508654733 0.556558116640439 -0.0597339002222395 0.828658508654733 0.556558116640439 -0.0597339002222395 -0.775277098959515 -0.628014520904204 0.0674031257612129 -0.775277098959515 -0.628014520904204 0.0674031257612129
0 0 0 0 0 0 0 0 0 0 0 0 0 0 0 0 0 0
0 0 0 0 0 0 0 0 0 0 0 0 0 0 0 0 0 0
0 0 0 0 0 0 0.693342877147864 0.705040049682332 -0.148977122580136 0.693342877147864 0.705040049682332 -0.148977122580136 -0.776542275281413 -0.616144715308499 0.131710988524781 -0.776542275281413 -0.616144715308499 0.131710988524781
0 0 0 0 0 0 0.693342877147864 0.705040049682332 -0.148977122580136 0.693342877147864 0.705040049682332 -0.148977122580136 -0.776542275281413 -0.616144715308499 0.131710988524781 -0.776542275281413 -0.616144715308499 0.131710988524781
0 0 0 0 0 0 0 0 0 0 0 0 0 0 0 0 0 0
0 0 0 0 0 0 0 0 0 0 0 0 0 0 0 0 0 0
