0
0 2 4 2
1 2 5 2
0 3 36 3
1 3 37 3
4 6 8 6
5 6 9 6
4 7 32 7
5 7 33 7
8 10 12 10
9 10 13 10
8 11 28 11
9 11 29 11
12 14 16 14
13 14 17 14
12 15 24 15
13 15 25 15
16 19 20 19
17 19 21 19
20 22 56 22
21 22 57 22
20 23 24 23
21 23 25 23
24 26 52 26
25 26 53 26
24 27 28 27
25 27 29 27
28 30 48 30
29 30 49 30
28 31 32 31
29 31 33 31
32 34 44 34
33 34 45 34
32 35 36 35
33 35 37 35
36 38 40 38
37 38 41 38
40 42 44 42
41 42 45 42
40 43 76 43
41 43 77 43
44 46 48 46
45 46 49 46
44 47 72 47
45 47 73 47
48 50 52 50
49 50 53 50
48 51 68 51
49 51 69 51
52 54 56 54
53 54 57 54
52 55 64 55
53 55 65 55
56 59 60 59
57 59 61 59
60 63 64 63
61 63 65 63
64 67 68 67
65 67 69 67
68 71 72 71
69 71 73 71
72 75 76 75
73 75 77 75
