0 2
0 3
1 2
1 3
2 3
4 2
5 2
180 3
181 3
4 6
4 7
5 6
5 7
6 7
8 6
9 6
176 7
177 7
8 10
8 11
9 10
9 11
10 11
12 10
13 10
172 11
173 11
12 14
12 15
13 14
13 15
14 15
16 14
17 14
168 15
169 15
16 18
16 19
17 18
17 19
18 19
20 18
21 18
164 19
165 19
20 22
20 23
21 22
21 23
22 23
24 22
25 22
160 23
161 23
24 26
24 27
25 26
25 27
26 27
28 26
29 26
156 27
157 27
28 30
28 31
29 30
29 31
30 31
32 30
33 30
152 31
153 31
32 34
32 35
33 34
33 35
34 35
36 34
37 34
148 35
149 35
36 38
36 39
37 38
37 39
38 39
40 38
41 38
144 39
145 39
40 42
40 43
41 42
41 43
42 43
44 42
45 42
140 43
141 43
44 46
44 47
45 46
45 47
46 47
48 46
49 46
136 47
137 47
48 50
48 51
49 50
49 51
50 51
52 50
53 50
132 51
133 51
52 54
52 55
53 54
53 55
54 55
56 54
57 54
128 55
129 55
56 58
56 59
57 58
57 59
58 59
60 58
61 58
124 59
125 59
60 62
60 63
61 62
61 63
62 63
64 62
65 62
120 63
121 63
64 66
64 67
65 66
65 67
66 67
68 66
69 66
116 67
117 67
68 70
68 71
69 70
69 71
70 71
72 70
73 70
112 71
113 71
72 74
72 75
73 74
73 75
74 75
76 74
77 74
108 75
109 75
76 78
76 79
77 78
77 79
78 79
80 78
81 78
104 79
105 79
80 82
80 83
81 82
81 83
82 83
84 82
85 82
100 83
101 83
84 86
84 87
85 86
85 87
86 87
88 86
89 86
96 87
97 87
88 90
88 91
89 90
89 91
90 91
92 91
93 91
92 94
92 95
93 94
93 95
94 95
272 94
273 94
96 95
97 95
96 98
96 99
97 98
97 99
98 99
268 98
269 98
100 99
101 99
100 102
100 103
101 102
101 103
102 103
264 102
265 102
104 103
105 103
104 106
104 107
105 106
105 107
106 107
260 106
261 106
108 107
109 107
108 110
108 111
109 110
109 111
110 111
256 110
257 110
112 111
113 111
112 114
112 115
113 114
113 115
114 115
252 114
253 114
116 115
117 115
116 118
116 119
117 118
117 119
118 119
248 118
249 118
120 119
121 119
120 122
120 123
121 122
121 123
122 123
244 122
245 122
124 123
125 123
124 126
124 127
125 126
125 127
126 127
240 126
241 126
128 127
129 127
128 130
128 131
129 130
129 131
130 131
236 130
237 130
132 131
133 131
132 134
132 135
133 134
133 135
134 135
232 134
233 134
136 135
137 135
136 138
136 139
137 138
137 139
138 139
228 138
229 138
140 139
141 139
140 142
140 143
141 142
141 143
142 143
224 142
225 142
144 143
145 143
144 146
144 147
145 146
145 147
146 147
220 146
221 146
148 147
149 147
148 150
148 151
149 150
149 151
150 151
216 150
217 150
152 151
153 151
152 154
152 155
153 154
153 155
154 155
212 154
213 154
156 155
157 155
156 158
156 159
157 158
157 159
158 159
208 158
209 158
160 159
161 159
160 162
160 163
161 162
161 163
162 163
204 162
205 162
164 163
165 163
164 166
164 167
165 166
165 167
166 167
200 166
201 166
168 167
169 167
168 170
168 171
169 170
169 171
170 171
196 170
197 170
172 171
173 171
172 174
172 175
173 174
173 175
174 175
192 174
193 174
176 175
177 175
176 178
176 179
177 178
177 179
178 179
188 178
189 178
180 179
181 179
180 182
180 183
181 182
181 183
182 183
184 182
185 182
184 186
184 187
185 186
185 187
186 187
188 186
189 186
364 187
365 187
188 190
188 191
189 190
189 191
190 191
192 190
193 190
360 191
361 191
192 194
192 195
193 194
193 195
194 195
196 194
197 194
356 195
357 195
196 198
196 199
197 198
197 199
198 199
200 198
201 198
352 199
353 199
200 202
200 203
201 202
201 203
202 203
204 202
205 202
348 203
349 203
204 206
204 207
205 206
205 207
206 207
208 206
209 206
344 207
345 207
208 210
208 211
209 210
209 211
210 211
212 210
213 210
340 211
341 211
212 214
212 215
213 214
213 215
214 215
216 214
217 214
336 215
337 215
216 218
216 219
217 218
217 219
218 219
220 218
221 218
332 219
333 219
220 222
220 223
221 222
221 223
222 223
224 222
225 222
328 223
329 223
224 226
224 227
225 226
225 227
226 227
228 226
229 226
324 227
325 227
228 230
228 231
229 230
229 231
230 231
232 230
233 230
320 231
321 231
232 234
232 235
233 234
233 235
234 235
236 234
237 234
316 235
317 235
236 238
236 239
237 238
237 239
238 239
240 238
241 238
312 239
313 239
240 242
240 243
241 242
241 243
242 243
244 242
245 242
308 243
309 243
244 246
244 247
245 246
245 247
246 247
248 246
249 246
304 247
305 247
248 250
248 251
249 250
249 251
250 251
252 250
253 250
300 251
301 251
252 254
252 255
253 254
253 255
254 255
256 254
257 254
296 255
297 255
256 258
256 259
257 258
257 259
258 259
260 258
261 258
292 259
293 259
260 262
260 263
261 262
261 263
262 263
264 262
265 262
288 263
289 263
264 266
264 267
265 266
265 267
266 267
268 266
269 266
284 267
285 267
268 270
268 271
269 270
269 271
270 271
272 270
273 270
280 271
281 271
272 274
272 275
273 274
273 275
274 275
276 275
277 275
276 278
276 279
277 278
277 279
278 279
456 278
457 278
280 279
281 279
280 282
280 283
281 282
281 283
282 283
452 282
453 282
284 283
285 283
284 286
284 287
285 286
285 287
286 287
448 286
449 286
288 287
289 287
288 290
288 291
289 290
289 291
290 291
444 290
445 290
292 291
293 291
292 294
292 295
293 294
293 295
294 295
440 294
441 294
296 295
297 295
296 298
296 299
297 298
297 299
298 299
436 298
437 298
300 299
301 299
300 302
300 303
301 302
301 303
302 303
432 302
433 302
304 303
305 303
304 306
304 307
305 306
305 307
306 307
428 306
429 306
308 307
309 307
308 310
308 311
309 310
309 311
310 311
424 310
425 310
312 311
313 311
312 314
312 315
313 314
313 315
314 315
420 314
421 314
316 315
317 315
316 318
316 319
317 318
317 319
318 319
416 318
417 318
320 319
321 319
320 322
320 323
321 322
321 323
322 323
412 322
413 322
324 323
325 323
324 326
324 327
325 326
325 327
326 327
408 326
409 326
328 327
329 327
328 330
328 331
329 330
329 331
330 331
404 330
405 330
332 331
333 331
332 334
332 335
333 334
333 335
334 335
400 334
401 334
336 335
337 335
336 338
336 339
337 338
337 339
338 339
396 338
397 338
340 339
341 339
340 342
340 343
341 342
341 343
342 343
392 342
393 342
344 343
345 343
344 346
344 347
345 346
345 347
346 347
388 346
389 346
348 347
349 347
348 350
348 351
349 350
349 351
350 351
384 350
385 350
352 351
353 351
352 354
352 355
353 354
353 355
354 355
380 354
381 354
356 355
357 355
356 358
356 359
357 358
357 359
358 359
376 358
377 358
360 359
361 359
360 362
360 363
361 362
361 363
362 363
372 362
373 362
364 363
365 363
364 366
364 367
365 366
365 367
366 367
368 366
369 366
368 370
368 371
369 370
369 371
370 371
372 370
373 370
548 371
549 371
372 374
372 375
373 374
373 375
374 375
376 374
377 374
544 375
545 375
376 378
376 379
377 378
377 379
378 379
380 378
381 378
540 379
541 379
380 382
380 383
381 382
381 383
382 383
384 382
385 382
536 383
537 383
384 386
384 387
385 386
385 387
386 387
388 386
389 386
532 387
533 387
388 390
388 391
389 390
389 391
390 391
392 390
393 390
528 391
529 391
392 394
392 395
393 394
393 395
394 395
396 394
397 394
524 395
525 395
396 398
396 399
397 398
397 399
398 399
400 398
401 398
520 399
521 399
400 402
400 403
401 402
401 403
402 403
404 402
405 402
516 403
517 403
404 406
404 407
405 406
405 407
406 407
408 406
409 406
512 407
513 407
408 410
408 411
409 410
409 411
410 411
412 410
413 410
508 411
509 411
412 414
412 415
413 414
413 415
414 415
416 414
417 414
504 415
505 415
416 418
416 419
417 418
417 419
418 419
420 418
421 418
500 419
501 419
420 422
420 423
421 422
421 423
422 423
424 422
425 422
496 423
497 423
424 426
424 427
425 426
425 427
426 427
428 426
429 426
492 427
493 427
428 430
428 431
429 430
429 431
430 431
432 430
433 430
488 431
489 431
432 434
432 435
433 434
433 435
434 435
436 434
437 434
484 435
485 435
436 438
436 439
437 438
437 439
438 439
440 438
441 438
480 439
481 439
440 442
440 443
441 442
441 443
442 443
444 442
445 442
476 443
477 443
444 446
444 447
445 446
445 447
446 447
448 446
449 446
472 447
473 447
448 450
448 451
449 450
449 451
450 451
452 450
453 450
468 451
469 451
452 454
452 455
453 454
453 455
454 455
456 454
457 454
464 455
465 455
456 458
456 459
457 458
457 459
458 459
460 459
461 459
460 462
460 463
461 462
461 463
462 463
640 462
641 462
464 463
465 463
464 466
464 467
465 466
465 467
466 467
636 466
637 466
468 467
469 467
468 470
468 471
469 470
469 471
470 471
632 470
633 470
472 471
473 471
472 474
472 475
473 474
473 475
474 475
628 474
629 474
476 475
477 475
476 478
476 479
477 478
477 479
478 479
624 478
625 478
480 479
481 479
480 482
480 483
481 482
481 483
482 483
620 482
621 482
484 483
485 483
484 486
484 487
485 486
485 487
486 487
616 486
617 486
488 487
489 487
488 490
488 491
489 490
489 491
490 491
612 490
613 490
492 491
493 491
492 494
492 495
493 494
493 495
494 495
608 494
609 494
496 495
497 495
496 498
496 499
497 498
497 499
498 499
604 498
605 498
500 499
501 499
500 502
500 503
501 502
501 503
502 503
600 502
601 502
504 503
505 503
504 506
504 507
505 506
505 507
506 507
596 506
597 506
508 507
509 507
508 510
508 511
509 510
509 511
510 511
592 510
593 510
512 511
513 511
512 514
512 515
513 514
513 515
514 515
588 514
589 514
516 515
517 515
516 518
516 519
517 518
517 519
518 519
584 518
585 518
520 519
521 519
520 522
520 523
521 522
521 523
522 523
580 522
581 522
524 523
525 523
524 526
524 527
525 526
525 527
526 527
576 526
577 526
528 527
529 527
528 530
528 531
529 530
529 531
530 531
572 530
573 530
532 531
533 531
532 534
532 535
533 534
533 535
534 535
568 534
569 534
536 535
537 535
536 538
536 539
537 538
537 539
538 539
564 538
565 538
540 539
541 539
540 542
540 543
541 542
541 543
542 543
560 542
561 542
544 543
545 543
544 546
544 547
545 546
545 547
546 547
556 546
557 546
548 547
549 547
548 550
548 551
549 550
549 551
550 551
552 550
553 550
552 554
552 555
553 554
553 555
554 555
556 554
557 554
732 555
733 555
556 558
556 559
557 558
557 559
558 559
560 558
561 558
728 559
729 559
560 562
560 563
561 562
561 563
562 563
564 562
565 562
724 563
725 563
564 566
564 567
565 566
565 567
566 567
568 566
569 566
720 567
721 567
568 570
568 571
569 570
569 571
570 571
572 570
573 570
716 571
717 571
572 574
572 575
573 574
573 575
574 575
576 574
577 574
712 575
713 575
576 578
576 579
577 578
577 579
578 579
580 578
581 578
708 579
709 579
580 582
580 583
581 582
581 583
582 583
584 582
585 582
704 583
705 583
584 586
584 587
585 586
585 587
586 587
588 586
589 586
700 587
701 587
588 590
588 591
589 590
589 591
590 591
592 590
593 590
696 591
697 591
592 594
592 595
593 594
593 595
594 595
596 594
597 594
692 595
693 595
596 598
596 599
597 598
597 599
598 599
600 598
601 598
688 599
689 599
600 602
600 603
601 602
601 603
602 603
604 602
605 602
684 603
685 603
604 606
604 607
605 606
605 607
606 607
608 606
609 606
680 607
681 607
608 610
608 611
609 610
609 611
610 611
612 610
613 610
676 611
677 611
612 614
612 615
613 614
613 615
614 615
616 614
617 614
672 615
673 615
616 618
616 619
617 618
617 619
618 619
620 618
621 618
668 619
669 619
620 622
620 623
621 622
621 623
622 623
624 622
625 622
664 623
665 623
624 626
624 627
625 626
625 627
626 627
628 626
629 626
660 627
661 627
628 630
628 631
629 630
629 631
630 631
632 630
633 630
656 631
657 631
632 634
632 635
633 634
633 635
634 635
636 634
637 634
652 635
653 635
636 638
636 639
637 638
637 639
638 639
640 638
641 638
648 639
649 639
640 642
640 643
641 642
641 643
642 643
644 643
645 643
644 646
644 647
645 646
645 647
646 647
648 647
649 647
648 650
648 651
649 650
649 651
650 651
652 651
653 651
652 654
652 655
653 654
653 655
654 655
656 655
657 655
656 658
656 659
657 658
657 659
658 659
660 659
661 659
660 662
660 663
661 662
661 663
662 663
664 663
665 663
664 666
664 667
665 666
665 667
666 667
668 667
669 667
668 670
668 671
669 670
669 671
670 671
672 671
673 671
672 674
672 675
673 674
673 675
674 675
676 675
677 675
676 678
676 679
677 678
677 679
678 679
680 679
681 679
680 682
680 683
681 682
681 683
682 683
684 683
685 683
684 686
684 687
685 686
685 687
686 687
688 687
689 687
688 690
688 691
689 690
689 691
690 691
692 691
693 691
692 694
692 695
693 694
693 695
694 695
696 695
697 695
696 698
696 699
697 698
697 699
698 699
700 699
701 699
700 702
700 703
701 702
701 703
702 703
704 703
705 703
704 706
704 707
705 706
705 707
706 707
708 707
709 707
708 710
708 711
709 710
709 711
710 711
712 711
713 711
712 714
712 715
713 714
713 715
714 715
716 715
717 715
716 718
716 719
717 718
717 719
718 719
720 719
721 719
720 722
720 723
721 722
721 723
722 723
724 723
725 723
724 726
724 727
725 726
725 727
726 727
728 727
729 727
728 730
728 731
729 730
729 731
730 731
732 731
733 731
732 734
732 735
733 734
733 735
734 735
