0 2
0 3
1 2
1 3
2 3
4 2
5 2
36 3
37 3
4 6
4 7
5 6
5 7
6 7
8 6
9 6
32 7
33 7
8 10
8 11
9 10
9 11
10 11
12 10
13 10
28 11
29 11
12 14
12 15
13 14
13 15
14 15
16 14
17 14
24 15
25 15
16 18
16 19
17 18
17 19
18 19
20 19
21 19
20 22
20 23
21 22
21 23
22 23
56 22
57 22
24 23
25 23
24 26
24 27
25 26
25 27
26 27
52 26
53 26
28 27
29 27
28 30
28 31
29 30
29 31
30 31
48 30
49 30
32 31
33 31
32 34
32 35
33 34
33 35
34 35
44 34
45 34
36 35
37 35
36 38
36 39
37 38
37 39
38 39
40 38
41 38
40 42
40 43
41 42
41 43
42 43
44 42
45 42
76 43
77 43
44 46
44 47
45 46
45 47
46 47
48 46
49 46
72 47
73 47
48 50
48 51
49 50
49 51
50 51
52 50
53 50
68 51
69 51
52 54
52 55
53 54
53 55
54 55
56 54
57 54
64 55
65 55
56 58
56 59
57 58
57 59
58 59
60 59
61 59
60 62
60 63
61 62
61 63
62 63
64 63
65 63
64 66
64 67
65 66
65 67
66 67
68 67
69 67
68 70
68 71
69 70
69 71
70 71
72 71
73 71
72 74
72 75
73 74
73 75
74 75
76 75
77 75
76 78
76 79
77 78
77 79
78 79
