3 1
2 0
3 5
2 4
9 7
8 6
9 11
8 10
15 13
14 12
15 17
14 16
21 19
20 18
21 23
20 22
27 25
26 24
27 29
26 28
33 31
32 30
33 35
32 34
39 37
38 36
39 41
38 40
45 43
44 42
45 47
44 46
51 49
50 48
51 53
50 52
57 55
56 54
57 59
56 58
63 61
62 60
63 65
62 64
69 67
68 66
69 71
68 70
75 73
74 72
75 77
74 76
81 79
80 78
81 83
80 82
6 12
7 13
18 24
19 25
30 36
31 37
42 48
43 49
54 60
55 61
66 72
67 73
9 15
8 14
21 27
20 26
33 39
32 38
45 51
44 50
57 63
56 62
69 75
68 74
10 16
11 17
22 28
23 29
34 40
35 41
46 52
47 53
58 64
59 65
70 76
71 77
