0 0 0 0 0 0 0 0.934259036 9.956262354 0 0 0 0 0.934259036 9.956262354 0 0 0 0 0.934259036 9.956262354 0 0 0
0 0 0 0 0 0 0 7.071067812 7.071067812 0 0 0 0 0 0 0 0 0 0 0.934259036 9.956262354 0 0 0
0 0 0 0 0 0 0 10 0 0 0 0 0 0.934259036 9.956262354 0 0 0 0 7.071067812 7.071067812 0 0 0
0 0 0 0 0 0 0 7.071067812 7.071067812 0 0 0 0 7.071067812 7.071067812 0 0 0 0 7.071067812 7.071067812 0 0 0
0 0 0 0 0 0 0 10 0 0 0 0 0 10 0 0 0 0 0 10 0 0 0 0
0 0 0 0 0 0 0 7.071067812 -7.071067812 0 0 0 0 7.071067812 7.071067812 0 0 0 0 10 0 0 0 0
0 0 0 0 0 0 0 0.934259036 -9.956262354 0 0 0 0 10 0 0 0 0 0 7.071067812 -7.071067812 0 0 0
0 0 0 0 0 0 0 7.071067812 -7.071067812 0 0 0 0 7.071067812 -7.071067812 0 0 0 0 7.071067812 -7.071067812 0 0 0
0 0 0 0 0 0 0 0.934259036 -9.956262354 0 0 0 0 0.934259036 -9.956262354 0 0 0 0 0.934259036 -9.956262354 0 0 0
0 0 0 0 0 0 0 0 0 0 0 0 0 7.071067812 -7.071067812 0 0 0 0 0.934259036 -9.956262354 0 0 0
0 0 0 0 0 0 0 0.934259036 9.956262354 0 0 0 0 0.934259036 9.956262354 0 0 0 0 0.934259036 9.956262354 0 0 0
0 0 0 0 0 0 0 7.071067812 7.071067812 0 0 0 0 0 0 0 0 0 0 0.934259036 9.956262354 0 0 0
0 0 0 0 0 0 0 10 0 0 0 0 0 0.934259036 9.956262354 0 0 0 0 0 0 0 0 0
0 0 0 0 0 0 0 7.071067812 7.071067812 0 0 0 0 7.071067812 7.071067812 0 0 0 0 7.071067812 7.071067812 0 0 0
0 0 0 0 0 0 0 10 0 0 0 0 0 10 0 0 0 0 0 10 0 0 0 0
0 0 0 0 0 0 0 7.071067812 -7.071067812 0 0 0 0 7.071067812 7.071067812 0 0 0 0 10 0 0 0 0
0 0 0 0 0 0 0 0.934259036 -9.956262354 0 0 0 0 10 0 0 0 0 0 0 0 0 0 0
0 0 0 0 0 0 0 7.071067812 -7.071067812 0 0 0 0 7.071067812 -7.071067812 0 0 0 0 7.071067812 -7.071067812 0 0 0
0 0 0 0 0 0 0 0.934259036 -9.956262354 0 0 0 0 0.934259036 -9.956262354 0 0 0 0 0.934259036 -9.956262354 0 0 0
0 0 0 0 0 0 0 0 0 0 0 0 0 7.071067812 -7.071067812 0 0 0 0 0.934259036 -9.956262354 0 0 0
