0 0 0 0 0 0 0 0 0 0 133.378166 0 0 0 0 0 0 0 0 0 0
0 0 0 0 0 0 0 0 0 0 133.378166 0 0 0 0 0 0 0 0 0 0
0 0 0 0 0 0 0 133.378166 0 0 0 0 0 0 0 0 0 0 0 133.378166 0 0 0 0
0 0 0 0 0 0 0 133.378166 0 0 0 0 0 0 0 0 0 0 0 133.378166 0 0 0 0
0 0 0 0 0 0 0 0 0 0 0 0 0 133.378166 0 0 0 0 0 0 0
0 0 0 0 0 0 0 0 0 0 0 0 0 133.378166 0 0 0 0 0 0 0
0 0 0 0 0 0 0 0 0 0 0 0 0 133.378166 0 0 0 0 0 0 0 0 0 0
0 0 0 0 0 0 0 0 0 0 0 0 0 133.378166 0 0 0 0 0 0 0 0 0 0
0 0 0 0 0 0 0 0 0 0 0 0 0 0 0 0 133.378166 0 0 0 0 0 0 0 0 0 0 0 133.378166 0
0 0 0 0 0 0 0 0 0 0 0 0 0 0 0 0 133.378166 0 0 0 0 0 0 0 0 0 0 0 133.378166 0
0 0 0 0 0 0 0 0 0 0 0 0 0 133.378166 0 0 0 0 0 0 0 0 0 0
0 0 0 0 0 0 0 0 0 0 0 0 0 133.378166 0 0 0 0 0 0 0 0 0 0
0 0 0 0 0 0 0 0 0 0 0 0 0 133.378166 0 0 0 0 0 0 0 0 0 0
0 0 0 0 0 0 0 0 0 0 0 0 0 133.378166 0 0 0 0 0 0 0 0 0 0
0 0 0 0 0 0 0 0 0 0 0 0 0 0 0 0 133.378166 0 0 0 0 0 0 0 0 0 0 0 133.378166 0
0 0 0 0 0 0 0 0 0 0 0 0 0 0 0 0 133.378166 0 0 0 0 0 0 0 0 0 0 0 133.378166 0
0 0 0 0 0 0 0 0 0 0 0 0 0 133.378166 0 0 0 0 0 0 0 0 0 0
0 0 0 0 0 0 0 0 0 0 0 0 0 133.378166 0 0 0 0 0 0 0 0 0 0
0 0 0 0 0 0 0 0 0 0 0 0 0 133.378166 0 0 0 0 0 0 0 0 0 0
0 0 0 0 0 0 0 0 0 0 0 0 0 133.378166 0 0 0 0 0 0 0 0 0 0
0 0 0 0 0 0 0 0 0 0 0 0 0 0 0 0 133.378166 0 0 0 0 0 0 0 0 0 0 0 133.378166 0
0 0 0 0 0 0 0 0 0 0 0 0 0 0 0 0 133.378166 0 0 0 0 0 0 0 0 0 0 0 133.378166 0
0 0 0 0 0 0 0 0 0 0 0 0 0 133.378166 0 0 0 0 0 0 0 0 0 0
0 0 0 0 0 0 0 0 0 0 0 0 0 133.378166 0 0 0 0 0 0 0 0 0 0
0 0 0 0 0 0 0 0 0 0 0 0 0 133.378166 0 0 0 0 0 0 0 0 0 0
0 0 0 0 0 0 0 0 0 0 0 0 0 133.378166 0 0 0 0 0 0 0 0 0 0
0 0 0 0 0 0 0 0 0 0 0 0 0 0 0 0 133.378166 0 0 0 0 0 0 0 0 0 0 0 133.378166 0
0 0 0 0 0 0 0 0 0 0 0 0 0 0 0 0 133.378166 0 0 0 0 0 0 0 0 0 0 0 133.378166 0
0 0 0 0 0 0 0 0 0 0 0 0 0 133.378166 0 0 0 0 0 0 0 0 0 0
0 0 0 0 0 0 0 0 0 0 0 0 0 133.378166 0 0 0 0 0 0 0 0 0 0
0 0 0 0 0 0 0 0 0 0 0 0 0 133.378166 0 0 0 0 0 0 0 0 0 0
0 0 0 0 0 0 0 0 0 0 0 0 0 133.378166 0 0 0 0 0 0 0 0 0 0
0 0 0 0 0 0 0 0 0 0 0 0 0 0 0 0 133.378166 0 0 0 0 0 0 0 0 0 0 0 133.378166 0
0 0 0 0 0 0 0 0 0 0 0 0 0 0 0 0 133.378166 0 0 0 0 0 0 0 0 0 0 0 133.378166 0
0 0 0 0 0 0 0 0 0 0 0 0 0 133.378166 0 0 0 0 0 0 0 0 0 0
0 0 0 0 0 0 0 0 0 0 0 0 0 133.378166 0 0 0 0 0 0 0 0 0 0
0 0 0 0 0 0 0 0 0 0 0 0 0 133.378166 0 0 0 0 0 0 0 0 0 0
0 0 0 0 0 0 0 0 0 0 0 0 0 133.378166 0 0 0 0 0 0 0 0 0 0
0 0 0 0 0 0 0 0 0 0 0 0 0 0 0 0 133.378166 0 0 0 0 0 0 0 0 0 0 0 133.378166 0
0 0 0 0 0 0 0 0 0 0 0 0 0 0 0 0 133.378166 0 0 0 0 0 0 0 0 0 0 0 133.378166 0
0 0 0 0 0 0 0 0 0 0 0 0 0 133.378166 0 0 0 0 0 0 0 0 0 0
0 0 0 0 0 0 0 0 0 0 0 0 0 133.378166 0 0 0 0 0 0 0 0 0 0
0 0 0 0 0 0 0 0 0 0 0 0 0 133.378166 0 0 0 0 0 0 0 0 0 0
0 0 0 0 0 0 0 0 0 0 0 0 0 133.378166 0 0 0 0 0 0 0 0 0 0
0 0 0 0 0 0 0 0 0 0 0 0 0 0 0 0 133.378166 0 0 0 0 0 0 0 0 0 0 0 133.378166 0
0 0 0 0 0 0 0 0 0 0 0 0 0 0 0 0 133.378166 0 0 0 0 0 0 0 0 0 0 0 133.378166 0
0 0 0 0 0 0 0 0 0 0 0 0 0 133.378166 0 0 0 0 0 0 0 0 0 0
0 0 0 0 0 0 0 0 0 0 0 0 0 133.378166 0 0 0 0 0 0 0 0 0 0
0 0 0 0 0 0 0 0 0 0 0 0 0 133.378166 0 0 0 0 0 0 0 0 0 0
0 0 0 0 0 0 0 0 0 0 0 0 0 133.378166 0 0 0 0 0 0 0 0 0 0
0 0 0 0 0 0 0 0 0 0 0 0 0 0 0 0 133.378166 0 0 0 0 0 0 0 0 0 0 0 133.378166 0
0 0 0 0 0 0 0 0 0 0 0 0 0 0 0 0 133.378166 0 0 0 0 0 0 0 0 0 0 0 133.378166 0
0 0 0 0 0 0 0 0 0 0 0 0 0 133.378166 0 0 0 0 0 0 0 0 0 0
0 0 0 0 0 0 0 0 0 0 0 0 0 133.378166 0 0 0 0 0 0 0 0 0 0
0 0 0 0 0 0 0 0 0 0 0 0 0 133.378166 0 0 0 0 0 0 0 0 0 0
0 0 0 0 0 0 0 0 0 0 0 0 0 133.378166 0 0 0 0 0 0 0 0 0 0
0 0 0 0 0 0 0 0 0 0 0 0 0 0 0 0 133.378166 0 0 0 0 0 0 0 0 0 0 0 133.378166 0
0 0 0 0 0 0 0 0 0 0 0 0 0 0 0 0 133.378166 0 0 0 0 0 0 0 0 0 0 0 133.378166 0
0 0 0 0 0 0 0 0 0 0 0 0 0 133.378166 0 0 0 0 0 0 0 0 0 0
0 0 0 0 0 0 0 0 0 0 0 0 0 133.378166 0 0 0 0 0 0 0 0 0 0
0 0 0 0 0 0 0 0 0 0 0 0 0 133.378166 0 0 0 0 0 0 0 0 0 0
0 0 0 0 0 0 0 0 0 0 0 0 0 133.378166 0 0 0 0 0 0 0 0 0 0
0 0 0 0 0 0 0 0 0 0 0 0 0 0 0 0 133.378166 0 0 0 0 0 0 0 0 0 0 0 133.378166 0
0 0 0 0 0 0 0 0 0 0 0 0 0 0 0 0 133.378166 0 0 0 0 0 0 0 0 0 0 0 133.378166 0
0 0 0 0 0 0 0 0 0 0 0 0 0 133.378166 0 0 0 0 0 0 0 0 0 0
0 0 0 0 0 0 0 0 0 0 0 0 0 133.378166 0 0 0 0 0 0 0 0 0 0
0 0 0 0 0 0 0 0 0 0 0 0 0 133.378166 0 0 0 0 0 0 0 0 0 0
0 0 0 0 0 0 0 0 0 0 0 0 0 133.378166 0 0 0 0 0 0 0 0 0 0
0 0 0 0 0 0 0 0 0 0 0 0 0 0 0 0 133.378166 0 0 0 0 0 0 0 0 0 0 0 133.378166 0
0 0 0 0 0 0 0 0 0 0 0 0 0 0 0 0 133.378166 0 0 0 0 0 0 0 0 0 0 0 133.378166 0
0 0 0 0 0 0 0 0 0 0 0 0 0 133.378166 0 0 0 0 0 0 0 0 0 0
0 0 0 0 0 0 0 0 0 0 0 0 0 133.378166 0 0 0 0 0 0 0 0 0 0
0 0 0 0 0 0 0 0 0 0 0 0 0 133.378166 0 0 0 0 0 0 0 0 0 0
0 0 0 0 0 0 0 0 0 0 0 0 0 133.378166 0 0 0 0 0 0 0 0 0 0
0 0 0 0 0 0 0 0 0 0 0 0 0 0 0 0 133.378166 0 0 0 0 0 0 0 0 0 0 0 133.378166 0
0 0 0 0 0 0 0 0 0 0 0 0 0 0 0 0 133.378166 0 0 0 0 0 0 0 0 0 0 0 133.378166 0
0 0 0 0 0 0 0 0 0 0 0 0 0 133.378166 0 0 0 0 0 0 0 0 0 0
0 0 0 0 0 0 0 0 0 0 0 0 0 133.378166 0 0 0 0 0 0 0 0 0 0
0 0 0 0 0 0 0 0 0 0 0 0 0 133.378166 0 0 0 0 0 0 0
0 0 0 0 0 0 0 0 0 0 0 0 0 133.378166 0 0 0 0 0 0 0
0 0 0 0 0 0 0 133.378166 0 0 0 0 0 0 0 0 0 0 0 133.378166 0 0 0 0
0 0 0 0 0 0 0 133.378166 0 0 0 0 0 0 0 0 0 0 0 133.378166 0 0 0 0
0 0 0 0 0 0 0 0 0 0 133.378166 0 0 0 0 0 0 0 0 0 0
0 0 0 0 0 0 0 0 0 0 133.378166 0 0 0 0 0 0 0 0 0 0
