1
3 1 0 2
3 5 4 2
9 7 6 8
9 11 10 8
15 13 12 14
15 17 16 14
21 19 18 20
21 23 22 20
27 25 24 26
27 29 28 26
33 31 30 32
33 35 34 32
39 37 36 38
39 41 40 38
45 43 42 44
45 47 46 44
51 49 48 50
51 53 52 50
57 55 54 56
57 59 58 56
63 61 60 62
63 65 64 62
69 67 66 68
69 71 70 68
75 73 72 74
75 77 76 74
81 79 78 80
81 83 82 80
6 12 13 7
18 24 25 19
30 36 37 31
42 48 49 43
54 60 61 55
66 72 73 67
9 15 14 8
21 27 26 20
33 39 38 32
45 51 50 44
57 63 62 56
69 75 74 68
10 16 17 11
22 28 29 23
34 40 41 35
46 52 53 47
58 64 65 59
70 76 77 71
